data/UWS/CTD_bulk_raw/SO279/SO279_CTD_processed/SO279_36-1_CTD-03_processed.ros
* Sea-Bird SBE 9 Data File:
* FileName = D:\CTDData\SO279\SO279_36-1_CTD-01.hex
* Software Version Seasave V 7.26.1.8
* Temperature SN = 5938
* Conductivity SN = 4108
* Number of Bytes Per Scan = 41
* Number of Voltage Words = 4
* Number of Scans Averaged by the Deck Unit = 1
* NMEA Latitude = 30 53.53 N
* NMEA Longitude = 029 18.84 W
* NMEA UTC (Time) = Dec 16 2020  05:18:34
* NMEA baud rate = 4800
# nquan = 17
# nvalues = 1684                                  
# units = specified
# name 0 = depSM: Depth [salt water, m]
# name 1 = sal00: Salinity, Practical [PSU]
# name 2 = sal11: Salinity, Practical, 2 [PSU]
# name 3 = t090C: Temperature [ITS-90, deg C]
# name 4 = t190C: Temperature, 2 [ITS-90, deg C]
# name 5 = sbeox0Mm/L: Oxygen, SBE 43 [umol/l]
# name 6 = sbeox1Mm/L: Oxygen, SBE 43, 2 [umol/l]
# name 7 = flECO-AFL: Fluorescence, WET Labs ECO-AFL/FL [mg/m^3]
# name 8 = par: PAR/Irradiance, Biospherical/Licor
# name 9 = turbWETntu0: Turbidity, WET Labs ECO [NTU]
# name 10 = timeQ: Time, NMEA [seconds]
# name 11 = timeM: Time, Elapsed [minutes]
# name 12 = nbf: Bottles Fired
# name 13 = prDM: Pressure, Digiquartz [db]
# name 14 = timeS: Time, Elapsed [seconds]
# name 15 = scan: Scan Count
# name 16 = flag:  0.000e+00
# interval = seconds: 0.0416667
# start_time = Dec 16 2020 05:18:35 [NMEA time, first data scan]
# bad_flag = -9.990e-29
*END*
[from data line 1277]
     77.669    36.7910    36.7827    20.3594    20.3664    204.236    210.546     0.1454 1.0000e-12     0.1397  661423490   206.2611         19     78.222  12375.667     297017  0.000e+00
     77.682    36.7906    36.7826    20.3593    20.3669    204.116    210.557     0.1454 1.0000e-12     0.1397  661423490   206.2618         19     78.235  12375.708     297018  0.000e+00
     77.669    36.7907    36.7812    20.3586    20.3695    204.114    210.561     0.1454 1.0000e-12     0.1397  661423491   206.2625         19     78.222  12375.750     297019  0.000e+00
     77.682    36.7907    36.7807    20.3583    20.3704    204.111    210.580     0.1454 1.0000e-12     0.1397  661423491   206.2632         19     78.235  12375.792     297020  0.000e+00
     77.625    36.7911    36.7814    20.3578    20.3697    204.231    210.601     0.1454 1.0000e-12     0.1397  661423491   206.2639         19     78.177  12375.833     297021  0.000e+00
     77.682    36.7911    36.7813    20.3572    20.3694    204.369    210.612     0.1454 1.0000e-12     0.1397  661423491   206.2646         19     78.235  12375.875     297022  0.000e+00
     77.669    36.7910    36.7821    20.3569    20.3687    204.262    210.620     0.1454 1.0000e-12     0.1397  661423491   206.2653         19     78.222  12375.917     297023  0.000e+00
     77.637    36.7911    36.7822    20.3572    20.3678    204.263    210.491     0.1454 1.0000e-12     0.1397  661423491   206.2660         19     78.190  12375.958     297024  0.000e+00
     77.669    36.7913    36.7827    20.3569    20.3669    204.390    210.488     0.1454 1.0000e-12     0.1397  661423491   206.2667         19     78.222  12376.000     297025  0.000e+00
     77.682    36.7913    36.7819    20.3567    20.3672    204.400    210.482     0.1454 1.0000e-12     0.1397  661423491   206.2674         19     78.235  12376.042     297026  0.000e+00
     77.625    36.7917    36.7825    20.3563    20.3664    204.290    210.475     0.1454 1.0000e-12     0.1397  661423491   206.2681         19     78.177  12376.083     297027  0.000e+00
     77.682    36.7916    36.7822    20.3560    20.3667    204.425    210.605     0.1454 1.0000e-12     0.1397  661423491   206.2688         19     78.235  12376.125     297028  0.000e+00
     77.624    36.7922    36.7816    20.3555    20.3674    204.309    210.602     0.1454 1.0000e-12     0.1397  661423491   206.2694         19     78.177  12376.167     297029  0.000e+00
     77.682    36.7923    36.7822    20.3553    20.3676    204.311    210.465     0.1454 1.0000e-12     0.1397  661423491   206.2701         19     78.235  12376.208     297030  0.000e+00
     77.624    36.7925    36.7820    20.3552    20.3676    204.310    210.451     0.1454 1.0000e-12     0.1397  661423491   206.2708         19     78.177  12376.250     297031  0.000e+00
     77.682    36.7925    36.7824    20.3555    20.3674    204.317    210.440     0.1454 1.0000e-12     0.1397  661423491   206.2715         19     78.234  12376.292     297032  0.000e+00
     77.624    36.7921    36.7828    20.3560    20.3672    204.314    210.425     0.1454 1.0000e-12     0.1397  661423491   206.2722         19     78.177  12376.333     297033  0.000e+00
     77.637    36.7921    36.7825    20.3565    20.3676    204.319    210.409     0.1381 1.0000e-12     0.1397  661423491   206.2729         19     78.189  12376.375     297034  0.000e+00
     77.669    36.7911    36.7826    20.3570    20.3678    204.326    210.405     0.1308 1.0000e-12     0.1397  661423491   206.2736         19     78.222  12376.417     297035  0.000e+00
     77.637    36.7888    36.7827    20.3579    20.3678    204.331    210.388     0.1381 1.0000e-12     0.1397  661423491   206.2743         19     78.189  12376.458     297036  0.000e+00
     77.669    36.7870    36.7824    20.3578    20.3678    204.334    210.372     0.1381 1.0000e-12     0.1397  661423491   206.2750         19     78.221  12376.500     297037  0.000e+00
     77.637    36.7867    36.7829    20.3553    20.3680    204.225    210.352     0.1381 1.0000e-12     0.1397  661423491   206.2757         19     78.189  12376.542     297038  0.000e+00
     77.669    36.7861    36.7830    20.3530    20.3685    204.351    210.332     0.1308 1.0000e-12     0.1397  661423491   206.2764         19     78.221  12376.583     297039  0.000e+00
     77.637    36.7865    36.7829    20.3500    20.3690    204.244    210.172     0.1381 1.0000e-12     0.1397  661423491   206.2771         19     78.189  12376.625     297040  0.000e+00
     77.624    36.7879    36.7828    20.3441    20.3692    204.263    210.278     0.1381 1.0000e-12     0.1397  661423491   206.2778         19     78.176  12376.667     297041  0.000e+00
     77.681    36.7892    36.7830    20.3389    20.3690    204.282    210.259     0.1381 1.0000e-12     0.1397  661423491   206.2785         19     78.234  12376.708     297042  0.000e+00
     77.669    36.7911    36.7830    20.3354    20.3698    204.161    210.096     0.1381 1.0000e-12     0.1397  661423492   206.2792         19     78.221  12376.750     297043  0.000e+00
     77.637    36.7916    36.7825    20.3372    20.3711    204.271    210.059     0.1381 1.0000e-12     0.1397  661423492   206.2799         19     78.189  12376.792     297044  0.000e+00
     77.668    36.7905    36.7827    20.3416    20.3709    204.257    210.164     0.1381 1.0000e-12     0.1397  661423492   206.2806         19     78.221  12376.833     297045  0.000e+00
     77.681    36.7901    36.7828    20.3454    20.3707    204.114    210.141     0.1381 1.0000e-12     0.1397  661423492   206.2813         19     78.234  12376.875     297046  0.000e+00
     77.668    36.7897    36.7832    20.3474    20.3706    204.094    210.127     0.1381 1.0000e-12     0.1397  661423492   206.2819         19     78.221  12376.917     297047  0.000e+00
     77.681    36.7886    36.7833    20.3484    20.3700    204.203    209.978     0.1381 1.0000e-12     0.1397  661423492   206.2826         19     78.234  12376.958     297048  0.000e+00
     77.668    36.7866    36.7839    20.3480    20.3697    204.077    209.954     0.1381 1.0000e-12     0.1397  661423492   206.2833         19     78.221  12377.000     297049  0.000e+00
     77.681    36.7835    36.7835    20.3468    20.3700    204.073    209.929     0.1381 1.0000e-12     0.1397  661423492   206.2840         19     78.234  12377.042     297050  0.000e+00
     77.668    36.7824    36.7833    20.3437    20.3702    204.190    209.904     0.1381 1.0000e-12     0.1397  661423492   206.2847         19     78.221  12377.083     297051  0.000e+00
     77.681    36.7832    36.7835    20.3410    20.3703    204.195    209.879     0.1381 1.0000e-12     0.1397  661423492   206.2854         19     78.234  12377.125     297052  0.000e+00
     77.719    36.7838    36.7840    20.3398    20.3698    204.187    209.856     0.1381 1.0000e-12     0.1397  661423492   206.2861         19     78.272  12377.167     297053  0.000e+00
     77.681    36.7840    36.7835    20.3390    20.3700    204.175    209.831     0.1381 1.0000e-12     0.1397  661423492   206.2868         19     78.234  12377.208     297054  0.000e+00
     77.719    36.7840    36.7832    20.3392    20.3706    204.170    209.679     0.1381 1.0000e-12     0.1397  661423492   206.2875         19     78.272  12377.250     297055  0.000e+00
     77.732    36.7846    36.7835    20.3390    20.3709    204.288    209.655     0.1381 1.0000e-12     0.1397  661423492   206.2882         19     78.285  12377.292     297056  0.000e+00
     77.668    36.7845    36.7841    20.3394    20.3711    204.286    209.629     0.1381 1.0000e-12     0.1397  661423492   206.2889         19     78.221  12377.333     297057  0.000e+00
     77.732    36.7842    36.7837    20.3399    20.3716    204.163    209.608     0.1381 1.0000e-12     0.1397  661423492   206.2896         19     78.285  12377.375     297058  0.000e+00
     52.883    36.8352    36.8256    20.5224    20.5216    204.517    210.767     0.0722 1.0000e-12     0.1422  661423602   208.1243         20     53.256  12487.458     299700  0.000e+00
     52.883    36.8355    36.8263    20.5221    20.5214    204.516    210.769     0.0722 1.0000e-12     0.1422  661423602   208.1250         20     53.256  12487.500     299701  0.000e+00
     52.788    36.8353    36.8259    20.5224    20.5214    204.519    210.767     0.0722 1.0000e-12     0.1422  661423602   208.1257         20     53.160  12487.542     299702  0.000e+00
     52.928    36.8350    36.8263    20.5222    20.5209    204.405    210.771     0.0722 1.0000e-12     0.1422  661423602   208.1264         20     53.301  12487.583     299703  0.000e+00
     52.839    36.8341    36.8262    20.5221    20.5210    204.520    210.776     0.0722 1.0000e-12     0.1422  661423602   208.1271         20     53.211  12487.625     299704  0.000e+00
     52.883    36.8342    36.8259    20.5207    20.5212    204.524    210.647     0.0722 1.0000e-12     0.1422  661423602   208.1278         20     53.256  12487.667     299705  0.000e+00
     52.883    36.8333    36.8262    20.5200    20.5202    204.526    210.635     0.0722 1.0000e-12     0.1422  661423602   208.1285         20     53.256  12487.708     299706  0.000e+00
     52.838    36.8333    36.8267    20.5182    20.5192    204.529    210.767     0.0722 1.0000e-12     0.1422  661423603   208.1292         20     53.211  12487.750     299707  0.000e+00
     52.927    36.8341    36.8261    20.5163    20.5192    204.534    210.773     0.0722 1.0000e-12     0.1422  661423603   208.1299         20     53.301  12487.792     299708  0.000e+00
     52.883    36.8345    36.8263    20.5160    20.5188    204.538    210.775     0.0722 1.0000e-12     0.1422  661423603   208.1306         20     53.256  12487.833     299709  0.000e+00
     52.883    36.8333    36.8266    20.5169    20.5175    204.418    210.779     0.0722 1.0000e-12     0.1422  661423603   208.1312         20     53.256  12487.875     299710  0.000e+00
     52.876    36.8308    36.8262    20.5151    20.5165    204.424    210.783     0.0722 1.0000e-12     0.1422  661423603   208.1319         20     53.249  12487.917     299711  0.000e+00
     52.883    36.8303    36.8254    20.5096    20.5162    204.559    210.919     0.0795 1.0000e-12     0.1422  661423603   208.1326         20     53.256  12487.958     299712  0.000e+00
     52.927    36.8307    36.8241    20.5065    20.5165    204.569    210.927     0.0795 1.0000e-12     0.1422  661423603   208.1333         20     53.301  12488.000     299713  0.000e+00
     52.883    36.8314    36.8234    20.5054    20.5169    204.575    210.930     0.0795 1.0000e-12     0.1422  661423603   208.1340         20     53.256  12488.042     299714  0.000e+00
     52.883    36.8314    36.8218    20.5048    20.5176    204.451    210.933     0.0795 1.0000e-12     0.1422  661423603   208.1347         20     53.256  12488.083     299715  0.000e+00
     52.927    36.8318    36.8215    20.5048    20.5172    204.566    210.937     0.0795 1.0000e-12     0.1422  661423603   208.1354         20     53.300  12488.125     299716  0.000e+00
     52.882    36.8327    36.8231    20.5046    20.5151    204.561    210.941     0.0795 1.0000e-12     0.1422  661423603   208.1361         20     53.256  12488.167     299717  0.000e+00
     52.927    36.8328    36.8238    20.5051    20.5141    204.549    210.943     0.0795 1.0000e-12     0.1422  661423603   208.1368         20     53.300  12488.208     299718  0.000e+00
     52.927    36.8325    36.8233    20.5063    20.5147    204.418    210.937     0.0795 1.0000e-12     0.1422  661423603   208.1375         20     53.300  12488.250     299719  0.000e+00
     52.927    36.8320    36.8228    20.5070    20.5149    204.528    210.932     0.0795 1.0000e-12     0.1422  661423603   208.1382         20     53.300  12488.292     299720  0.000e+00
     52.882    36.8326    36.8224    20.5072    20.5154    204.521    210.921     0.0795 1.0000e-12     0.1422  661423603   208.1389         20     53.255  12488.333     299721  0.000e+00
     52.927    36.8325    36.8226    20.5082    20.5147    204.637    210.790     0.0795 1.0000e-12     0.1422  661423603   208.1396         20     53.300  12488.375     299722  0.000e+00
     52.927    36.8323    36.8240    20.5084    20.5119    204.632    210.789     0.0795 1.0000e-12     0.1422  661423603   208.1403         20     53.300  12488.417     299723  0.000e+00
     52.927    36.8320    36.8257    20.5079    20.5100    204.512    210.772     0.0795 1.0000e-12     0.1422  661423603   208.1410         20     53.300  12488.458     299724  0.000e+00
     52.927    36.8321    36.8244    20.5074    20.5119    204.507    210.755     0.0795 1.0000e-12     0.1422  661423603   208.1417         20     53.300  12488.500     299725  0.000e+00
     52.927    36.8322    36.8217    20.5072    20.5146    204.624    210.884     0.0795 1.0000e-12     0.1422  661423603   208.1424         20     53.300  12488.542     299726  0.000e+00
     52.927    36.8318    36.8204    20.5070    20.5158    204.502    210.878     0.0795 1.0000e-12     0.1422  661423603   208.1431         20     53.300  12488.583     299727  0.000e+00
     52.927    36.8325    36.8219    20.5066    20.5139    204.625    210.878     0.0795 1.0000e-12     0.1422  661423603   208.1438         20     53.300  12488.625     299728  0.000e+00
     52.926    36.8325    36.8231    20.5068    20.5128    204.500    210.875     0.0795 1.0000e-12     0.1422  661423603   208.1444         20     53.300  12488.667     299729  0.000e+00
     52.926    36.8330    36.8219    20.5073    20.5140    204.490    210.865     0.0795 1.0000e-12     0.1422  661423603   208.1451         20     53.300  12488.708     299730  0.000e+00
     52.977    36.8331    36.8208    20.5085    20.5154    204.485    210.854     0.0795 1.0000e-12     0.1422  661423604   208.1458         20     53.351  12488.750     299731  0.000e+00
     52.926    36.8343    36.8219    20.5087    20.5154    204.481    210.842     0.0795 1.0000e-12     0.1422  661423604   208.1465         20     53.300  12488.792     299732  0.000e+00
     52.926    36.8341    36.8242    20.5100    20.5134    204.352    210.836     0.0795 1.0000e-12     0.1422  661423604   208.1472         20     53.300  12488.833     299733  0.000e+00
     52.926    36.8336    36.8247    20.5113    20.5132    204.340    210.823     0.0795 1.0000e-12     0.1422  661423604   208.1479         20     53.300  12488.875     299734  0.000e+00
     52.977    36.8321    36.8251    20.5120    20.5142    204.333    210.818     0.0795 1.0000e-12     0.1422  661423604   208.1486         20     53.351  12488.917     299735  0.000e+00
     52.926    36.8317    36.8248    20.5115    20.5154    204.327    210.809     0.0795 1.0000e-12     0.1422  661423604   208.1493         20     53.300  12488.958     299736  0.000e+00
     52.926    36.8311    36.8251    20.5106    20.5163    204.447    210.801     0.0868 1.0000e-12     0.1422  661423604   208.1500         20     53.299  12489.000     299737  0.000e+00
     52.926    36.8316    36.8246    20.5098    20.5177    204.326    210.791     0.0868 1.0000e-12     0.1397  661423604   208.1507         20     53.299  12489.042     299738  0.000e+00
     52.926    36.8318    36.8241    20.5091    20.5192    204.322    210.780     0.0941 1.0000e-12     0.1373  661423604   208.1514         20     53.299  12489.083     299739  0.000e+00
     52.926    36.8323    36.8236    20.5089    20.5201    204.316    210.770     0.0941 1.0000e-12     0.1373  661423604   208.1521         20     53.299  12489.125     299740  0.000e+00
     52.926    36.8327    36.8244    20.5089    20.5205    204.186    210.634     0.0941 1.0000e-12     0.1373  661423604   208.1528         20     53.299  12489.167     299741  0.000e+00
