data/UWS/CTD_bulk_raw/SO279/SO279_CTD_processed/SO279_53-1_CTD-04_processed_DepthAVG.cnv
* Sea-Bird SBE 9 Data File:
* FileName = D:\CTDData\SO279\SO279_53-1_CTD-04.hex
* Software Version Seasave V 7.26.1.8
* Temperature SN = 5938
* Conductivity SN = 4108
* Number of Bytes Per Scan = 41
* Number of Voltage Words = 4
* Number of Scans Averaged by the Deck Unit = 1
* NMEA Latitude = 31 07.08 N
* NMEA Longitude = 033 48.97 W
* NMEA UTC (Time) = Dec 18 2020  11:51:30
* NMEA baud rate = 4800
# nquan = 16
# nvalues = 871                         
# units = specified
# name 0 = depSM: Depth [salt water, m]
# name 1 = sal00: Salinity, Practical [PSU]
# name 2 = sal11: Salinity, Practical, 2 [PSU]
# name 3 = t090C: Temperature [ITS-90, deg C]
# name 4 = t190C: Temperature, 2 [ITS-90, deg C]
# name 5 = sbeox0Mm/L: Oxygen, SBE 43 [umol/l]
# name 6 = sbeox1Mm/L: Oxygen, SBE 43, 2 [umol/l]
# name 7 = flECO-AFL: Fluorescence, WET Labs ECO-AFL/FL [mg/m^3]
# name 8 = par: PAR/Irradiance, Biospherical/Licor
# name 9 = turbWETntu0: Turbidity, WET Labs ECO [NTU]
# name 10 = timeQ: Time, NMEA [seconds]
# name 11 = timeM: Time, Elapsed [minutes]
# name 12 = nbf: Bottles Fired
# name 13 = prDM: Pressure, Digiquartz [db]
# name 14 = timeS: Time, Elapsed [seconds]
# name 15 = flag: flag
# span 0 =     10.000,   4360.000       
# span 1 =    31.7141,    37.6030       
# span 2 =    34.9016,    37.2049       
# span 3 =     2.4786,    21.7137       
# span 4 =     2.4796,    21.7141       
# span 5 =    116.887,    231.476       
# span 6 =    125.038,    236.555       
# span 7 =    -0.0648,     0.0837       
# span 8 = 1.0000e-12, 2.2006e-04       
# span 9 =     0.1162,     0.1372       
# span 10 =  661607430,  661614181      
# span 11 =    -1.0051,   111.5002      
# span 12 =          0,          0      
# span 13 =     10.070,   4436.015      
# span 14 =    -60.306,   6690.013      
# span 15 = 0.0000e+00, 0.0000e+00      
# interval = meters: 5                  
# start_time = Dec 18 2020 11:51:31 [NMEA time, first data scan]
# bad_flag = -9.990e-29
*END*
     10.000    31.7141    36.4868    21.6901    21.7096    116.887    125.038    -0.0005 1.0000e-12     0.1345  661607430    -1.0051          0     10.070    -60.306 0.0000e+00
     15.000    37.6030    37.2049    21.6985    21.6963    191.551    204.514     0.0146 1.0000e-12     0.1325  661607629     2.3130          0     15.105    138.779 0.0000e+00
     20.000    37.1620    37.1473    21.6951    21.6955    198.076    203.618     0.0309 1.0000e-12     0.1317  661607670     2.9980          0     20.140    179.882 0.0000e+00
     25.000    37.1674    37.1480    21.6957    21.6962    198.368    203.729     0.0452 1.0000e-12     0.1306  661607682     3.1847          0     25.175    191.082 0.0000e+00
     30.000    37.1674    37.1481    21.6964    21.6968    198.650    203.725     0.0578 1.0000e-12     0.1322  661607692     3.3535          0     30.211    201.212 0.0000e+00
     35.000    37.1674    37.1482    21.6974    21.6978    198.702    203.648     0.0615 1.0000e-12     0.1325  661607702     3.5172          0     35.246    211.030 0.0000e+00
     40.000    37.1675    37.1483    21.6978    21.6982    197.757    203.542     0.0607 1.0000e-12     0.1312  661607712     3.6861          0     40.282    221.164 0.0000e+00
     45.000    37.1673    37.1481    21.6987    21.6991    197.941    203.552     0.0714 1.0000e-12     0.1305  661607722     3.8605          0     45.317    231.633 0.0000e+00
     50.000    37.1668    37.1477    21.6991    21.6996    198.073    203.473     0.0718 1.0000e-12     0.1308  661607732     4.0180          0     50.353    241.081 0.0000e+00
     55.000    37.1668    37.1479    21.7002    21.7007    198.199    203.374     0.0748 1.0000e-12     0.1309  661607742     4.1881          0     55.389    251.284 0.0000e+00
     60.000    37.1668    37.1478    21.7016    21.7020    198.147    203.378     0.0731 1.0000e-12     0.1305  661607752     4.3634          0     60.425    261.806 0.0000e+00
     65.000    37.1672    37.1484    21.7034    21.7039    198.216    203.377     0.0688 1.0000e-12     0.1318  661607761     4.5007          0     65.462    270.041 0.0000e+00
     70.000    37.1675    37.1487    21.7049    21.7053    197.998    203.562     0.0706 1.0000e-12     0.1308  661607774     4.7220          0     70.498    283.320 0.0000e+00
     75.000    37.1674    37.1487    21.7059    21.7064    198.043    203.401     0.0718 1.0000e-12     0.1316  661607782     4.8560          0     75.535    291.359 0.0000e+00
     80.000    37.1673    37.1487    21.7065    21.7070    197.905    203.250     0.0697 1.0000e-12     0.1327  661607791     5.0149          0     80.571    300.892 0.0000e+00
     85.000    37.1671    37.1484    21.7064    21.7069    198.012    203.150     0.0654 1.0000e-12     0.1314  661607802     5.1962          0     85.608    311.775 0.0000e+00
     90.000    37.1671    37.1485    21.7083    21.7087    197.944    203.458     0.0739 1.0000e-12     0.1322  661607812     5.3548          0     90.645    321.285 0.0000e+00
     95.000    37.1671    37.1486    21.7097    21.7101    197.958    203.302     0.0688 1.0000e-12     0.1314  661607822     5.5206          0     95.682    331.236 0.0000e+00
    100.000    37.1670    37.1485    21.7104    21.7108    197.810    203.439     0.0731 1.0000e-12     0.1306  661607832     5.6962          0    100.719    341.770 0.0000e+00
    105.000    37.1670    37.1487    21.7116    21.7120    197.941    203.535     0.0689 1.0000e-12     0.1312  661607841     5.8473          0    105.756    350.837 0.0000e+00
    110.000    37.1670    37.1486    21.7121    21.7125    197.838    203.144     0.0771 1.0000e-12     0.1325  661607853     6.0344          0    110.793    362.066 0.0000e+00
    115.000    37.1670    37.1487    21.7131    21.7135    197.944    203.299     0.0761 1.0000e-12     0.1318  661607862     6.1881          0    115.831    371.283 0.0000e+00
    120.000    37.1668    37.1485    21.7136    21.7141    197.756    203.358     0.0823 1.0000e-12     0.1319  661607873     6.3757          0    120.869    382.544 0.0000e+00
    125.000    37.1666    37.1484    21.7137    21.7141    197.886    203.378     0.0714 1.0000e-12     0.1320  661607882     6.5291          0    125.906    391.749 0.0000e+00
    130.000    37.1657    37.1475    21.7097    21.7102    197.838    203.070     0.0696 1.0000e-12     0.1322  661607891     6.6672          0    130.944    400.031 0.0000e+00
    135.000    37.1634    37.1453    21.6985    21.6990    197.782    203.769     0.0728 1.0000e-12     0.1313  661607900     6.8189          0    135.982    409.136 0.0000e+00
    140.000    37.1140    37.0984    21.4456    21.4361    197.613    203.113     0.0747 1.0000e-12     0.1315  661607905     6.9145          0    141.020    414.871 0.0000e+00
    145.000    36.8356    36.8182    19.8436    19.8420    192.296    197.424     0.0790 1.0000e-12     0.1301  661607913     7.0439          0    146.058    422.636 0.0000e+00
    150.000    36.7801    36.7615    19.5746    19.5750    189.244    194.380     0.0837 1.0000e-12     0.1276  661607920     7.1534          0    151.097    429.203 0.0000e+00
    155.000    36.7622    36.7443    19.4948    19.4954    188.424    193.964     0.0825 1.0000e-12     0.1262  661607927     7.2668          0    156.135    436.008 0.0000e+00
    160.000    36.7429    36.7258    19.3875    19.3876    187.839    192.885     0.0742 1.0000e-12     0.1262  661607934     7.3851          0    161.174    443.105 0.0000e+00
    165.000    36.7172    36.7011    19.2219    19.2230    186.715    191.870     0.0508 1.0000e-12     0.1251  661607941     7.5103          0    166.212    450.616 0.0000e+00
    170.000    36.7015    36.6864    19.1259    19.1286    186.290    191.947     0.0342 1.0000e-12     0.1250  661607947     7.6111          0    171.251    456.664 0.0000e+00
    175.000    36.6922    36.6775    19.0640    19.0654    185.723    190.795     0.0070 1.0000e-12     0.1225  661607955     7.7466          0    176.290    464.794 0.0000e+00
    180.000    36.6715    36.6572    18.9476    18.9492    185.335    190.750     0.0109 1.0000e-12     0.1218  661607961     7.8416          0    181.329    470.499 0.0000e+00
    185.000    36.6525    36.6384    18.8407    18.8421    185.035    190.251     0.0013 1.0000e-12     0.1219  661607969     7.9756          0    186.369    478.535 0.0000e+00
    190.000    36.6309    36.6172    18.7182    18.7197    184.837    189.883    -0.0056 1.0000e-12     0.1207  661607975     8.0815          0    191.408    484.890 0.0000e+00
    195.000    36.6139    36.6001    18.6255    18.6269    185.021    190.679    -0.0112 1.0000e-12     0.1208  661607983     8.2096          0    196.447    492.576 0.0000e+00
    200.000    36.6049    36.5915    18.5671    18.5683    185.028    190.407    -0.0227 1.0000e-12     0.1211  661607989     8.3039          0    201.487    498.236 0.0000e+00
    205.000    36.5939    36.5805    18.5046    18.5067    184.606    189.911    -0.0210 1.0000e-12     0.1223  661607998     8.4562          0    206.527    507.374 0.0000e+00
    210.000    36.5779    36.5651    18.4022    18.4033    184.531    190.202    -0.0266 1.0000e-12     0.1208  661608003     8.5344          0    211.566    512.066 0.0000e+00
    215.000    36.5623    36.5489    18.3102    18.3065    183.859    188.722    -0.0304 1.0000e-12     0.1207  661608011     8.6809          0    216.606    520.851 0.0000e+00
    220.000    36.5511    36.5380    18.2415    18.2423    183.816    188.653    -0.0253 1.0000e-12     0.1232  661608017     8.7680          0    221.646    526.081 0.0000e+00
    225.000    36.5407    36.5279    18.1857    18.1879    183.567    189.074    -0.0306 1.0000e-12     0.1233  661608025     8.9091          0    226.687    534.549 0.0000e+00
    230.000    36.5175    36.5048    18.0382    18.0401    183.456    189.092    -0.0307 1.0000e-12     0.1211  661608031     9.0129          0    231.727    540.776 0.0000e+00
    235.000    36.4932    36.4805    17.8848    17.8867    182.879    188.106    -0.0380 1.0000e-12     0.1219  661608038     9.1314          0    236.767    547.882 0.0000e+00
    240.000    36.4659    36.4534    17.7145    17.7158    182.531    187.790    -0.0438 1.0000e-12     0.1221  661608045     9.2484          0    241.808    554.903 0.0000e+00
    245.000    36.4501    36.4374    17.6216    17.6238    181.989    187.525    -0.0465 1.0000e-12     0.1199  661608052     9.3628          0    246.849    561.767 0.0000e+00
    250.000    36.4352    36.4225    17.5299    17.5315    181.860    186.805    -0.0497 1.0000e-12     0.1202  661608060     9.4861          0    251.889    569.163 0.0000e+00
    255.000    36.4267    36.4140    17.4803    17.4821    181.516    186.617    -0.0512 1.0000e-12     0.1209  661608066     9.5832          0    256.930    574.992 0.0000e+00
    260.000    36.4169    36.4041    17.4213    17.4217    181.458    186.695    -0.0580 1.0000e-12     0.1200  661608075     9.7328          0    261.971    583.966 0.0000e+00
    265.000    36.3984    36.3863    17.2960    17.2974    181.245    186.865    -0.0602 1.0000e-12     0.1189  661608080     9.8180          0    267.012    589.078 0.0000e+00
    270.000    36.3830    36.3705    17.2113    17.2101    181.307    186.457    -0.0598 1.0000e-12     0.1199  661608088     9.9564          0    272.054    597.382 0.0000e+00
    275.000    36.3723    36.3598    17.1411    17.1426    181.313    186.289    -0.0598 1.0000e-12     0.1162  661608094    10.0593          0    277.095    603.559 0.0000e+00
    280.000    36.3695    36.3571    17.1297    17.1303    181.205    186.328    -0.0618 1.0000e-12     0.1189  661608101    10.1789          0    282.137    610.733 0.0000e+00
    285.000    36.3526    36.3405    17.0081    17.0099    181.276    186.407    -0.0613 1.0000e-12     0.1203  661608108    10.2973          0    287.178    617.840 0.0000e+00
    290.000    36.3435    36.3329    16.9573    16.9725    181.129    186.171    -0.0613 1.0000e-12     0.1180  661608115    10.4083          0    292.220    624.497 0.0000e+00
    295.000    36.3154    36.3035    16.7642    16.7662    181.007    186.055    -0.0648 1.0000e-12     0.1178  661608122    10.5263          0    297.262    631.579 0.0000e+00
    300.000    36.3015    36.2876    16.6865    16.6791    181.395    186.488    -0.0598 1.0000e-12     0.1188  661608129    10.6402          0    302.304    638.412 0.0000e+00
    305.000    36.2878    36.2753    16.6089    16.6104    181.451    186.123    -0.0567 1.0000e-12     0.1202  661608136    10.7607          0    307.346    645.640 0.0000e+00
    310.000    36.2765    36.2641    16.5418    16.5434    182.005    187.232    -0.0596 1.0000e-12     0.1209  661608143    10.8743          0    312.388    652.457 0.0000e+00
    315.000    36.2643    36.2519    16.4650    16.4666    181.954    187.048    -0.0554 1.0000e-12     0.1195  661608150    10.9935          0    317.431    659.611 0.0000e+00
    320.000    36.2567    36.2442    16.4181    16.4197    181.765    186.745    -0.0601 1.0000e-12     0.1202  661608157    11.1108          0    322.473    666.647 0.0000e+00
    325.000    36.2523    36.2399    16.3956    16.3969    181.686    186.714    -0.0535 1.0000e-12     0.1205  661608164    11.2246          0    327.516    673.476 0.0000e+00
    330.000    36.2360    36.2237    16.2880    16.2892    181.593    186.622    -0.0529 1.0000e-12     0.1202  661608171    11.3405          0    332.559    680.431 0.0000e+00
    335.000    36.2204    36.2081    16.1922    16.1935    181.805    186.781    -0.0470 1.0000e-12     0.1196  661608178    11.4605          0    337.602    687.632 0.0000e+00
    340.000    36.2084    36.1962    16.1163    16.1182    181.695    186.831    -0.0509 1.0000e-12     0.1212  661608185    11.5756          0    342.645    694.538 0.0000e+00
    345.000    36.1962    36.1838    16.0401    16.0417    181.492    186.605    -0.0503 1.0000e-12     0.1193  661608192    11.6931          0    347.688    701.588 0.0000e+00
    350.000    36.1812    36.1690    15.9453    15.9468    181.176    185.883    -0.0524 1.0000e-12     0.1208  661608200    11.8275          0    352.731    709.650 0.0000e+00
    355.000    36.1690    36.1567    15.8696    15.8708    180.922    186.023    -0.0568 1.0000e-12     0.1224  661608206    11.9167          0    357.774    715.001 0.0000e+00
    360.000    36.1539    36.1411    15.7780    15.7776    180.738    185.274    -0.0497 1.0000e-12     0.1207  661608216    12.0847          0    362.818    725.084 0.0000e+00
    365.000    36.1398    36.1275    15.6833    15.6848    180.432    185.187    -0.0556 1.0000e-12     0.1203  661608220    12.1499          0    367.861    728.993 0.0000e+00
    370.000    36.1272    36.1151    15.6120    15.6135    180.163    185.092    -0.0472 1.0000e-12     0.1218  661608229    12.3072          0    372.905    738.429 0.0000e+00
    375.000    36.1173    36.1050    15.5492    15.5511    179.982    184.291    -0.0498 1.0000e-12     0.1212  661608234    12.3959          0    377.949    743.754 0.0000e+00
    380.000    36.1126    36.1001    15.5248    15.5263    179.779    184.606    -0.0384 1.0000e-12     0.1317  661608243    12.5410          0    382.993    752.458 0.0000e+00
    385.000    36.0936    36.0812    15.3919    15.3929    179.534    183.984    -0.0444 1.0000e-12     0.1235  661608249    12.6411          0    388.037    758.464 0.0000e+00
    390.000    36.0765    36.0645    15.2876    15.2884    179.201    183.388    -0.0470 1.0000e-12     0.1206  661608258    12.7890          0    393.081    767.342 0.0000e+00
    395.000    36.0643    36.0515    15.2040    15.1958    179.167    183.057    -0.0419 1.0000e-12     0.1223  661608264    12.8843          0    398.126    773.056 0.0000e+00
    400.000    36.0524    36.0401    15.1239    15.1235    178.691    183.026    -0.0418 1.0000e-12     0.1230  661608270    12.9902          0    403.170    779.413 0.0000e+00
    405.000    36.0432    36.0311    15.0692    15.0735    178.494    182.933    -0.0392 1.0000e-12     0.1239  661608279    13.1426          0    408.215    788.554 0.0000e+00
    410.000    36.0266    36.0143    14.9519    14.9538    178.442    182.406    -0.0394 1.0000e-12     0.1225  661608285    13.2376          0    413.259    794.257 0.0000e+00
    415.000    36.0152    36.0030    14.8814    14.8830    178.324    182.334    -0.0376 1.0000e-12     0.1232  661608292    13.3643          0    418.304    801.856 0.0000e+00
    420.000    36.0061    35.9938    14.8274    14.8292    177.869    181.935    -0.0347 1.0000e-12     0.1239  661608300    13.4836          0    423.349    809.018 0.0000e+00
    425.000    35.9970    35.9848    14.7555    14.7571    177.786    181.426    -0.0340 1.0000e-12     0.1240  661608306    13.5888          0    428.394    815.328 0.0000e+00
    430.000    35.9890    35.9767    14.7091    14.7108    177.951    181.389    -0.0312 1.0000e-12     0.1241  661608314    13.7172          0    433.439    823.032 0.0000e+00
    435.000    35.9776    35.9655    14.6267    14.6285    177.784    181.552    -0.0360 1.0000e-12     0.1247  661608321    13.8399          0    438.485    830.392 0.0000e+00
    440.000    35.9658    35.9536    14.5471    14.5489    177.924    181.219    -0.0261 1.0000e-12     0.1248  661608327    13.9428          0    443.530    836.565 0.0000e+00
    445.000    35.9503    35.9379    14.4472    14.4488    177.725    181.055    -0.0230 1.0000e-12     0.1245  661608336    14.0959          0    448.576    845.757 0.0000e+00
    450.000    35.9434    35.9310    14.3940    14.3965    177.818    180.951    -0.0332 1.0000e-12     0.1235  661608341    14.1758          0    453.621    850.546 0.0000e+00
    455.000    35.9373    35.9250    14.3563    14.3579    177.753    180.529    -0.0284 1.0000e-12     0.1242  661608350    14.3265          0    458.667    859.588 0.0000e+00
