data/UWS/CTD_bulk_raw/SO279/SO279_CTD_processed/SO279_22-1_CTD-02_processed.ros
* Sea-Bird SBE 9 Data File:
* FileName = D:\CTDData\SO279\SO279_22-1_CTD-01.hex
* Software Version Seasave V 7.26.1.8
* Temperature SN = 5938
* Conductivity SN = 4108
* Number of Bytes Per Scan = 41
* Number of Voltage Words = 4
* Number of Scans Averaged by the Deck Unit = 1
* NMEA Latitude = 31 16.05 N
* NMEA Longitude = 024 48.73 W
* NMEA UTC (Time) = Dec 14 2020  00:25:11
* NMEA baud rate = 4800
# nquan = 17
# nvalues = 1450                                  
# units = specified
# name 0 = depSM: Depth [salt water, m]
# name 1 = sal00: Salinity, Practical [PSU]
# name 2 = sal11: Salinity, Practical, 2 [PSU]
# name 3 = t090C: Temperature [ITS-90, deg C]
# name 4 = t190C: Temperature, 2 [ITS-90, deg C]
# name 5 = sbeox0Mm/L: Oxygen, SBE 43 [umol/l]
# name 6 = sbeox1Mm/L: Oxygen, SBE 43, 2 [umol/l]
# name 7 = flECO-AFL: Fluorescence, WET Labs ECO-AFL/FL [mg/m^3]
# name 8 = par: PAR/Irradiance, Biospherical/Licor
# name 9 = turbWETntu0: Turbidity, WET Labs ECO [NTU]
# name 10 = timeQ: Time, NMEA [seconds]
# name 11 = timeM: Time, Elapsed [minutes]
# name 12 = nbf: Bottles Fired
# name 13 = prDM: Pressure, Digiquartz [db]
# name 14 = timeS: Time, Elapsed [seconds]
# name 15 = scan: Scan Count
# name 16 = flag:  0.000e+00
# interval = seconds: 0.0416667
# start_time = Dec 14 2020 00:25:12 [NMEA time, first data scan]
# bad_flag = -9.990e-29
*END*
[from data line 937]
    117.569    36.6311    36.6242    19.1040    19.1352    189.746    194.945     0.1747 9.0622e-03     0.1446  661234778   234.4444         16    118.421  14066.667     337601  0.000e+00
    117.525    36.6334    36.6236    19.1084    19.1352    189.716    194.954     0.1747 9.0622e-03     0.1446  661234778   234.4451         16    118.376  14066.708     337602  0.000e+00
    117.474    36.6337    36.6234    19.1141    19.1327    189.559    194.965     0.1821 9.0622e-03     0.1446  661234779   234.4458         17    118.325  14066.750     337603  0.000e+00
    117.340    36.6332    36.6231    19.1169    19.1317    189.657    194.976     0.1747 9.0622e-03     0.1446  661234779   234.4465         17    118.190  14066.792     337604  0.000e+00
    117.429    36.6318    36.6228    19.1169    19.1301    189.647    194.989     0.1821 9.0622e-03     0.1446  661234779   234.4472         17    118.280  14066.833     337605  0.000e+00
    117.296    36.6317    36.6230    19.1157    19.1291    189.767    195.131     0.1894 9.0622e-03     0.1470  661234779   234.4479         17    118.145  14066.875     337606  0.000e+00
    117.245    36.6316    36.6222    19.1140    19.1279    189.774    195.140     0.2040 9.0622e-03     0.1470  661234779   234.4486         17    118.094  14066.917     337607  0.000e+00
    117.200    36.6326    36.6230    19.1133    19.1243    189.774    195.150     0.2114 9.0622e-03     0.1470  661234779   234.4493         17    118.049  14066.958     337608  0.000e+00
    117.149    36.6360    36.6239    19.1162    19.1227    189.883    195.147     0.2114 8.8871e-03     0.1470  661234779   234.4500         17    117.998  14067.000     337609  0.000e+00
    117.060    36.6389    36.6241    19.1256    19.1244    189.846    194.997     0.2040 8.8871e-03     0.1470  661234779   234.4507         17    117.908  14067.042     337610  0.000e+00
    117.054    36.6408    36.6258    19.1337    19.1300    189.812    195.100     0.2040 8.8871e-03     0.1470  661234779   234.4514         17    117.901  14067.083     337611  0.000e+00
    117.009    36.6411    36.6269    19.1401    19.1385    189.917    195.058     0.2040 8.8871e-03     0.1470  661234779   234.4521         17    117.856  14067.125     337612  0.000e+00
    116.964    36.6402    36.6282    19.1446    19.1428    189.787    195.166     0.2040 8.8871e-03     0.1470  661234779   234.4528         17    117.812  14067.167     337613  0.000e+00
    116.913    36.6399    36.6290    19.1472    19.1447    189.780    195.147     0.2040 8.8871e-03     0.1470  661234779   234.4535         17    117.760  14067.208     337614  0.000e+00
    116.780    36.6391    36.6293    19.1493    19.1477    189.771    195.118     0.2114 8.8871e-03     0.1470  661234779   234.4542         17    117.625  14067.250     337615  0.000e+00
    116.818    36.6385    36.6292    19.1498    19.1509    189.896    195.086     0.2040 8.8871e-03     0.1470  661234779   234.4549         17    117.664  14067.292     337616  0.000e+00
    116.780    36.6377    36.6293    19.1503    19.1537    189.896    195.189     0.2040 8.8871e-03     0.1470  661234779   234.4556         17    117.625  14067.333     337617  0.000e+00
    116.678    36.6371    36.6299    19.1491    19.1569    190.033    195.023     0.2040 8.8871e-03     0.1470  661234779   234.4563         17    117.523  14067.375     337618  0.000e+00
    116.684    36.6365    36.6306    19.1468    19.1603    190.053    194.984     0.2040 8.8871e-03     0.1470  661234779   234.4569         17    117.529  14067.417     337619  0.000e+00
    116.582    36.6361    36.6307    19.1457    19.1631    190.064    194.951     0.2040 8.8871e-03     0.1470  661234779   234.4576         17    117.427  14067.458     337620  0.000e+00
    116.589    36.6363    36.6314    19.1446    19.1657    190.200    194.916     0.2040 8.8871e-03     0.1470  661234779   234.4583         17    117.433  14067.500     337621  0.000e+00
    116.493    36.6377    36.6315    19.1446    19.1678    190.205    195.019     0.2114 8.8871e-03     0.1470  661234779   234.4590         17    117.337  14067.542     337622  0.000e+00
    116.499    36.6385    36.6316    19.1455    19.1688    190.079    194.992     0.2114 8.8871e-03     0.1470  661234779   234.4597         17    117.343  14067.583     337623  0.000e+00
    116.442    36.6383    36.6303    19.1462    19.1687    190.078    194.976     0.2040 8.8871e-03     0.1470  661234779   234.4604         17    117.285  14067.625     337624  0.000e+00
    116.353    36.6381    36.6299    19.1463    19.1642    190.075    194.968     0.2040 9.0622e-03     0.1470  661234779   234.4611         17    117.196  14067.667     337625  0.000e+00
    116.404    36.6380    36.6296    19.1467    19.1590    190.071    194.962     0.2040 8.8871e-03     0.1470  661234779   234.4618         17    117.247  14067.708     337626  0.000e+00
    116.302    36.6377    36.6302    19.1463    19.1562    190.192    194.937     0.2040 8.8871e-03     0.1470  661234780   234.4625         17    117.144  14067.750     337627  0.000e+00
    116.264    36.6373    36.6299    19.1460    19.1562    190.192    194.912     0.2114 8.8871e-03     0.1470  661234780   234.4632         17    117.106  14067.792     337628  0.000e+00
    116.213    36.6374    36.6297    19.1451    19.1544    190.317    194.889     0.2040 9.0622e-03     0.1470  661234780   234.4639         17    117.054  14067.833     337629  0.000e+00
    116.213    36.6373    36.6291    19.1441    19.1553    190.328    195.008     0.2040 8.8871e-03     0.1470  661234780   234.4646         17    117.054  14067.875     337630  0.000e+00
    116.162    36.6387    36.6300    19.1446    19.1581    190.327    194.983     0.2040 8.8871e-03     0.1470  661234780   234.4653         17    117.003  14067.917     337631  0.000e+00
    116.124    36.6393    36.6320    19.1477    19.1614    190.444    194.951     0.2040 9.0622e-03     0.1470  661234780   234.4660         17    116.965  14067.958     337632  0.000e+00
    116.022    36.6408    36.6326    19.1496    19.1643    190.438    194.915     0.2114 9.0622e-03     0.1470  661234780   234.4667         17    116.862  14068.000     337633  0.000e+00
    116.073    36.6430    36.6319    19.1498    19.1662    190.437    194.884     0.2040 9.0622e-03     0.1470  661234780   234.4674         17    116.913  14068.042     337634  0.000e+00
    115.977    36.6426    36.6304    19.1523    19.1669    190.425    194.862     0.2040 9.0622e-03     0.1470  661234780   234.4681         17    116.817  14068.083     337635  0.000e+00
    115.977    36.6412    36.6294    19.1542    19.1668    190.414    194.841     0.2114 9.0622e-03     0.1470  661234780   234.4688         17    116.817  14068.125     337636  0.000e+00
    115.888    36.6396    36.6284    19.1549    19.1669    190.530    194.813     0.2040 9.0622e-03     0.1470  661234780   234.4694         17    116.727  14068.167     337637  0.000e+00
    115.926    36.6393    36.6305    19.1541    19.1642    190.409    194.804     0.2040 9.0622e-03     0.1470  661234780   234.4701         17    116.766  14068.208     337638  0.000e+00
    115.843    36.6386    36.6332    19.1537    19.1614    190.401    194.787     0.2040 9.0622e-03     0.1470  661234780   234.4708         17    116.682  14068.250     337639  0.000e+00
    115.837    36.6384    36.6341    19.1522    19.1615    190.524    194.902     0.2040 9.0622e-03     0.1470  661234780   234.4715         17    116.676  14068.292     337640  0.000e+00
    115.793    36.6344    36.6327    19.1498    19.1645    190.529    194.875     0.2040 9.0622e-03     0.1470  661234780   234.4722         17    116.631  14068.333     337641  0.000e+00
    115.742    36.6320    36.6340    19.1295    19.1631    190.591    195.010     0.2114 9.0622e-03     0.1470  661234780   234.4729         17    116.580  14068.375     337642  0.000e+00
    115.748    36.6310    36.6322    19.1065    19.1622    190.676    195.014     0.2040 9.0622e-03     0.1470  661234780   234.4736         17    116.586  14068.417     337643  0.000e+00
    115.697    36.6284    36.6311    19.0961    19.1593    190.713    195.020     0.2040 9.0622e-03     0.1470  661234780   234.4743         17    116.535  14068.458     337644  0.000e+00
    115.646    36.6285    36.6308    19.0862    19.1548    190.743    195.038     0.2040 9.0622e-03     0.1470  661234780   234.4750         17    116.483  14068.500     337645  0.000e+00
    115.652    36.6280    36.6314    19.0731    19.1423    190.904    195.081     0.2040 9.0622e-03     0.1470  661234780   234.4757         17    116.490  14068.542     337646  0.000e+00
    115.601    36.6259    36.6281    19.0615    19.1282    190.808    195.129     0.2114 9.0622e-03     0.1470  661234780   234.4764         17    116.438  14068.583     337647  0.000e+00
    115.608    36.6252    36.6296    19.0529    19.1135    190.826    195.173     0.2040 9.0622e-03     0.1470  661234780   234.4771         17    116.445  14068.625     337648  0.000e+00
    115.506    36.6246    36.6305    19.0460    19.1022    190.960    195.340     0.2040 9.0622e-03     0.1470  661234780   234.4778         17    116.342  14068.667     337649  0.000e+00
    115.608    36.6236    36.6282    19.0400    19.0955    190.853    195.379     0.2040 9.0622e-03     0.1470  661234780   234.4785         17    116.445  14068.708     337650  0.000e+00
    115.461    36.6258    36.6248    19.0334    19.0927    190.856    195.395     0.2114 9.2379e-03     0.1470  661234781   234.4792         17    116.297  14068.750     337651  0.000e+00
    115.506    36.6281    36.6211    19.0324    19.0878    190.833    195.563     0.2040 9.2379e-03     0.1470  661234781   234.4799         17    116.342  14068.792     337652  0.000e+00
    115.468    36.6302    36.6214    19.0364    19.0806    190.796    195.598     0.2114 9.2379e-03     0.1470  661234781   234.4806         17    116.304  14068.833     337653  0.000e+00
    115.461    36.6325    36.6224    19.0429    19.0781    190.748    195.612     0.2114 9.2379e-03     0.1470  661234781   234.4812         17    116.297  14068.875     337654  0.000e+00
    115.417    36.6326    36.6252    19.0515    19.0792    190.699    195.619     0.2040 9.2379e-03     0.1470  661234781   234.4819         17    116.252  14068.917     337655  0.000e+00
    115.417    36.6319    36.6258    19.0587    19.0830    190.656    195.617     0.2040 9.2379e-03     0.1470  661234781   234.4826         17    116.252  14068.958     337656  0.000e+00
    115.372    36.6321    36.6244    19.0640    19.0823    190.614    195.628     0.2040 9.2379e-03     0.1470  661234781   234.4833         17    116.207  14069.000     337657  0.000e+00
    115.366    36.6327    36.6220    19.0694    19.0794    190.707    195.646     0.2040 9.2379e-03     0.1470  661234781   234.4840         17    116.201  14069.042     337658  0.000e+00
    115.366    36.6326    36.6219    19.0749    19.0774    190.678    195.642     0.2114 9.2379e-03     0.1470  661234781   234.4847         17    116.201  14069.083     337659  0.000e+00
    115.328    36.6315    36.6225    19.0780    19.0812    190.527    195.624     0.2040 9.2379e-03     0.1470  661234781   234.4854         17    116.162  14069.125     337660  0.000e+00
    115.321    36.6304    36.6229    19.0789    19.0877    190.511    195.595     0.2040 9.2379e-03     0.1470  661234781   234.4861         17    116.156  14069.167     337661  0.000e+00
    115.328    36.6308    36.6221    19.0800    19.0911    190.483    195.729     0.2040 9.2379e-03     0.1470  661234781   234.4868         17    116.162  14069.208     337662  0.000e+00
    115.270    36.6319    36.6229    19.0823    19.0877    190.447    195.750     0.2040 9.2379e-03     0.1470  661234781   234.4875         17    116.105  14069.250     337663  0.000e+00
    115.232    36.6327    36.6202    19.0852    19.0831    190.279    195.776     0.2114 9.2379e-03     0.1470  661234781   234.4882         17    116.066  14069.292     337664  0.000e+00
    115.270    36.6345    36.6174    19.0891    19.0772    190.236    195.948     0.2040 9.2379e-03     0.1470  661234781   234.4889         17    116.105  14069.333     337665  0.000e+00
    115.226    36.6338    36.6179    19.0936    19.0724    190.190    195.988     0.2114 9.2379e-03     0.1470  661234781   234.4896         17    116.060  14069.375     337666  0.000e+00
    115.232    36.6312    36.6167    19.0938    19.0690    190.169    196.010     0.2114 9.2379e-03     0.1470  661234781   234.4903         17    116.066  14069.417     337667  0.000e+00
    115.226    36.6288    36.6147    19.0895    19.0624    190.163    196.183     0.2040 9.2379e-03     0.1470  661234781   234.4910         17    116.060  14069.458     337668  0.000e+00
    115.187    36.6270    36.6135    19.0845    19.0546    190.156    196.223     0.2040 9.2379e-03     0.1470  661234781   234.4917         17    116.021  14069.500     337669  0.000e+00
    115.181    36.6266    36.6134    19.0795    19.0473    190.156    196.257     0.2114 9.2379e-03     0.1470  661234781   234.4924         17    116.015  14069.542     337670  0.000e+00
    115.187    36.6280    36.6135    19.0763    19.0413    190.147    196.151     0.2040 9.2379e-03     0.1470  661234781   234.4931         17    116.021  14069.583     337671  0.000e+00
    115.181    36.6286    36.6139    19.0756    19.0368    189.993    196.309     0.2114 9.2379e-03     0.1470  661234781   234.4938         17    116.015  14069.625     337672  0.000e+00
    115.181    36.6262    36.6139    19.0728    19.0345    190.098    196.326     0.2040 9.2379e-03     0.1470  661234781   234.4944         17    116.015  14069.667     337673  0.000e+00
    115.187    36.6258    36.6156    19.0644    19.0330    189.971    196.333     0.2040 9.2379e-03     0.1470  661234782   234.4951         17    116.021  14069.708     337674  0.000e+00
    115.130    36.6269    36.6180    19.0602    19.0372    189.946    196.315     0.2114 9.2379e-03     0.1470  661234782   234.4958         17    115.963  14069.750     337675  0.000e+00
     82.275    36.9309    36.9201    20.6966    20.6922    202.919    209.385     0.1161 7.1624e-03     0.1422  661234838   235.4424         18     82.864  14126.542     339038  0.000e+00
     82.338    36.9309    36.9199    20.6967    20.6927    203.035    209.374     0.1161 7.1624e-03     0.1422  661234838   235.4431         18     82.928  14126.583     339039  0.000e+00
     82.319    36.9308    36.9198    20.6972    20.6927    202.909    209.362     0.1235 7.1624e-03     0.1422  661234838   235.4437         18     82.909  14126.625     339040  0.000e+00
     82.198    36.9309    36.9196    20.6969    20.6922    202.900    209.211     0.1235 7.1624e-03     0.1422  661234838   235.4444         18     82.787  14126.667     339041  0.000e+00
     82.275    36.9301    36.9192    20.6965    20.6913    202.898    209.192     0.1161 7.1624e-03     0.1422  661234839   235.4451         18     82.864  14126.708     339042  0.000e+00
     82.224    36.9297    36.9187    20.6950    20.6906    202.896    209.180     0.1161 7.1624e-03     0.1422  661234839   235.4458         18     82.812  14126.750     339043  0.000e+00
     82.198    36.9292    36.9192    20.6930    20.6897    202.898    209.303     0.1161 7.1624e-03     0.1422  661234839   235.4465         18     82.787  14126.792     339044  0.000e+00
     82.135    36.9290    36.9189    20.6912    20.6897    202.905    209.296     0.1161 6.9926e-03     0.1422  661234839   235.4472         18     82.723  14126.833     339045  0.000e+00
     82.148    36.9288    36.9180    20.6903    20.6895    202.912    209.293     0.1161 6.9926e-03     0.1422  661234839   235.4479         18     82.735  14126.875     339046  0.000e+00
