data/UWS/CTD_bulk_raw/SO279/SO279_CTD_processed/SO279_102-1_CTD-07_processedDepthAVG.cnv
* Sea-Bird SBE 9 Data File:
* FileName = D:\CTDData\SO279\SO279_102-1_CTD-07.hex
* Software Version Seasave V 7.26.1.8
* Temperature SN = 5938
* Conductivity SN = 4108
* Number of Bytes Per Scan = 41
* Number of Voltage Words = 4
* Number of Scans Averaged by the Deck Unit = 1
* NMEA Latitude = 35 00.00 N
* NMEA Longitude = 021 00.00 W
* NMEA UTC (Time) = Dec 27 2020  07:53:18
* NMEA baud rate = 4800
# nquan = 16
# nvalues = 1021                        
# units = specified
# name 0 = depSM: Depth [salt water, m]
# name 1 = sal00: Salinity, Practical [PSU]
# name 2 = sal11: Salinity, Practical, 2 [PSU]
# name 3 = t090C: Temperature [ITS-90, deg C]
# name 4 = t190C: Temperature, 2 [ITS-90, deg C]
# name 5 = sbeox0Mm/L: Oxygen, SBE 43 [umol/l]
# name 6 = sbeox1Mm/L: Oxygen, SBE 43, 2 [umol/l]
# name 7 = flECO-AFL: Fluorescence, WET Labs ECO-AFL/FL [mg/m^3]
# name 8 = par: PAR/Irradiance, Biospherical/Licor
# name 9 = turbWETntu0: Turbidity, WET Labs ECO [NTU]
# name 10 = timeQ: Time, NMEA [seconds]
# name 11 = timeM: Time, Elapsed [minutes]
# name 12 = nbf: Bottles Fired
# name 13 = prDM: Pressure, Digiquartz [db]
# name 14 = timeS: Time, Elapsed [seconds]
# name 15 = flag: flag
# span 0 =     10.000,   5110.000       
# span 1 =    34.9301,    36.7347       
# span 2 =    34.8916,    36.5623       
# span 3 =     2.4290,    18.1199       
# span 4 =     2.4298,    18.1206       
# span 5 =    174.702,    710.014       
# span 6 =    165.923,    241.951       
# span 7 =    -0.3030,     0.1419       
# span 8 = -5.515e-06, 1.3112e-04       
# span 9 =     0.1065,     0.1360       
# span 10 =  662370836,  662378571      
# span 11 =     0.6195,   129.5402      
# span 12 =          0,          0      
# span 13 =     10.073,   5209.797      
# span 14 =     37.170,   7772.412      
# span 15 = 0.0000e+00, 0.0000e+00      
# interval = meters: 5                  
# start_time = Dec 27 2020 07:53:19 [NMEA time, first data scan]
# bad_flag = -9.990e-29
*END*
[from data line 272]
   1370.000    35.5772    35.5497     7.3646     7.3663    636.086    199.997    -0.0029 1.0000e-12     0.1273  662372990    36.5215          0   1384.552   2191.290 0.0000e+00
   1375.000    35.5774    35.5499     7.3667     7.3683    651.027    199.977    -0.0039 1.0000e-12     0.1271  662372997    36.6378          0   1389.622   2198.270 0.0000e+00
   1380.000    35.5695    35.5416     7.3115     7.3071    669.801    200.410    -0.0047 1.0000e-12     0.1264  662373004    36.7655          0   1394.692   2205.933 0.0000e+00
   1385.000    35.5291    35.5014     7.0201     7.0212    668.355    202.794    -0.0044 1.0000e-12     0.1274  662373012    36.8877          0   1399.762   2213.261 0.0000e+00
   1390.000    35.5232    35.4953     7.0000     7.0016    668.412    204.995    -0.0064 1.0000e-12     0.1275  662373020    37.0178          0   1404.832   2221.068 0.0000e+00
   1395.000    35.5226    35.4950     7.0022     7.0041    672.162    204.431    -0.0042 1.0000e-12     0.1280  662373027    37.1398          0   1409.902   2228.388 0.0000e+00
   1400.000    35.5223    35.4950     7.0043     7.0060    674.253    204.242    -0.0033 1.0000e-12     0.1280  662373034    37.2577          0   1414.972   2235.464 0.0000e+00
   1405.000    35.5221    35.4952     7.0063     7.0080    674.883    204.430    -0.0028 1.0000e-12     0.1269  662373042    37.3887          0   1420.043   2243.319 0.0000e+00
   1410.000    35.5215    35.4948     7.0048     7.0068    675.315    204.292    -0.0041 1.0000e-12     0.1277  662373050    37.5181          0   1425.114   2251.086 0.0000e+00
   1415.000    35.5150    35.4888     6.9646     6.9684    676.481    204.645    -0.0038 1.0000e-12     0.1264  662373056    37.6293          0   1430.184   2257.758 0.0000e+00
   1420.000    35.4933    35.4664     6.8070     6.8046    679.782    205.812    -0.0027 1.0000e-12     0.1272  662373064    37.7564          0   1435.255   2265.386 0.0000e+00
   1425.000    35.4725    35.4456     6.6715     6.6733    682.707    208.074    -0.0036 1.0000e-12     0.1271  662373072    37.8863          0   1440.326   2273.176 0.0000e+00
   1430.000    35.4726    35.4460     6.6826     6.6843    682.977    208.383    -0.0021 1.0000e-12     0.1281  662373079    38.0081          0   1445.397   2280.486 0.0000e+00
   1435.000    35.4729    35.4466     6.6876     6.6897    683.338    208.029    -0.0029 1.0000e-12     0.1273  662373086    38.1307          0   1450.469   2287.843 0.0000e+00
   1440.000    35.4752    35.4491     6.6994     6.7012    683.586    208.231    -0.0019 1.0000e-12     0.1277  662373093    38.2488          0   1455.540   2294.929 0.0000e+00
   1445.000    35.4729    35.4473     6.6874     6.6897    684.258    207.915    -0.0077 1.0000e-12     0.1263  662373102    38.3917          0   1460.611   2303.500 0.0000e+00
   1450.000    35.4672    35.4420     6.6466     6.6482    685.467    208.516    -0.0053 1.0000e-12     0.1273  662373109    38.5067          0   1465.683   2310.401 0.0000e+00
   1455.000    35.4584    35.4331     6.5809     6.5846    687.141    209.064    -0.0025 1.0000e-12     0.1275  662373116    38.6282          0   1470.755   2317.691 0.0000e+00
   1460.000    35.4505    35.4247     6.5238     6.5251    688.661    209.431    -0.0036 1.0000e-12     0.1250  662373124    38.7541          0   1475.827   2325.243 0.0000e+00
   1465.000    35.4427    35.4164     6.4698     6.4663    690.131    210.568    -0.0065 1.0000e-12     0.1266  662373132    38.8843          0   1480.899   2333.058 0.0000e+00
   1470.000    35.4392    35.4132     6.4518     6.4532    690.938    210.728    -0.0042 1.0000e-12     0.1272  662373139    39.0055          0   1485.971   2340.331 0.0000e+00
   1475.000    35.4382    35.4125     6.4490     6.4506    691.451    210.814    -0.0009 1.0000e-12     0.1259  662373147    39.1327          0   1491.043   2347.960 0.0000e+00
   1480.000    35.4379    35.4122     6.4504     6.4523    691.892    211.011    -0.0022 1.0000e-12     0.1268  662373154    39.2533          0   1496.115   2355.198 0.0000e+00
   1485.000    35.4355    35.4099     6.4341     6.4358    692.662    211.017    -0.0030 1.0000e-12     0.1275  662373161    39.3726          0   1501.188   2362.357 0.0000e+00
   1490.000    35.4128    35.3871     6.2592     6.2509    696.423    212.430    -0.0032 1.0000e-12     0.1269  662373169    39.5045          0   1506.260   2370.269 0.0000e+00
   1495.000    35.4019    35.3760     6.1925     6.1936    698.153    213.918    -0.0025 1.0000e-12     0.1266  662373176    39.6263          0   1511.333   2377.576 0.0000e+00
   1500.000    35.4001    35.3743     6.1882     6.1896    698.709    213.968     0.0001 1.0000e-12     0.1282  662373184    39.7527          0   1516.406   2385.164 0.0000e+00
   1505.000    35.3994    35.3738     6.1885     6.1902    699.183    213.997    -0.0028 1.0000e-12     0.1275  662373192    39.8826          0   1521.479   2392.955 0.0000e+00
   1510.000    35.3991    35.3735     6.1886     6.1903    699.648    213.926    -0.0023 1.0000e-12     0.1271  662373198    39.9953          0   1526.552   2399.716 0.0000e+00
   1515.000    35.3987    35.3734     6.1886     6.1902    700.108    214.042    -0.0054 1.0000e-12     0.1269  662373206    40.1290          0   1531.625   2407.741 0.0000e+00
   1520.000    35.3986    35.3732     6.1891     6.1908    700.593    213.805    -0.0046 1.0000e-12     0.1290  662373214    40.2510          0   1536.698   2415.060 0.0000e+00
   1525.000    35.3987    35.3733     6.1898     6.1916    701.038    214.074    -0.0021 1.0000e-12     0.1275  662373221    40.3809          0   1541.772   2422.855 0.0000e+00
   1530.000    35.3952    35.3700     6.1686     6.1694    701.935    214.529    -0.0022 1.0000e-12     0.1247  662373228    40.4980          0   1546.845   2429.882 0.0000e+00
   1535.000    35.3826    35.3566     6.0855     6.0785    704.008    215.080    -0.0017 1.0000e-12     0.1276  662373236    40.6237          0   1551.919   2437.424 0.0000e+00
   1540.000    35.3520    35.3261     5.8845     5.8851    708.362    217.388    -0.0034 1.0000e-12     0.1266  662373243    40.7488          0   1556.993   2444.926 0.0000e+00
   1545.000    35.3479    35.3220     5.8725     5.8741    709.098    218.587    -0.0022 1.0000e-12     0.1270  662373251    40.8725          0   1562.066   2452.352 0.0000e+00
   1550.000    35.3500    35.3243     5.8862     5.8887    709.311    218.339    -0.0023 1.0000e-12     0.1278  662373258    40.9979          0   1567.141   2459.874 0.0000e+00
   1555.000    35.3514    35.3257     5.8953     5.8970    709.618    218.081    -0.0031 1.0000e-12     0.1272  662373266    41.1267          0   1572.215   2467.600 0.0000e+00
   1560.000    35.3522    35.3266     5.9003     5.9019    710.014    217.947    -0.0050 1.0000e-12     0.1274  662373273    41.2475          0   1577.289   2474.852 0.0000e+00
   1565.000    35.3494    35.3243     5.8793     5.8868    670.822    217.890    -0.0030 1.0000e-12     0.1273  662373281    41.3723          0   1582.363   2482.339 0.0000e+00
   1570.000    35.3225    35.2986     5.6958     5.7020    645.333    218.964    -0.0038 1.0000e-12     0.1280  662373289    41.5062          0   1587.438   2490.372 0.0000e+00
   1575.000    35.3163    35.2905     5.6617     5.6629    668.868    221.400    -0.0019 1.0000e-12     0.1268  662373296    41.6247          0   1592.512   2497.482 0.0000e+00
   1580.000    35.3153    35.2896     5.6624     5.6641    612.490    221.591    -0.0060 1.0000e-12     0.1281  662373305    41.7687          0   1597.587   2506.121 0.0000e+00
   1585.000    35.3151    35.2896     5.6635     5.6652    523.029    220.989    -0.0032 1.0000e-12     0.1285  662373311    41.8744          0   1602.662   2512.464 0.0000e+00
   1590.000    35.3150    35.2896     5.6649     5.6666    463.222    220.985    -0.0034 1.0000e-12     0.1269  662373319    42.0138          0   1607.737   2520.830 0.0000e+00
   1595.000    35.3147    35.2894     5.6652     5.6667    359.917    221.037    -0.0043 1.0000e-12     0.1266  662373327    42.1334          0   1612.812   2528.003 0.0000e+00
   1600.000    35.3147    35.2894     5.6661     5.6679    309.050    220.859    -0.0050 1.0000e-12     0.1281  662373334    42.2656          0   1617.887   2535.934 0.0000e+00
   1605.000    35.3146    35.2893     5.6661     5.6677    276.987    220.893    -0.0012 1.0000e-12     0.1272  662373342    42.3845          0   1622.963   2543.070 0.0000e+00
   1610.000    35.3060    35.2796     5.5957     5.5871    279.235    221.343    -0.0052 1.0000e-12     0.1275  662373350    42.5189          0   1628.038   2551.137 0.0000e+00
   1615.000    35.2864    35.2607     5.4533     5.4548    284.833    222.651    -0.0041 1.0000e-12     0.1268  662373357    42.6349          0   1633.114   2558.095 0.0000e+00
   1620.000    35.2827    35.2570     5.4456     5.4486    295.818    224.038    -0.0031 1.0000e-12     0.1270  662373365    42.7730          0   1638.189   2566.380 0.0000e+00
   1625.000    35.2807    35.2547     5.4307     5.4323    300.092    223.929    -0.0022 1.0000e-12     0.1260  662373373    42.9059          0   1643.265   2574.352 0.0000e+00
   1630.000    35.2808    35.2550     5.4363     5.4382    318.099    223.991    -0.0029 1.0000e-12     0.1267  662373380    43.0267          0   1648.341   2581.602 0.0000e+00
   1635.000    35.2805    35.2548     5.4357     5.4372    341.150    223.597    -0.0031 1.0000e-12     0.1271  662373388    43.1524          0   1653.417   2589.141 0.0000e+00
   1640.000    35.2804    35.2546     5.4355     5.4373    361.654    223.987    -0.0047 1.0000e-12     0.1277  662373395    43.2781          0   1658.493   2596.684 0.0000e+00
   1645.000    35.2787    35.2528     5.4193     5.4221    380.636    224.004    -0.0030 1.0000e-12     0.1270  662373402    43.3963          0   1663.570   2603.778 0.0000e+00
   1650.000    35.2639    35.2379     5.3224     5.3188    384.947    224.623    -0.0089 1.0000e-12     0.1263  662373411    43.5459          0   1668.646   2612.754 0.0000e+00
   1655.000    35.2514    35.2255     5.2213     5.2234    380.091    226.043    -0.0020 1.0000e-12     0.1269  662373418    43.6547          0   1673.723   2619.283 0.0000e+00
   1660.000    35.2475    35.2214     5.1973     5.1991    359.784    226.612    -0.0053 1.0000e-12     0.1274  662373426    43.7836          0   1678.799   2627.014 0.0000e+00
   1665.000    35.2465    35.2205     5.1947     5.1963    342.269    226.933    -0.0041 1.0000e-12     0.1265  662373433    43.9047          0   1683.876   2634.283 0.0000e+00
   1670.000    35.2460    35.2201     5.1949     5.1967    327.287    226.761    -0.0047 1.0000e-12     0.1281  662373442    44.0519          0   1688.953   2643.113 0.0000e+00
   1675.000    35.2461    35.2202     5.1967     5.1981    302.028    226.629    -0.0032 1.0000e-12     0.1274  662373448    44.1610          0   1694.030   2649.659 0.0000e+00
   1680.000    35.2480    35.2223     5.2072     5.2096    268.768    226.482    -0.0054 1.0000e-12     0.1271  662373456    44.2918          0   1699.107   2657.509 0.0000e+00
   1685.000    35.2489    35.2229     5.2114     5.2128    214.677    226.296    -0.0088 1.0000e-12     0.1309  662373464    44.4163          0   1704.184   2664.980 0.0000e+00
   1690.000    35.2498    35.2237     5.2160     5.2176    222.588    226.320    -0.0067 1.0000e-12     0.1280  662373471    44.5454          0   1709.262   2672.722 0.0000e+00
   1695.000    35.2507    35.2246     5.2195     5.2210    228.865    226.387    -0.0020 1.0000e-12     0.1268  662373479    44.6793          0   1714.339   2680.757 0.0000e+00
   1700.000    35.2507    35.2243     5.2193     5.2212    234.705    226.072    -0.0045 1.0000e-12     0.1274  662373487    44.8012          0   1719.417   2688.073 0.0000e+00
   1705.000    35.2346    35.2095     5.0957     5.0952    233.709    226.420    -0.0066 1.0000e-12     0.1288  662373493    44.9151          0   1724.494   2694.908 0.0000e+00
   1710.000    35.2184    35.1927     5.0007     5.0028    226.236    228.149    -0.0040 1.0000e-12     0.1270  662373501    45.0458          0   1729.572   2702.747 0.0000e+00
   1715.000    35.2144    35.1845     4.9844     4.9678    241.360    229.889    -0.0024 1.0000e-12     0.1278  662373510    45.1909          0   1734.650   2711.453 0.0000e+00
   1720.000    35.2117    35.1846     4.9682     4.9706    238.092    229.562    -0.0086 1.0000e-12     0.1262  662373517    45.3066          0   1739.728   2718.399 0.0000e+00
   1725.000    35.2114    35.1843     4.9694     4.9710    241.175    229.434    -0.0033 1.0000e-12     0.1265  662373525    45.4347          0   1744.807   2726.084 0.0000e+00
   1730.000    35.2110    35.1842     4.9699     4.9714    244.681    229.801    -0.0035 1.0000e-12     0.1272  662373532    45.5620          0   1749.885   2733.721 0.0000e+00
   1735.000    35.2103    35.1834     4.9661     4.9676    246.556    229.691    -0.0040 1.0000e-12     0.1262  662373540    45.6911          0   1754.963   2741.465 0.0000e+00
   1740.000    35.2039    35.1774     4.9206     4.9217    232.526    230.102    -0.0065 1.0000e-12     0.1276  662373548    45.8161          0   1760.042   2748.966 0.0000e+00
   1745.000    35.1900    35.1629     4.8179     4.8170    228.640    230.988    -0.0059 1.0000e-12     0.1280  662373555    45.9435          0   1765.121   2756.608 0.0000e+00
   1750.000    35.1886    35.1614     4.8170     4.8183    217.718    231.647    -0.0051 1.0000e-12     0.1278  662373563    46.0737          0   1770.199   2764.420 0.0000e+00
   1755.000    35.1881    35.1609     4.8155     4.8168    206.126    231.489    -0.0066 1.0000e-12     0.1278  662373570    46.1902          0   1775.278   2771.414 0.0000e+00
   1760.000    35.1872    35.1602     4.8123     4.8138    198.061    231.561    -0.0023 1.0000e-12     0.1271  662373579    46.3337          0   1780.357   2780.022 0.0000e+00
   1765.000    35.1867    35.1596     4.8107     4.8120    197.313    231.726    -0.0019 1.0000e-12     0.1290  662373586    46.4507          0   1785.437   2787.039 0.0000e+00
   1770.000    35.1863    35.1592     4.8091     4.8106    195.712    231.772    -0.0063 1.0000e-12     0.1278  662373593    46.5786          0   1790.516   2794.714 0.0000e+00
   1775.000    35.1719    35.1447     4.6960     4.6967    197.611    232.410    -0.0043 1.0000e-12     0.1271  662373601    46.7009          0   1795.595   2802.052 0.0000e+00
   1780.000    35.1627    35.1352     4.6410     4.6420    196.431    233.919    -0.0026 1.0000e-12     0.1262  662373608    46.8282          0   1800.675   2809.695 0.0000e+00
   1785.000    35.1625    35.1345     4.6459     4.6426    199.188    233.635    -0.0031 1.0000e-12     0.1277  662373616    46.9656          0   1805.755   2817.938 0.0000e+00
   1790.000    35.1621    35.1348     4.6432     4.6452    197.546    233.902    -0.0035 1.0000e-12     0.1278  662373624    47.0838          0   1810.834   2825.030 0.0000e+00
   1795.000    35.1618    35.1346     4.6430     4.6447    195.874    233.796    -0.0015 1.0000e-12     0.1271  662373631    47.2075          0   1815.914   2832.447 0.0000e+00
   1800.000    35.1523    35.1256     4.5711     4.5727    195.559    233.803    -0.0042 1.0000e-12     0.1289  662373639    47.3341          0   1820.994   2840.044 0.0000e+00
   1805.000    35.1432    35.1154     4.5157     4.5130    195.373    235.278    -0.0041 1.0000e-12     0.1286  662373646    47.4651          0   1826.074   2847.907 0.0000e+00
   1810.000    35.1422    35.1146     4.5019     4.5029    196.897    235.479    -0.0055 1.0000e-12     0.1272  662373654    47.5854          0   1831.155   2855.121 0.0000e+00
