data/UWS/CTD_bulk_raw/SO279/SO279_CTD_processed/SO279_36-1_CTD-03_processed.ros
* Sea-Bird SBE 9 Data File:
* FileName = D:\CTDData\SO279\SO279_36-1_CTD-01.hex
* Software Version Seasave V 7.26.1.8
* Temperature SN = 5938
* Conductivity SN = 4108
* Number of Bytes Per Scan = 41
* Number of Voltage Words = 4
* Number of Scans Averaged by the Deck Unit = 1
* NMEA Latitude = 30 53.53 N
* NMEA Longitude = 029 18.84 W
* NMEA UTC (Time) = Dec 16 2020  05:18:34
* NMEA baud rate = 4800
# nquan = 17
# nvalues = 1684                                  
# units = specified
# name 0 = depSM: Depth [salt water, m]
# name 1 = sal00: Salinity, Practical [PSU]
# name 2 = sal11: Salinity, Practical, 2 [PSU]
# name 3 = t090C: Temperature [ITS-90, deg C]
# name 4 = t190C: Temperature, 2 [ITS-90, deg C]
# name 5 = sbeox0Mm/L: Oxygen, SBE 43 [umol/l]
# name 6 = sbeox1Mm/L: Oxygen, SBE 43, 2 [umol/l]
# name 7 = flECO-AFL: Fluorescence, WET Labs ECO-AFL/FL [mg/m^3]
# name 8 = par: PAR/Irradiance, Biospherical/Licor
# name 9 = turbWETntu0: Turbidity, WET Labs ECO [NTU]
# name 10 = timeQ: Time, NMEA [seconds]
# name 11 = timeM: Time, Elapsed [minutes]
# name 12 = nbf: Bottles Fired
# name 13 = prDM: Pressure, Digiquartz [db]
# name 14 = timeS: Time, Elapsed [seconds]
# name 15 = scan: Scan Count
# name 16 = flag:  0.000e+00
# interval = seconds: 0.0416667
# start_time = Dec 16 2020 05:18:35 [NMEA time, first data scan]
# bad_flag = -9.990e-29
*END*
[from data line 852]
   1003.601    35.5049    35.4941     8.6383     8.6406    181.436    174.072    -0.0011 4.3396e-03     0.1324  661421595   174.6632         13   1013.015  10479.792     251516  0.000e+00
   1003.549    35.5047    35.4949     8.6385     8.6404    181.512    173.867    -0.0011 4.3396e-03     0.1324  661421595   174.6639         13   1012.963  10479.833     251517  0.000e+00
   1003.549    35.5049    35.4947     8.6383     8.6404    181.572    174.032    -0.0011 4.3396e-03     0.1324  661421595   174.6646         13   1012.963  10479.875     251518  0.000e+00
   1003.549    35.5048    35.4947     8.6382     8.6398    181.614    174.231    -0.0011 4.3396e-03     0.1324  661421595   174.6653         13   1012.963  10479.917     251519  0.000e+00
   1003.549    35.5047    35.4948     8.6379     8.6397    181.850    174.277    -0.0011 4.3396e-03     0.1324  661421595   174.6660         13   1012.963  10479.958     251520  0.000e+00
   1003.549    35.5049    35.4949     8.6377     8.6393    182.131    174.290    -0.0011 4.3396e-03     0.1324  661421595   174.6667         13   1012.963  10480.000     251521  0.000e+00
   1003.504    35.5051    35.4950     8.6375     8.6392    182.264    174.085    -0.0011 4.3396e-03     0.1324  661421595   174.6674         13   1012.917  10480.042     251522  0.000e+00
   1003.504    35.5057    35.4949     8.6374     8.6393    181.951    174.063    -0.0011 4.3396e-03     0.1324  661421595   174.6681         13   1012.917  10480.083     251523  0.000e+00
   1003.549    35.5056    35.4952     8.6374     8.6389    181.982    174.044    -0.0011 4.3396e-03     0.1324  661421595   174.6687         13   1012.963  10480.125     251524  0.000e+00
   1003.452    35.5058    35.4955     8.6374     8.6390    181.798    174.020    -0.0011 4.3396e-03     0.1324  661421595   174.6694         13   1012.865  10480.167     251525  0.000e+00
   1003.504    35.5053    35.4953     8.6374     8.6390    181.790    174.000    -0.0011 4.3396e-03     0.1324  661421595   174.6701         13   1012.917  10480.208     251526  0.000e+00
   1003.452    35.5056    35.4956     8.6372     8.6387    181.759    173.978    -0.0011 4.3396e-03     0.1324  661421595   174.6708         13   1012.865  10480.250     251527  0.000e+00
   1003.452    35.5058    35.4953     8.6366     8.6389    181.711    173.956    -0.0011 4.3396e-03     0.1324  661421595   174.6715         13   1012.865  10480.292     251528  0.000e+00
   1003.504    35.5061    35.4951     8.6358     8.6385    182.069    173.938     0.0062 4.3396e-03     0.1324  661421595   174.6722         13   1012.917  10480.333     251529  0.000e+00
   1003.407    35.5063    35.4947     8.6356     8.6385    182.462    173.915    -0.0011 4.3396e-03     0.1324  661421595   174.6729         13   1012.819  10480.375     251530  0.000e+00
   1003.452    35.5062    35.4952     8.6354     8.6380    182.685    173.929    -0.0011 4.3396e-03     0.1324  661421595   174.6736         13   1012.865  10480.417     251531  0.000e+00
   1003.407    35.5063    35.4953     8.6353     8.6379    182.540    174.124     0.0062 4.3396e-03     0.1324  661421595   174.6743         13   1012.819  10480.458     251532  0.000e+00
   1003.407    35.5066    35.4956     8.6354     8.6375    182.561    173.920    -0.0011 4.3396e-03     0.1324  661421595   174.6750         13   1012.819  10480.500     251533  0.000e+00
   1003.355    35.5063    35.4954     8.6357     8.6378    182.577    173.897    -0.0011 4.3396e-03     0.1324  661421595   174.6757         13   1012.767  10480.542     251534  0.000e+00
   1003.407    35.5061    35.4949     8.6357     8.6380    182.402    173.876    -0.0011 4.3396e-03     0.1324  661421595   174.6764         13   1012.819  10480.583     251535  0.000e+00
   1003.355    35.5056    35.4949     8.6357     8.6382    182.584    174.069    -0.0011 4.3396e-03     0.1324  661421595   174.6771         13   1012.767  10480.625     251536  0.000e+00
   1003.355    35.5059    35.4954     8.6361     8.6376    182.399    173.897    -0.0011 4.3396e-03     0.1324  661421595   174.6778         13   1012.767  10480.667     251537  0.000e+00
   1003.355    35.5054    35.4960     8.6363     8.6369    182.214    174.094    -0.0011 4.3396e-03     0.1324  661421595   174.6785         13   1012.767  10480.708     251538  0.000e+00
   1003.258    35.5054    35.4957     8.6362     8.6364    182.197    174.103    -0.0011 4.3396e-03     0.1324  661421596   174.6792         13   1012.669  10480.750     251539  0.000e+00
   1003.355    35.5056    35.4960     8.6357     8.6358    182.230    173.900    -0.0011 4.3396e-03     0.1324  661421596   174.6799         13   1012.767  10480.792     251540  0.000e+00
   1003.258    35.5053    35.4963     8.6351     8.6353    182.259    173.876     0.0136 4.3396e-03     0.1348  661421596   174.6806         13   1012.669  10480.833     251541  0.000e+00
   1003.310    35.5057    35.4964     8.6348     8.6351    182.100    174.102     0.0062 4.3396e-03     0.1348  661421596   174.6813         13   1012.721  10480.875     251542  0.000e+00
   1003.258    35.5059    35.4963     8.6349     8.6353    182.086    173.893     0.0136 4.3396e-03     0.1348  661421596   174.6819         13   1012.669  10480.917     251543  0.000e+00
   1003.258    35.5059    35.4958     8.6349     8.6365    182.054    173.864     0.0062 4.3396e-03     0.1348  661421596   174.6826         13   1012.669  10480.958     251544  0.000e+00
    501.350    35.7028    35.6911    12.7822    12.7832    200.007    189.313    -0.0157 1.0000e-12     0.1348  661422273   185.9701         14    505.439  11158.208     267798  0.000e+00
    501.363    35.7020    35.6921    12.7822    12.7822    200.043    189.319    -0.0157 1.0000e-12     0.1348  661422273   185.9708         14    505.452  11158.250     267799  0.000e+00
    501.447    35.7014    35.6916    12.7814    12.7839    200.101    189.318    -0.0157 1.0000e-12     0.1348  661422273   185.9715         14    505.536  11158.292     267800  0.000e+00
    501.395    35.7011    35.6917    12.7800    12.7834    200.306    189.302    -0.0157 1.0000e-12     0.1348  661422273   185.9722         14    505.484  11158.333     267801  0.000e+00
    501.395    35.7009    35.6920    12.7790    12.7826    200.500    189.288    -0.0157 1.0000e-12     0.1348  661422273   185.9729         14    505.484  11158.375     267802  0.000e+00
    501.453    35.7015    35.6917    12.7777    12.7822    200.552    189.450    -0.0157 1.0000e-12     0.1348  661422273   185.9736         14    505.542  11158.417     267803  0.000e+00
    501.447    35.7034    35.6913    12.7781    12.7816    200.438    189.477    -0.0157 1.0000e-12     0.1348  661422273   185.9743         14    505.536  11158.458     267804  0.000e+00
    501.491    35.7037    35.6916    12.7802    12.7807    200.452    189.504    -0.0157 1.0000e-12     0.1348  661422273   185.9750         14    505.581  11158.500     267805  0.000e+00
    501.453    35.7027    35.6919    12.7807    12.7804    200.461    189.528    -0.0157 1.0000e-12     0.1348  661422273   185.9757         14    505.542  11158.542     267806  0.000e+00
    501.543    35.7011    35.6926    12.7804    12.7812    200.320    189.550    -0.0157 1.0000e-12     0.1348  661422273   185.9764         14    505.633  11158.583     267807  0.000e+00
    501.543    35.7013    35.6930    12.7789    12.7837    199.996    189.563    -0.0157 1.0000e-12     0.1348  661422273   185.9771         14    505.633  11158.625     267808  0.000e+00
    501.588    35.7017    35.6934    12.7783    12.7858    199.961    189.579    -0.0157 1.0000e-12     0.1348  661422273   185.9778         14    505.678  11158.667     267809  0.000e+00
    501.600    35.7024    35.6935    12.7787    12.7876    200.080    189.596    -0.0157 1.0000e-12     0.1348  661422273   185.9785         14    505.691  11158.708     267810  0.000e+00
    501.639    35.7027    35.6940    12.7797    12.7899    200.070    189.611    -0.0157 1.0000e-12     0.1348  661422274   185.9792         14    505.730  11158.750     267811  0.000e+00
    501.639    35.7024    35.6940    12.7805    12.7932    200.089    189.621    -0.0157 1.0000e-12     0.1348  661422274   185.9799         14    505.730  11158.792     267812  0.000e+00
    501.645    35.7025    35.6940    12.7810    12.7951    200.141    189.814    -0.0157 1.0000e-12     0.1348  661422274   185.9806         14    505.736  11158.833     267813  0.000e+00
    501.684    35.7020    35.6930    12.7812    12.7970    200.214    189.852    -0.0157 1.0000e-12     0.1348  661422274   185.9812         14    505.775  11158.875     267814  0.000e+00
    501.684    35.7012    35.6933    12.7808    12.7966    200.136    189.719    -0.0157 1.0000e-12     0.1348  661422274   185.9819         14    505.775  11158.917     267815  0.000e+00
    501.741    35.7011    35.6933    12.7794    12.7958    200.056    189.745    -0.0157 1.0000e-12     0.1348  661422274   185.9826         14    505.833  11158.958     267816  0.000e+00
    501.780    35.7014    35.6934    12.7781    12.7939    199.966    189.754    -0.0157 1.0000e-12     0.1348  661422274   185.9833         14    505.872  11159.000     267817  0.000e+00
    501.780    35.7010    35.6933    12.7772    12.7941    200.012    189.754    -0.0157 1.0000e-12     0.1348  661422274   185.9840         14    505.872  11159.042     267818  0.000e+00
    501.825    35.7006    35.6914    12.7754    12.7928    200.069    189.761    -0.0084 1.0000e-12     0.1348  661422274   185.9847         14    505.917  11159.083     267819  0.000e+00
    501.837    35.7003    35.6920    12.7737    12.7874    200.131    189.802    -0.0011 1.0000e-12     0.1348  661422274   185.9854         14    505.930  11159.125     267820  0.000e+00
    501.876    35.7016    35.6928    12.7730    12.7864    200.022    189.825    -0.0011 1.0000e-12     0.1348  661422274   185.9861         14    505.969  11159.167     267821  0.000e+00
    501.876    35.7022    35.6938    12.7741    12.7879    200.042    189.838    -0.0011 1.0000e-12     0.1348  661422274   185.9868         14    505.969  11159.208     267822  0.000e+00
    501.927    35.7026    35.6951    12.7757    12.7917    200.210    189.820    -0.0011 1.0000e-12     0.1348  661422274   185.9875         14    506.021  11159.250     267823  0.000e+00
    501.921    35.7029    35.6947    12.7776    12.7980    200.236    189.793    -0.0011 1.0000e-12     0.1348  661422274   185.9882         14    506.014  11159.292     267824  0.000e+00
    502.017    35.7018    35.6951    12.7784    12.8018    200.261    189.776    -0.0011 1.0000e-12     0.1348  661422274   185.9889         14    506.111  11159.333     267825  0.000e+00
    501.978    35.7005    35.6956    12.7771    12.8053    200.283    189.756    -0.0011 1.0000e-12     0.1348  661422274   185.9896         14    506.073  11159.375     267826  0.000e+00
    502.062    35.7007    35.6955    12.7749    12.8088    200.442    189.739    -0.0011 1.0000e-12     0.1348  661422274   185.9903         14    506.157  11159.417     267827  0.000e+00
    502.062    35.7012    35.6968    12.7738    12.8124    200.438    189.738    -0.0011 1.0000e-12     0.1348  661422274   185.9910         14    506.157  11159.458     267828  0.000e+00
    502.062    35.7015    35.6962    12.7753    12.8169    200.424    189.736    -0.0011 1.0000e-12     0.1348  661422274   185.9917         14    506.157  11159.500     267829  0.000e+00
    502.119    35.7014    35.6953    12.7766    12.8170    200.572    189.577    -0.0011 1.0000e-12     0.1348  661422274   185.9924         14    506.215  11159.542     267830  0.000e+00
    502.158    35.7016    35.6946    12.7763    12.8160    200.740    189.734    -0.0011 1.0000e-12     0.1348  661422274   185.9931         14    506.254  11159.583     267831  0.000e+00
    502.158    35.7025    35.6939    12.7774    12.8142    200.899    189.736    -0.0011 1.0000e-12     0.1348  661422274   185.9938         14    506.254  11159.625     267832  0.000e+00
    502.215    35.7032    35.6939    12.7805    12.8110    200.747    189.567    -0.0011 1.0000e-12     0.1348  661422274   185.9944         14    506.312  11159.667     267833  0.000e+00
    502.203    35.7041    35.6943    12.7826    12.8088    200.570    189.724    -0.0011 1.0000e-12     0.1348  661422274   185.9951         14    506.299  11159.708     267834  0.000e+00
    502.254    35.7027    35.6940    12.7837    12.8087    200.217    189.719    -0.0011 1.0000e-12     0.1348  661422275   185.9958         14    506.351  11159.750     267835  0.000e+00
    502.312    35.7014    35.6938    12.7827    12.8080    200.003    189.714    -0.0011 1.0000e-12     0.1348  661422275   185.9965         14    506.409  11159.792     267836  0.000e+00
    502.299    35.7016    35.6933    12.7817    12.8045    199.471    189.543    -0.0011 1.0000e-12     0.1348  661422275   185.9972         14    506.396  11159.833     267837  0.000e+00
    502.350    35.7032    35.6929    12.7820    12.8011    199.528    189.529    -0.0011 1.0000e-12     0.1348  661422275   185.9979         14    506.448  11159.875     267838  0.000e+00
    502.254    35.7041    35.6935    12.7848    12.7990    199.601    189.681    -0.0011 1.0000e-12     0.1348  661422275   185.9986         14    506.351  11159.917     267839  0.000e+00
    502.497    35.7042    35.6932    12.7878    12.7983    199.712    189.503    -0.0011 1.0000e-12     0.1348  661422275   185.9993         14    506.597  11159.958     267840  0.000e+00
    502.395    35.7043    35.6937    12.7893    12.7968    199.692    189.476    -0.0011 1.0000e-12     0.1348  661422275   186.0000         14    506.493  11160.000     267841  0.000e+00
    502.446    35.7035    35.6934    12.7904    12.7968    199.682    189.447    -0.0011 1.0000e-12     0.1348  661422275   186.0007         14    506.545  11160.042     267842  0.000e+00
    502.453    35.7012    35.6937    12.7890    12.7973    199.844    189.590    -0.0011 1.0000e-12     0.1348  661422275   186.0014         14    506.551  11160.083     267843  0.000e+00
    502.491    35.6996    35.6938    12.7858    12.7981    200.015    189.400    -0.0011 1.0000e-12     0.1348  661422275   186.0021         14    506.590  11160.125     267844  0.000e+00
    502.536    35.6990    35.6923    12.7817    12.7960    199.888    189.380    -0.0084 1.0000e-12     0.1348  661422275   186.0028         14    506.635  11160.167     267845  0.000e+00
    502.549    35.6995    35.6924    12.7784    12.7908    199.901    189.568    -0.0084 1.0000e-12     0.1348  661422275   186.0035         14    506.648  11160.208     267846  0.000e+00
    502.587    35.7005    35.6916    12.7764    12.7858    199.608    189.579    -0.0084 1.0000e-12     0.1348  661422275   186.0042         14    506.687  11160.250     267847  0.000e+00
    502.587    35.7016    35.6911    12.7760    12.7819    199.442    189.583    -0.0084 1.0000e-12     0.1348  661422275   186.0049         14    506.687  11160.292     267848  0.000e+00
    502.549    35.7028    35.6912    12.7772    12.7791    199.259    189.580    -0.0084 1.0000e-12     0.1348  661422275   186.0056         14    506.648  11160.333     267849  0.000e+00
    502.683    35.7032    35.6913    12.7789    12.7772    199.241    189.401    -0.0084 1.0000e-12     0.1348  661422275   186.0062         14    506.784  11160.375     267850  0.000e+00
    502.632    35.7031    35.6907    12.7810    12.7764    199.237    189.369    -0.0084 1.0000e-12     0.1348  661422275   186.0069         14    506.732  11160.417     267851  0.000e+00
    502.690    35.7032    35.6913    12.7824    12.7759    199.403    189.359    -0.0084 1.0000e-12     0.1348  661422275   186.0076         14    506.791  11160.458     267852  0.000e+00
