data/UWS/CTD_bulk_raw/SO279/SO279_CTD_processed/SO279_53-1_CTD-04_processed_DepthAVG.cnv
* Sea-Bird SBE 9 Data File:
* FileName = D:\CTDData\SO279\SO279_53-1_CTD-04.hex
* Software Version Seasave V 7.26.1.8
* Temperature SN = 5938
* Conductivity SN = 4108
* Number of Bytes Per Scan = 41
* Number of Voltage Words = 4
* Number of Scans Averaged by the Deck Unit = 1
* NMEA Latitude = 31 07.08 N
* NMEA Longitude = 033 48.97 W
* NMEA UTC (Time) = Dec 18 2020  11:51:30
* NMEA baud rate = 4800
# nquan = 16
# nvalues = 871                         
# units = specified
# name 0 = depSM: Depth [salt water, m]
# name 1 = sal00: Salinity, Practical [PSU]
# name 2 = sal11: Salinity, Practical, 2 [PSU]
# name 3 = t090C: Temperature [ITS-90, deg C]
# name 4 = t190C: Temperature, 2 [ITS-90, deg C]
# name 5 = sbeox0Mm/L: Oxygen, SBE 43 [umol/l]
# name 6 = sbeox1Mm/L: Oxygen, SBE 43, 2 [umol/l]
# name 7 = flECO-AFL: Fluorescence, WET Labs ECO-AFL/FL [mg/m^3]
# name 8 = par: PAR/Irradiance, Biospherical/Licor
# name 9 = turbWETntu0: Turbidity, WET Labs ECO [NTU]
# name 10 = timeQ: Time, NMEA [seconds]
# name 11 = timeM: Time, Elapsed [minutes]
# name 12 = nbf: Bottles Fired
# name 13 = prDM: Pressure, Digiquartz [db]
# name 14 = timeS: Time, Elapsed [seconds]
# name 15 = flag: flag
# span 0 =     10.000,   4360.000       
# span 1 =    31.7141,    37.6030       
# span 2 =    34.9016,    37.2049       
# span 3 =     2.4786,    21.7137       
# span 4 =     2.4796,    21.7141       
# span 5 =    116.887,    231.476       
# span 6 =    125.038,    236.555       
# span 7 =    -0.0648,     0.0837       
# span 8 = 1.0000e-12, 2.2006e-04       
# span 9 =     0.1162,     0.1372       
# span 10 =  661607430,  661614181      
# span 11 =    -1.0051,   111.5002      
# span 12 =          0,          0      
# span 13 =     10.070,   4436.015      
# span 14 =    -60.306,   6690.013      
# span 15 = 0.0000e+00, 0.0000e+00      
# interval = meters: 5                  
# start_time = Dec 18 2020 11:51:31 [NMEA time, first data scan]
# bad_flag = -9.990e-29
*END*
[from data line 362]
   1820.000    35.1382    35.1244     4.6342     4.6349    223.695    229.089     0.0042 1.0000e-12     0.1297  661610354    47.7192          0   1840.711   2863.154 0.0000e+00
   1825.000    35.1356    35.1219     4.6117     4.6133    223.902    229.329     0.0033 1.0000e-12     0.1295  661610362    47.8502          0   1845.790   2871.012 0.0000e+00
   1830.000    35.1338    35.1202     4.5984     4.6004    224.043    229.776     0.0053 1.0000e-12     0.1296  661610369    47.9677          0   1850.869   2878.063 0.0000e+00
   1835.000    35.1320    35.1184     4.5816     4.5831    224.107    229.602     0.0050 1.0000e-12     0.1280  661610377    48.1043          0   1855.948   2886.257 0.0000e+00
   1840.000    35.1317    35.1181     4.5751     4.5760    224.193    229.783     0.0054 1.0000e-12     0.1303  661610384    48.2206          0   1861.027   2893.235 0.0000e+00
   1845.000    35.1316    35.1180     4.5629     4.5644    223.731    229.168     0.0022 1.0000e-12     0.1292  661610392    48.3549          0   1866.107   2901.296 0.0000e+00
   1850.000    35.1291    35.1155     4.5444     4.5447    223.914    229.349     0.0027 1.0000e-12     0.1293  661610399    48.4816          0   1871.186   2908.893 0.0000e+00
   1855.000    35.1275    35.1138     4.5311     4.5327    223.796    229.504     0.0005 1.0000e-12     0.1292  661610407    48.6015          0   1876.266   2916.089 0.0000e+00
   1860.000    35.1263    35.1127     4.5247     4.5264    224.326    230.036     0.0016 1.0000e-12     0.1297  661610414    48.7239          0   1881.346   2923.431 0.0000e+00
   1865.000    35.1241    35.1103     4.4952     4.4951    224.405    229.937     0.0074 1.0000e-12     0.1287  661610421    48.8457          0   1886.425   2930.743 0.0000e+00
   1870.000    35.1220    35.1084     4.4771     4.4792    224.702    230.161     0.0046 1.0000e-12     0.1278  661610429    48.9796          0   1891.505   2938.778 0.0000e+00
   1875.000    35.1220    35.1083     4.4744     4.4758    224.539    230.102     0.0055 1.0000e-12     0.1295  661610437    49.1064          0   1896.585   2946.386 0.0000e+00
   1880.000    35.1223    35.1087     4.4709     4.4724    224.378    230.125     0.0031 1.0000e-12     0.1291  661610444    49.2278          0   1901.666   2953.666 0.0000e+00
   1885.000    35.1218    35.1083     4.4624     4.4628    224.346    229.853     0.0028 1.0000e-12     0.1296  661610452    49.3531          0   1906.746   2961.187 0.0000e+00
   1890.000    35.1217    35.1081     4.4556     4.4568    223.966    229.549     0.0037 1.0000e-12     0.1296  661610460    49.4898          0   1911.827   2969.390 0.0000e+00
   1895.000    35.1226    35.1089     4.4514     4.4529    223.772    229.031     0.0063 1.0000e-12     0.1318  661610466    49.5900          0   1916.907   2975.397 0.0000e+00
   1900.000    35.1228    35.1090     4.4492     4.4500    223.209    228.422     0.0033 1.0000e-12     0.1288  661610476    49.7517          0   1921.988   2985.104 0.0000e+00
   1905.000    35.1225    35.1085     4.4447     4.4458    223.046    228.435     0.0064 1.0000e-12     0.1293  661610482    49.8537          0   1927.069   2991.222 0.0000e+00
   1910.000    35.1210    35.1073     4.4297     4.4311    222.903    228.597     0.0009 1.0000e-12     0.1309  661610490    49.9926          0   1932.150   2999.555 0.0000e+00
   1915.000    35.1200    35.1062     4.4207     4.4227    223.048    228.561     0.0052 1.0000e-12     0.1290  661610497    50.1039          0   1937.231   3006.232 0.0000e+00
   1920.000    35.1155    35.1020     4.3886     4.3909    223.693    229.206     0.0041 1.0000e-12     0.1298  661610505    50.2405          0   1942.312   3014.432 0.0000e+00
   1925.000    35.1129    35.0993     4.3756     4.3771    224.480    230.160     0.0036 1.0000e-12     0.1287  661610512    50.3611          0   1947.393   3021.664 0.0000e+00
   1930.000    35.1126    35.0988     4.3683     4.3699    224.520    230.021     0.0032 1.0000e-12     0.1297  661610520    50.4907          0   1952.475   3029.440 0.0000e+00
   1935.000    35.1151    35.1014     4.3747     4.3761    224.401    230.013     0.0027 1.0000e-12     0.1280  661610529    50.6355          0   1957.556   3038.128 0.0000e+00
   1940.000    35.1134    35.0996     4.3593     4.3608    223.647    229.280     0.0057 1.0000e-12     0.1290  661610535    50.7420          0   1962.638   3044.519 0.0000e+00
   1945.000    35.1099    35.0962     4.3206     4.3219    223.701    229.187     0.0033 1.0000e-12     0.1297  661610543    50.8680          0   1967.720   3052.083 0.0000e+00
   1950.000    35.1089    35.0950     4.3145     4.3157    224.061    229.753     0.0037 1.0000e-12     0.1296  661610550    50.9906          0   1972.802   3059.437 0.0000e+00
   1955.000    35.1045    35.0909     4.2830     4.2837    224.250    229.583     0.0042 1.0000e-12     0.1287  661610558    51.1175          0   1977.884   3067.047 0.0000e+00
   1960.000    35.0935    35.0797     4.2088     4.2102    225.503    231.215     0.0063 1.0000e-12     0.1322  661610565    51.2342          0   1982.966   3074.051 0.0000e+00
   1965.000    35.0934    35.0794     4.2120     4.2131    227.326    232.838     0.0039 1.0000e-12     0.1312  661610572    51.3607          0   1988.048   3081.639 0.0000e+00
   1970.000    35.0970    35.0834     4.2288     4.2302    226.375    232.384     0.0032 1.0000e-12     0.1303  661610579    51.4713          0   1993.131   3088.278 0.0000e+00
   1975.000    35.0924    35.0791     4.1983     4.2003    226.214    231.774     0.0092 1.0000e-12     0.1297  661610587    51.6084          0   1998.213   3096.506 0.0000e+00
   1980.000    35.0874    35.0734     4.1559     4.1571    226.042    231.555     0.0033 1.0000e-12     0.1287  661610593    51.7013          0   2003.296   3102.076 0.0000e+00
   1985.000    35.0874    35.0738     4.1645     4.1671    227.816    233.427     0.0007 1.0000e-12     0.1307  661610601    51.8352          0   2008.379   3110.110 0.0000e+00
   1990.000    35.0832    35.0690     4.1298     4.1289    227.654    233.356     0.0019 1.0000e-12     0.1302  661610608    51.9583          0   2013.461   3117.498 0.0000e+00
   1995.000    35.0805    35.0665     4.1062     4.1064    228.292    234.000     0.0031 1.0000e-12     0.1297  661610615    52.0722          0   2018.545   3124.333 0.0000e+00
   2000.000    35.0783    35.0646     4.0898     4.0912    228.425    234.067     0.0048 1.0000e-12     0.1308  661610623    52.2020          0   2023.628   3132.119 0.0000e+00
   2005.000    35.0775    35.0636     4.0843     4.0855    228.656    234.072     0.0045 1.0000e-12     0.1293  661610629    52.3093          0   2028.711   3138.556 0.0000e+00
   2010.000    35.0765    35.0628     4.0756     4.0770    228.759    234.319     0.0039 1.0000e-12     0.1294  661610637    52.4361          0   2033.794   3146.166 0.0000e+00
   2015.000    35.0748    35.0611     4.0603     4.0617    228.864    234.326     0.0035 1.0000e-12     0.1283  661610644    52.5592          0   2038.878   3153.549 0.0000e+00
   2020.000    35.0739    35.0601     4.0501     4.0500    228.773    234.417     0.0056 1.0000e-12     0.1305  661610651    52.6720          0   2043.961   3160.317 0.0000e+00
   2025.000    35.0731    35.0594     4.0400     4.0414    228.921    234.406     0.0055 1.0000e-12     0.1309  661610658    52.7931          0   2049.045   3167.584 0.0000e+00
   2030.000    35.0735    35.0596     4.0363     4.0377    228.723    234.205     0.0063 1.0000e-12     0.1296  661610666    52.9207          0   2054.129   3175.241 0.0000e+00
   2035.000    35.0750    35.0612     4.0422     4.0435    228.125    234.093     0.0028 1.0000e-12     0.1294  661610672    53.0269          0   2059.213   3181.612 0.0000e+00
   2040.000    35.0734    35.0594     4.0288     4.0300    228.157    233.633     0.0006 1.0000e-12     0.1314  661610680    53.1556          0   2064.297   3189.335 0.0000e+00
   2045.000    35.0722    35.0586     4.0127     4.0139    228.248    233.883     0.0062 1.0000e-12     0.1313  661610687    53.2781          0   2069.381   3196.683 0.0000e+00
   2050.000    35.0712    35.0574     4.0001     4.0016    228.293    233.745     0.0060 1.0000e-12     0.1302  661610694    53.3884          0   2074.465   3203.301 0.0000e+00
   2055.000    35.0704    35.0567     3.9948     3.9963    228.219    233.922     0.0040 1.0000e-12     0.1289  661610702    53.5217          0   2079.550   3211.300 0.0000e+00
   2060.000    35.0683    35.0545     3.9800     3.9814    228.285    233.982     0.0064 1.0000e-12     0.1295  661610709    53.6367          0   2084.634   3218.203 0.0000e+00
   2065.000    35.0631    35.0494     3.9405     3.9419    228.927    234.217     0.0048 1.0000e-12     0.1296  661610716    53.7494          0   2089.719   3224.962 0.0000e+00
   2070.000    35.0624    35.0486     3.9372     3.9393    229.547    235.257     0.0003 1.0000e-12     0.1302  661610723    53.8820          0   2094.804   3232.921 0.0000e+00
   2075.000    35.0622    35.0485     3.9291     3.9305    229.420    235.078     0.0034 1.0000e-12     0.1299  661610730    53.9901          0   2099.889   3239.403 0.0000e+00
   2080.000    35.0630    35.0491     3.9268     3.9284    229.139    234.643     0.0071 1.0000e-12     0.1299  661610737    54.1103          0   2104.974   3246.616 0.0000e+00
   2085.000    35.0630    35.0493     3.9210     3.9224    228.673    234.250     0.0002 1.0000e-12     0.1298  661610746    54.2495          0   2110.059   3254.968 0.0000e+00
   2090.000    35.0621    35.0483     3.9126     3.9136    228.637    233.908     0.0055 1.0000e-12     0.1295  661610752    54.3528          0   2115.144   3261.170 0.0000e+00
   2095.000    35.0605    35.0467     3.8910     3.8925    228.647    234.487    -0.0012 1.0000e-12     0.1293  661610759    54.4805          0   2120.230   3268.832 0.0000e+00
   2100.000    35.0601    35.0463     3.8881     3.8896    228.673    234.291     0.0038 1.0000e-12     0.1330  661610766    54.5910          0   2125.315   3275.457 0.0000e+00
   2105.000    35.0583    35.0446     3.8713     3.8728    228.686    233.809     0.0007 1.0000e-12     0.1281  661610774    54.7250          0   2130.401   3283.502 0.0000e+00
   2110.000    35.0568    35.0429     3.8579     3.8591    228.891    234.437     0.0041 1.0000e-12     0.1301  661610780    54.8257          0   2135.486   3289.543 0.0000e+00
   2115.000    35.0553    35.0415     3.8485     3.8502    229.167    234.551     0.0060 1.0000e-12     0.1317  661610788    54.9587          0   2140.572   3297.521 0.0000e+00
   2120.000    35.0531    35.0393     3.8308     3.8321    229.244    234.991     0.0025 1.0000e-12     0.1295  661610796    55.0861          0   2145.658   3305.165 0.0000e+00
   2125.000    35.0521    35.0383     3.8260     3.8274    229.581    234.971     0.0028 1.0000e-12     0.1296  661610802    55.1893          0   2150.744   3311.358 0.0000e+00
   2130.000    35.0514    35.0376     3.8157     3.8170    229.558    235.098     0.0051 1.0000e-12     0.1291  661610810    55.3269          0   2155.831   3319.612 0.0000e+00
   2135.000    35.0503    35.0365     3.8072     3.8088    229.770    235.061     0.0044 1.0000e-12     0.1300  661610816    55.4314          0   2160.917   3325.885 0.0000e+00
   2140.000    35.0492    35.0356     3.7955     3.7967    229.652    235.320     0.0046 1.0000e-12     0.1302  661610824    55.5637          0   2166.003   3333.822 0.0000e+00
   2145.000    35.0481    35.0342     3.7858     3.7874    229.956    235.286     0.0116 1.0000e-12     0.1306  661610831    55.6733          0   2171.090   3340.400 0.0000e+00
   2150.000    35.0473    35.0336     3.7796     3.7798    229.858    235.339     0.0056 1.0000e-12     0.1300  661610838    55.7927          0   2176.177   3347.564 0.0000e+00
   2155.000    35.0452    35.0314     3.7543     3.7556    229.920    235.314     0.0006 1.0000e-12     0.1304  661610846    55.9221          0   2181.263   3355.327 0.0000e+00
   2160.000    35.0445    35.0306     3.7503     3.7518    230.136    235.516     0.0043 1.0000e-12     0.1299  661610852    56.0261          0   2186.350   3361.566 0.0000e+00
   2165.000    35.0442    35.0305     3.7481     3.7494    230.163    235.775     0.0107 1.0000e-12     0.1299  661610861    56.1765          0   2191.437   3370.588 0.0000e+00
   2170.000    35.0445    35.0307     3.7491     3.7505    229.974    235.394     0.0052 1.0000e-12     0.1295  661610866    56.2537          0   2196.525   3375.220 0.0000e+00
   2175.000    35.0445    35.0306     3.7474     3.7489    230.092    235.208     0.0094 1.0000e-12     0.1308  661610875    56.4150          0   2201.612   3384.903 0.0000e+00
   2180.000    35.0433    35.0294     3.7303     3.7317    229.768    235.171     0.0071 1.0000e-12     0.1303  661610880    56.4854          0   2206.699   3389.124 0.0000e+00
   2185.000    35.0430    35.0292     3.7333     3.7335    229.992    235.434     0.0068 1.0000e-12     0.1311  661610888    56.6322          0   2211.787   3397.932 0.0000e+00
   2190.000    35.0410    35.0272     3.7111     3.7120    229.974    235.300     0.0057 1.0000e-12     0.1294  661610895    56.7391          0   2216.874   3404.344 0.0000e+00
   2195.000    35.0395    35.0257     3.6978     3.6992    230.216    235.800     0.0035 1.0000e-12     0.1308  661610903    56.8818          0   2221.962   3412.906 0.0000e+00
   2200.000    35.0385    35.0246     3.6846     3.6858    230.131    235.644     0.0058 1.0000e-12     0.1294  661610911    57.0005          0   2227.050   3420.032 0.0000e+00
   2205.000    35.0368    35.0229     3.6690     3.6707    230.266    235.881     0.0107 1.0000e-12     0.1296  661610917    57.1137          0   2232.138   3426.825 0.0000e+00
   2210.000    35.0356    35.0218     3.6578     3.6592    230.452    235.835     0.0059 1.0000e-12     0.1319  661610925    57.2370          0   2237.226   3434.218 0.0000e+00
   2215.000    35.0350    35.0211     3.6533     3.6551    230.416    235.954     0.0030 1.0000e-12     0.1303  661610933    57.3736          0   2242.314   3442.415 0.0000e+00
   2220.000    35.0349    35.0210     3.6500     3.6515    230.471    235.794     0.0025 1.0000e-12     0.1309  661610938    57.4541          0   2247.403   3447.245 0.0000e+00
   2225.000    35.0346    35.0206     3.6509     3.6526    230.429    235.766     0.0057 1.0000e-12     0.1294  661610947    57.6127          0   2252.491   3456.759 0.0000e+00
   2230.000    35.0343    35.0204     3.6466     3.6480    230.347    235.642     0.0060 1.0000e-12     0.1302  661610953    57.6992          0   2257.580   3461.950 0.0000e+00
   2235.000    35.0339    35.0201     3.6441     3.6455    230.470    236.012     0.0044 1.0000e-12     0.1307  661610962    57.8573          0   2262.668   3471.435 0.0000e+00
   2240.000    35.0335    35.0196     3.6360     3.6372    230.397    235.510     0.0064 1.0000e-12     0.1318  661610968    57.9519          0   2267.757   3477.112 0.0000e+00
   2245.000    35.0331    35.0192     3.6306     3.6316    230.271    235.776     0.0024 1.0000e-12     0.1296  661610975    58.0801          0   2272.846   3484.804 0.0000e+00
   2250.000    35.0323    35.0185     3.6215     3.6228    230.393    235.895     0.0051 1.0000e-12     0.1303  661610983    58.1998          0   2277.935   3491.987 0.0000e+00
   2255.000    35.0315    35.0176     3.6111     3.6124    230.330    235.504     0.0064 1.0000e-12     0.1289  661610989    58.3155          0   2283.025   3498.929 0.0000e+00
   2260.000    35.0306    35.0167     3.6018     3.6031    230.313    235.340     0.0065 1.0000e-12     0.1319  661610998    58.4571          0   2288.114   3507.428 0.0000e+00
