data/UWS/CTD_bulk_raw/SO279/SO279_CTD_processed/SO279_102-1_CTD-07_processedDepthAVG.cnv
* Sea-Bird SBE 9 Data File:
* FileName = D:\CTDData\SO279\SO279_102-1_CTD-07.hex
* Software Version Seasave V 7.26.1.8
* Temperature SN = 5938
* Conductivity SN = 4108
* Number of Bytes Per Scan = 41
* Number of Voltage Words = 4
* Number of Scans Averaged by the Deck Unit = 1
* NMEA Latitude = 35 00.00 N
* NMEA Longitude = 021 00.00 W
* NMEA UTC (Time) = Dec 27 2020  07:53:18
* NMEA baud rate = 4800
# nquan = 16
# nvalues = 1021                        
# units = specified
# name 0 = depSM: Depth [salt water, m]
# name 1 = sal00: Salinity, Practical [PSU]
# name 2 = sal11: Salinity, Practical, 2 [PSU]
# name 3 = t090C: Temperature [ITS-90, deg C]
# name 4 = t190C: Temperature, 2 [ITS-90, deg C]
# name 5 = sbeox0Mm/L: Oxygen, SBE 43 [umol/l]
# name 6 = sbeox1Mm/L: Oxygen, SBE 43, 2 [umol/l]
# name 7 = flECO-AFL: Fluorescence, WET Labs ECO-AFL/FL [mg/m^3]
# name 8 = par: PAR/Irradiance, Biospherical/Licor
# name 9 = turbWETntu0: Turbidity, WET Labs ECO [NTU]
# name 10 = timeQ: Time, NMEA [seconds]
# name 11 = timeM: Time, Elapsed [minutes]
# name 12 = nbf: Bottles Fired
# name 13 = prDM: Pressure, Digiquartz [db]
# name 14 = timeS: Time, Elapsed [seconds]
# name 15 = flag: flag
# span 0 =     10.000,   5110.000       
# span 1 =    34.9301,    36.7347       
# span 2 =    34.8916,    36.5623       
# span 3 =     2.4290,    18.1199       
# span 4 =     2.4298,    18.1206       
# span 5 =    174.702,    710.014       
# span 6 =    165.923,    241.951       
# span 7 =    -0.3030,     0.1419       
# span 8 = -5.515e-06, 1.3112e-04       
# span 9 =     0.1065,     0.1360       
# span 10 =  662370836,  662378571      
# span 11 =     0.6195,   129.5402      
# span 12 =          0,          0      
# span 13 =     10.073,   5209.797      
# span 14 =     37.170,   7772.412      
# span 15 = 0.0000e+00, 0.0000e+00      
# interval = meters: 5                  
# start_time = Dec 27 2020 07:53:19 [NMEA time, first data scan]
# bad_flag = -9.990e-29
*END*
[from data line 362]
   1820.000    35.1423    35.1151     4.5043     4.5058    195.222    235.472    -0.0038 1.0000e-12     0.1284  662373669    47.8408          0   1841.315   2870.446 0.0000e+00
   1825.000    35.1423    35.1151     4.5049     4.5065    191.765    235.440    -0.0016 1.0000e-12     0.1270  662373677    47.9713          0   1846.396   2878.276 0.0000e+00
   1830.000    35.1423    35.1151     4.5057     4.5073    190.500    235.355    -0.0040 1.0000e-12     0.1288  662373684    48.0859          0   1851.477   2885.154 0.0000e+00
   1835.000    35.1389    35.1118     4.4789     4.4803    192.664    235.668     0.0076 1.0000e-12     0.1275  662373693    48.2393          0   1856.558   2894.356 0.0000e+00
   1840.000    35.1311    35.1037     4.4202     4.4207    191.597    235.908    -0.0020 1.0000e-12     0.1262  662373699    48.3430          0   1861.639   2900.578 0.0000e+00
   1845.000    35.1301    35.1024     4.4180     4.4187    191.786    236.590    -0.0102 1.0000e-12     0.1284  662373707    48.4794          0   1866.720   2908.763 0.0000e+00
   1850.000    35.1309    35.1031     4.4217     4.4231    190.119    236.281    -0.0045 1.0000e-12     0.1272  662373714    48.5960          0   1871.801   2915.759 0.0000e+00
   1855.000    35.1273    35.0998     4.3920     4.3935    188.401    236.200    -0.0038 1.0000e-12     0.1260  662373722    48.7317          0   1876.882   2923.903 0.0000e+00
   1860.000    35.1228    35.0953     4.3577     4.3599    189.996    236.616    -0.0019 1.0000e-12     0.1263  662373730    48.8552          0   1881.964   2931.312 0.0000e+00
   1865.000    35.1185    35.0906     4.3276     4.3290    189.171    237.244    -0.0020 1.0000e-12     0.1280  662373738    48.9877          0   1887.045   2939.262 0.0000e+00
   1870.000    35.1158    35.0878     4.3100     4.3105    188.476    237.694    -0.0022 1.0000e-12     0.1279  662373745    49.1102          0   1892.127   2946.612 0.0000e+00
   1875.000    35.1102    35.0823     4.2723     4.2740    188.717    237.894    -0.0022 1.0000e-12     0.1288  662373753    49.2351          0   1897.209   2954.107 0.0000e+00
   1880.000    35.1043    35.0765     4.2340     4.2356    188.654    238.404    -0.0020 1.0000e-12     0.1267  662373761    49.3671          0   1902.291   2962.028 0.0000e+00
   1885.000    35.1026    35.0744     4.2221     4.2244    187.894    238.521    -0.0056 1.0000e-12     0.1281  662373768    49.4901          0   1907.373   2969.409 0.0000e+00
   1890.000    35.1003    35.0723     4.2066     4.2079    187.213    238.790    -0.0059 1.0000e-12     0.1270  662373776    49.6158          0   1912.455   2976.946 0.0000e+00
   1895.000    35.0981    35.0700     4.1925     4.1944    186.584    238.978    -0.0052 1.0000e-12     0.1277  662373783    49.7455          0   1917.537   2984.733 0.0000e+00
   1900.000    35.0968    35.0688     4.1855     4.1871    185.213    239.113    -0.0046 1.0000e-12     0.1282  662373791    49.8668          0   1922.620   2992.009 0.0000e+00
   1905.000    35.0954    35.0675     4.1773     4.1788    184.272    239.057    -0.0023 1.0000e-12     0.1285  662373799    50.0018          0   1927.702   3000.105 0.0000e+00
   1910.000    35.0935    35.0655     4.1613     4.1629    184.195    239.191    -0.0011 1.0000e-12     0.1279  662373806    50.1225          0   1932.785   3007.348 0.0000e+00
   1915.000    35.0913    35.0630     4.1416     4.1428    184.079    239.419    -0.0022 1.0000e-12     0.1271  662373814    50.2506          0   1937.868   3015.035 0.0000e+00
   1920.000    35.0897    35.0614     4.1291     4.1304    183.996    239.729    -0.0010 1.0000e-12     0.1288  662373821    50.3766          0   1942.950   3022.594 0.0000e+00
   1925.000    35.0876    35.0591     4.1119     4.1128    184.430    239.829    -0.0020 1.0000e-12     0.1273  662373829    50.5076          0   1948.033   3030.459 0.0000e+00
   1930.000    35.0869    35.0584     4.1080     4.1095    184.049    240.020    -0.0029 1.0000e-12     0.1278  662373836    50.6315          0   1953.117   3037.888 0.0000e+00
   1935.000    35.0848    35.0560     4.0888     4.0897    183.866    239.886    -0.0038 1.0000e-12     0.1273  662373844    50.7518          0   1958.200   3045.110 0.0000e+00
   1940.000    35.0824    35.0538     4.0665     4.0669    182.855    240.209    -0.0009 1.0000e-12     0.1269  662373852    50.8918          0   1963.283   3053.508 0.0000e+00
   1945.000    35.0820    35.0533     4.0624     4.0637    184.013    240.142    -0.0025 1.0000e-12     0.1283  662373859    51.0118          0   1968.367   3060.706 0.0000e+00
   1950.000    35.0813    35.0524     4.0542     4.0548    183.736    240.126    -0.0038 1.0000e-12     0.1286  662373867    51.1446          0   1973.450   3068.675 0.0000e+00
   1955.000    35.0790    35.0498     4.0330     4.0330    183.777    240.166    -0.0013 1.0000e-12     0.1280  662373874    51.2581          0   1978.534   3075.489 0.0000e+00
   1960.000    35.0772    35.0481     4.0180     4.0190    183.801    240.577    -0.0015 1.0000e-12     0.1280  662373882    51.3840          0   1983.618   3083.041 0.0000e+00
   1965.000    35.0758    35.0467     4.0050     4.0057    181.595    240.567    -0.0059 1.0000e-12     0.1277  662373889    51.5019          0   1988.702   3090.114 0.0000e+00
   1970.000    35.0747    35.0456     3.9980     3.9994    184.296    240.668    -0.0024 1.0000e-12     0.1279  662373896    51.6304          0   1993.786   3097.826 0.0000e+00
   1975.000    35.0736    35.0444     3.9853     3.9868    183.674    240.652    -0.0021 1.0000e-12     0.1287  662373903    51.7479          0   1998.870   3104.871 0.0000e+00
   1980.000    35.0721    35.0428     3.9718     3.9726    183.619    240.710    -0.0021 1.0000e-12     0.1292  662373911    51.8742          0   2003.954   3112.454 0.0000e+00
   1985.000    35.0715    35.0421     3.9640     3.9654    183.511    240.938    -0.0032 1.0000e-12     0.1292  662373918    51.9936          0   2009.039   3119.618 0.0000e+00
   1990.000    35.0700    35.0405     3.9463     3.9483    183.483    240.764    -0.0048 1.0000e-12     0.1282  662373925    52.1131          0   2014.123   3126.783 0.0000e+00
   1995.000    35.0684    35.0388     3.9331     3.9338    183.355    241.268    -0.0002 1.0000e-12     0.1288  662373934    52.2517          0   2019.208   3135.101 0.0000e+00
   2000.000    35.0668    35.0369     3.9207     3.9204    183.793    240.980    -0.0011 1.0000e-12     0.1283  662373940    52.3545          0   2024.293   3141.269 0.0000e+00
   2005.000    35.0658    35.0360     3.9112     3.9125    183.993    241.005    -0.0022 1.0000e-12     0.1292  662373948    52.4897          0   2029.378   3149.383 0.0000e+00
   2010.000    35.0645    35.0347     3.8998     3.9010    183.887    241.098     0.0008 1.0000e-12     0.1290  662373955    52.6022          0   2034.463   3156.132 0.0000e+00
   2015.000    35.0631    35.0331     3.8856     3.8871    183.817    241.409    -0.0012 1.0000e-12     0.1275  662373963    52.7384          0   2039.548   3164.302 0.0000e+00
   2020.000    35.0617    35.0317     3.8742     3.8753    184.048    241.454    -0.0011 1.0000e-12     0.1274  662373970    52.8521          0   2044.633   3171.128 0.0000e+00
   2025.000    35.0602    35.0301     3.8603     3.8622    183.944    241.416    -0.0022 1.0000e-12     0.1289  662373977    52.9717          0   2049.719   3178.303 0.0000e+00
   2030.000    35.0597    35.0294     3.8531     3.8546    184.085    241.631    -0.0012 1.0000e-12     0.1279  662373984    53.0964          0   2054.804   3185.786 0.0000e+00
   2035.000    35.0595    35.0291     3.8466     3.8479    183.748    241.425     0.0001 1.0000e-12     0.1271  662373992    53.2167          0   2059.890   3193.001 0.0000e+00
   2040.000    35.0584    35.0280     3.8362     3.8375    183.930    241.597    -0.0013 1.0000e-12     0.1279  662373999    53.3448          0   2064.975   3200.686 0.0000e+00
   2045.000    35.0580    35.0275     3.8326     3.8342    183.849    241.279    -0.0038 1.0000e-12     0.1281  662374006    53.4612          0   2070.061   3207.673 0.0000e+00
   2050.000    35.0571    35.0265     3.8219     3.8234    183.657    241.709    -0.0036 1.0000e-12     0.1279  662374014    53.5842          0   2075.147   3215.050 0.0000e+00
   2055.000    35.0572    35.0264     3.8187     3.8198    183.097    241.341    -0.0045 1.0000e-12     0.1277  662374022    53.7219          0   2080.233   3223.315 0.0000e+00
   2060.000    35.0570    35.0262     3.8176     3.8190    183.812    241.639     0.0018 1.0000e-12     0.1280  662374029    53.8347          0   2085.320   3230.079 0.0000e+00
   2065.000    35.0565    35.0255     3.8082     3.8078    183.746    241.516    -0.0019 1.0000e-12     0.1290  662374036    53.9532          0   2090.406   3237.193 0.0000e+00
   2070.000    35.0558    35.0248     3.7977     3.7990    183.613    241.326    -0.0033 1.0000e-12     0.1275  662374043    54.0777          0   2095.493   3244.664 0.0000e+00
   2075.000    35.0554    35.0242     3.7929     3.7944    183.846    241.445    -0.0029 1.0000e-12     0.1282  662374051    54.2017          0   2100.579   3252.100 0.0000e+00
   2080.000    35.0539    35.0226     3.7731     3.7741    182.659    241.537    -0.0012 1.0000e-12     0.1287  662374058    54.3192          0   2105.666   3259.151 0.0000e+00
   2085.000    35.0523    35.0208     3.7626     3.7636    183.927    241.951    -0.0030 1.0000e-12     0.1304  662374065    54.4433          0   2110.753   3266.601 0.0000e+00
   2090.000    35.0517    35.0202     3.7554     3.7574    183.297    241.580     0.0004 1.0000e-12     0.1288  662374073    54.5767          0   2115.840   3274.602 0.0000e+00
   2095.000    35.0511    35.0194     3.7457     3.7477    183.649    241.776    -0.0013 1.0000e-12     0.1284  662374080    54.6841          0   2120.927   3281.046 0.0000e+00
   2100.000    35.0507    35.0190     3.7364     3.7384    183.523    241.458    -0.0020 1.0000e-12     0.1293  662374087    54.8116          0   2126.014   3288.695 0.0000e+00
   2105.000    35.0496    35.0179     3.7212     3.7228    183.487    241.415    -0.0031 1.0000e-12     0.1281  662374094    54.9298          0   2131.101   3295.787 0.0000e+00
   2110.000    35.0490    35.0171     3.7153     3.7160    183.454    241.200    -0.0011 1.0000e-12     0.1267  662374103    55.0676          0   2136.189   3304.053 0.0000e+00
   2115.000    35.0483    35.0163     3.7060     3.7074    183.060    241.412    -0.0011 1.0000e-12     0.1289  662374109    55.1712          0   2141.276   3310.274 0.0000e+00
   2120.000    35.0470    35.0149     3.6904     3.6910    183.291    241.513    -0.0022 1.0000e-12     0.1282  662374117    55.3071          0   2146.364   3318.426 0.0000e+00
   2125.000    35.0462    35.0141     3.6812     3.6826    183.366    241.716    -0.0011 1.0000e-12     0.1289  662374124    55.4229          0   2151.451   3325.374 0.0000e+00
   2130.000    35.0459    35.0137     3.6769     3.6778    183.139    241.286    -0.0011 1.0000e-12     0.1276  662374131    55.5454          0   2156.539   3332.724 0.0000e+00
   2135.000    35.0458    35.0136     3.6705     3.6719    182.967    241.253    -0.0011 1.0000e-12     0.1281  662374139    55.6717          0   2161.627   3340.304 0.0000e+00
   2140.000    35.0465    35.0142     3.6670     3.6680    182.851    241.182    -0.0036 1.0000e-12     0.1293  662374146    55.7940          0   2166.716   3347.638 0.0000e+00
   2145.000    35.0470    35.0146     3.6636     3.6651    182.797    240.541    -0.0008 1.0000e-12     0.1305  662374153    55.9149          0   2171.804   3354.893 0.0000e+00
   2150.000    35.0474    35.0149     3.6595     3.6608    182.500    240.691    -0.0029 1.0000e-12     0.1273  662374161    56.0408          0   2176.892   3362.451 0.0000e+00
   2155.000    35.0472    35.0147     3.6526     3.6539    182.258    240.431    -0.0024 1.0000e-12     0.1287  662374168    56.1560          0   2181.981   3369.363 0.0000e+00
   2160.000    35.0464    35.0137     3.6421     3.6434    182.099    240.321    -0.0018 1.0000e-12     0.1281  662374175    56.2802          0   2187.069   3376.813 0.0000e+00
   2165.000    35.0459    35.0131     3.6375     3.6386    181.991    240.397    -0.0011 1.0000e-12     0.1289  662374183    56.4144          0   2192.158   3384.862 0.0000e+00
   2170.000    35.0450    35.0120     3.6244     3.6255    182.186    240.304     0.0000 1.0000e-12     0.1276  662374190    56.5273          0   2197.247   3391.637 0.0000e+00
   2175.000    35.0444    35.0114     3.6143     3.6155    182.102    240.171    -0.0011 1.0000e-12     0.1276  662374198    56.6528          0   2202.336   3399.168 0.0000e+00
   2180.000    35.0442    35.0112     3.6070     3.6084    181.844    240.200     0.0014 1.0000e-12     0.1282  662374205    56.7767          0   2207.425   3406.604 0.0000e+00
   2185.000    35.0441    35.0109     3.6042     3.6057    181.750    239.766    -0.0034 1.0000e-12     0.1288  662374213    56.9025          0   2212.514   3414.147 0.0000e+00
   2190.000    35.0441    35.0108     3.6017     3.6033    181.722    239.823    -0.0021 1.0000e-12     0.1276  662374220    57.0234          0   2217.603   3421.402 0.0000e+00
   2195.000    35.0435    35.0102     3.5898     3.5913    181.614    239.896    -0.0012 1.0000e-12     0.1277  662374227    57.1337          0   2222.693   3428.022 0.0000e+00
   2200.000    35.0424    35.0092     3.5742     3.5761    181.415    239.731    -0.0055 1.0000e-12     0.1298  662374235    57.2775          0   2227.782   3436.652 0.0000e+00
   2205.000    35.0419    35.0083     3.5694     3.5708    181.491    239.847    -0.0020 1.0000e-12     0.1293  662374242    57.3824          0   2232.872   3442.946 0.0000e+00
   2210.000    35.0410    35.0074     3.5616     3.5629    181.505    239.702     0.0008 1.0000e-12     0.1278  662374249    57.5138          0   2237.962   3450.828 0.0000e+00
   2215.000    35.0402    35.0065     3.5514     3.5531    181.467    239.810    -0.0015 1.0000e-12     0.1287  662374257    57.6329          0   2243.052   3457.974 0.0000e+00
   2220.000    35.0395    35.0059     3.5443     3.5454    181.364    239.917    -0.0011 1.0000e-12     0.1283  662374264    57.7608          0   2248.142   3465.649 0.0000e+00
   2225.000    35.0391    35.0054     3.5400     3.5413    181.403    239.598    -0.0011 1.0000e-12     0.1287  662374271    57.8811          0   2253.232   3472.867 0.0000e+00
   2230.000    35.0385    35.0048     3.5313     3.5330    181.356    239.459    -0.0011 1.0000e-12     0.1283  662374279    58.0021          0   2258.322   3480.125 0.0000e+00
   2235.000    35.0376    35.0039     3.5176     3.5187    180.941    239.728    -0.0011 1.0000e-12     0.1274  662374286    58.1298          0   2263.413   3487.790 0.0000e+00
   2240.000    35.0371    35.0031     3.5142     3.5156    181.292    239.207    -0.0016 1.0000e-12     0.1275  662374293    58.2487          0   2268.503   3494.925 0.0000e+00
   2245.000    35.0364    35.0024     3.5056     3.5064    181.182    239.607    -0.0009 1.0000e-12     0.1287  662374301    58.3669          0   2273.594   3502.015 0.0000e+00
   2250.000    35.0356    35.0016     3.4968     3.4976    181.191    239.608     0.0009 1.0000e-12     0.1285  662374308    58.4900          0   2278.685   3509.402 0.0000e+00
   2255.000    35.0347    35.0007     3.4867     3.4880    181.105    239.808    -0.0010 1.0000e-12     0.1292  662374316    58.6194          0   2283.775   3517.166 0.0000e+00
   2260.000    35.0340    35.0000     3.4774     3.4784    181.069    239.709    -0.0011 1.0000e-12     0.1293  662374323    58.7386          0   2288.866   3524.315 0.0000e+00
