data/UWS/CTD_bulk_raw/SO279/SO279_CTD_processed/SO279_102-1_CTD-07_processedDepthAVG.cnv
* Sea-Bird SBE 9 Data File:
* FileName = D:\CTDData\SO279\SO279_102-1_CTD-07.hex
* Software Version Seasave V 7.26.1.8
* Temperature SN = 5938
* Conductivity SN = 4108
* Number of Bytes Per Scan = 41
* Number of Voltage Words = 4
* Number of Scans Averaged by the Deck Unit = 1
* NMEA Latitude = 35 00.00 N
* NMEA Longitude = 021 00.00 W
* NMEA UTC (Time) = Dec 27 2020  07:53:18
* NMEA baud rate = 4800
# nquan = 16
# nvalues = 1021                        
# units = specified
# name 0 = depSM: Depth [salt water, m]
# name 1 = sal00: Salinity, Practical [PSU]
# name 2 = sal11: Salinity, Practical, 2 [PSU]
# name 3 = t090C: Temperature [ITS-90, deg C]
# name 4 = t190C: Temperature, 2 [ITS-90, deg C]
# name 5 = sbeox0Mm/L: Oxygen, SBE 43 [umol/l]
# name 6 = sbeox1Mm/L: Oxygen, SBE 43, 2 [umol/l]
# name 7 = flECO-AFL: Fluorescence, WET Labs ECO-AFL/FL [mg/m^3]
# name 8 = par: PAR/Irradiance, Biospherical/Licor
# name 9 = turbWETntu0: Turbidity, WET Labs ECO [NTU]
# name 10 = timeQ: Time, NMEA [seconds]
# name 11 = timeM: Time, Elapsed [minutes]
# name 12 = nbf: Bottles Fired
# name 13 = prDM: Pressure, Digiquartz [db]
# name 14 = timeS: Time, Elapsed [seconds]
# name 15 = flag: flag
# span 0 =     10.000,   5110.000       
# span 1 =    34.9301,    36.7347       
# span 2 =    34.8916,    36.5623       
# span 3 =     2.4290,    18.1199       
# span 4 =     2.4298,    18.1206       
# span 5 =    174.702,    710.014       
# span 6 =    165.923,    241.951       
# span 7 =    -0.3030,     0.1419       
# span 8 = -5.515e-06, 1.3112e-04       
# span 9 =     0.1065,     0.1360       
# span 10 =  662370836,  662378571      
# span 11 =     0.6195,   129.5402      
# span 12 =          0,          0      
# span 13 =     10.073,   5209.797      
# span 14 =     37.170,   7772.412      
# span 15 = 0.0000e+00, 0.0000e+00      
# interval = meters: 5                  
# start_time = Dec 27 2020 07:53:19 [NMEA time, first data scan]
# bad_flag = -9.990e-29
*END*
[from data line 452]
   2270.000    35.0335    34.9994     3.4707     3.4717    181.010    239.606    -0.0011 1.0000e-12     0.1285  662374338    58.9899          0   2299.049   3539.394 0.0000e+00
   2275.000    35.0331    34.9988     3.4638     3.4648    180.918    239.410    -0.0022 1.0000e-12     0.1300  662374345    59.1045          0   2304.140   3546.268 0.0000e+00
   2280.000    35.0326    34.9983     3.4554     3.4562    180.826    239.415     0.0003 1.0000e-12     0.1292  662374352    59.2293          0   2309.232   3553.755 0.0000e+00
   2285.000    35.0317    34.9974     3.4425     3.4438    180.767    238.964    -0.0012 1.0000e-12     0.1289  662374360    59.3551          0   2314.323   3561.309 0.0000e+00
   2290.000    35.0310    34.9966     3.4359     3.4371    180.741    239.279    -0.0008 1.0000e-12     0.1298  662374368    59.4844          0   2319.415   3569.067 0.0000e+00
   2295.000    35.0301    34.9957     3.4265     3.4274    180.697    239.098    -0.0024 1.0000e-12     0.1294  662374374    59.5950          0   2324.507   3575.697 0.0000e+00
   2300.000    35.0292    34.9947     3.4178     3.4192    180.803    239.300     0.0007 1.0000e-12     0.1290  662374382    59.7272          0   2329.599   3583.632 0.0000e+00
   2305.000    35.0287    34.9941     3.4121     3.4128    180.750    239.281    -0.0000 1.0000e-12     0.1286  662374388    59.8320          0   2334.691   3589.918 0.0000e+00
   2310.000    35.0276    34.9931     3.4021     3.4024    180.768    239.207    -0.0061 1.0000e-12     0.1304  662374398    59.9856          0   2339.783   3599.137 0.0000e+00
   2315.000    35.0267    34.9921     3.3928     3.3938    180.765    239.463    -0.0003 1.0000e-12     0.1299  662374404    60.0876          0   2344.875   3605.259 0.0000e+00
   2320.000    35.0264    34.9919     3.3896     3.3904    180.842    239.115     0.0006 1.0000e-12     0.1293  662374411    60.2155          0   2349.968   3612.928 0.0000e+00
   2325.000    35.0255    34.9909     3.3775     3.3782    180.561    239.474    -0.0010 1.0000e-12     0.1283  662374419    60.3393          0   2355.060   3620.357 0.0000e+00
   2330.000    35.0252    34.9905     3.3769     3.3780    180.779    239.254    -0.0001 1.0000e-12     0.1314  662374427    60.4661          0   2360.153   3627.969 0.0000e+00
   2335.000    35.0240    34.9892     3.3613     3.3621    180.782    239.304     0.0011 1.0000e-12     0.1293  662374434    60.5911          0   2365.246   3635.468 0.0000e+00
   2340.000    35.0226    34.9879     3.3483     3.3504    180.788    239.354    -0.0010 1.0000e-12     0.1285  662374441    60.7124          0   2370.339   3642.744 0.0000e+00
   2345.000    35.0213    34.9866     3.3334     3.3347    180.778    239.526    -0.0018 1.0000e-12     0.1278  662374449    60.8387          0   2375.432   3650.322 0.0000e+00
   2350.000    35.0208    34.9860     3.3297     3.3304    180.782    239.535     0.0004 1.0000e-12     0.1287  662374456    60.9625          0   2380.525   3657.753 0.0000e+00
   2355.000    35.0200    34.9853     3.3200     3.3211    180.741    239.328    -0.0000 1.0000e-12     0.1285  662374464    61.0940          0   2385.618   3665.642 0.0000e+00
   2360.000    35.0200    34.9852     3.3167     3.3178    180.704    239.255    -0.0016 1.0000e-12     0.1298  662374471    61.2097          0   2390.711   3672.580 0.0000e+00
   2365.000    35.0198    34.9851     3.3131     3.3143    180.581    239.004     0.0005 1.0000e-12     0.1280  662374479    61.3372          0   2395.805   3680.232 0.0000e+00
   2370.000    35.0194    34.9846     3.3056     3.3068    180.568    239.198    -0.0029 1.0000e-12     0.1285  662374486    61.4614          0   2400.898   3687.686 0.0000e+00
   2375.000    35.0192    34.9843     3.3012     3.3024    180.519    239.087     0.0025 1.0000e-12     0.1277  662374494    61.5947          0   2405.992   3695.683 0.0000e+00
   2380.000    35.0191    34.9843     3.2996     3.3010    180.461    238.942     0.0017 1.0000e-12     0.1299  662374501    61.7140          0   2411.086   3702.839 0.0000e+00
   2385.000    35.0189    34.9841     3.2928     3.2935    180.331    238.772    -0.0017 1.0000e-12     0.1287  662374509    61.8378          0   2416.180   3710.268 0.0000e+00
   2390.000    35.0185    34.9835     3.2860     3.2871    180.299    238.713    -0.0003 1.0000e-12     0.1286  662374516    61.9611          0   2421.274   3717.666 0.0000e+00
   2395.000    35.0180    34.9829     3.2801     3.2813    180.101    238.635    -0.0010 1.0000e-12     0.1283  662374524    62.0869          0   2426.368   3725.211 0.0000e+00
   2400.000    35.0175    34.9825     3.2765     3.2777    180.247    238.836     0.0023 1.0000e-12     0.1284  662374532    62.2175          0   2431.463   3733.051 0.0000e+00
   2405.000    35.0176    34.9824     3.2744     3.2757    180.168    238.619    -0.0015 1.0000e-12     0.1298  662374539    62.3449          0   2436.557   3740.696 0.0000e+00
   2410.000    35.0175    34.9824     3.2670     3.2684    180.015    238.414    -0.0022 1.0000e-12     0.1295  662374546    62.4618          0   2441.651   3747.706 0.0000e+00
   2415.000    35.0169    34.9817     3.2591     3.2602    179.972    238.458     0.0001 1.0000e-12     0.1302  662374554    62.5963          0   2446.746   3755.778 0.0000e+00
   2420.000    35.0163    34.9810     3.2520     3.2531    179.926    238.427    -0.0008 1.0000e-12     0.1290  662374561    62.7142          0   2451.841   3762.850 0.0000e+00
   2425.000    35.0153    34.9801     3.2430     3.2445    179.808    238.434    -0.0009 1.0000e-12     0.1274  662374569    62.8485          0   2456.936   3770.912 0.0000e+00
   2430.000    35.0157    34.9802     3.2425     3.2440    179.928    238.298    -0.0031 1.0000e-12     0.1279  662374576    62.9649          0   2462.031   3777.895 0.0000e+00
   2435.000    35.0150    34.9795     3.2308     3.2314    179.838    238.344     0.0008 1.0000e-12     0.1294  662374584    63.0929          0   2467.126   3785.576 0.0000e+00
   2440.000    35.0151    34.9796     3.2261     3.2276    179.685    237.990    -0.0016 1.0000e-12     0.1284  662374591    63.2143          0   2472.221   3792.857 0.0000e+00
   2445.000    35.0154    34.9799     3.2243     3.2256    179.525    238.052    -0.0023 1.0000e-12     0.1291  662374599    63.3464          0   2477.317   3800.782 0.0000e+00
   2450.000    35.0155    34.9800     3.2215     3.2227    179.325    237.828     0.0003 1.0000e-12     0.1275  662374606    63.4608          0   2482.412   3807.647 0.0000e+00
   2455.000    35.0150    34.9794     3.2148     3.2157    179.238    237.286     0.0009 1.0000e-12     0.1286  662374614    63.5988          0   2487.508   3815.928 0.0000e+00
   2460.000    35.0141    34.9785     3.2059     3.2071    179.198    237.626    -0.0003 1.0000e-12     0.1290  662374621    63.7125          0   2492.604   3822.749 0.0000e+00
   2465.000    35.0134    34.9777     3.1980     3.1991    179.284    237.802    -0.0006 1.0000e-12     0.1281  662374630    63.8533          0   2497.700   3831.199 0.0000e+00
   2470.000    35.0127    34.9769     3.1912     3.1924    179.348    237.574    -0.0001 1.0000e-12     0.1298  662374637    63.9702          0   2502.795   3838.212 0.0000e+00
   2475.000    35.0121    34.9763     3.1864     3.1877    179.350    237.534     0.0030 1.0000e-12     0.1278  662374644    64.0914          0   2507.891   3845.485 0.0000e+00
   2480.000    35.0115    34.9758     3.1774     3.1787    179.206    237.451    -0.0011 1.0000e-12     0.1281  662374651    64.2129          0   2512.988   3852.772 0.0000e+00
   2485.000    35.0111    34.9752     3.1738     3.1752    179.370    237.771    -0.0010 1.0000e-12     0.1308  662374660    64.3544          0   2518.084   3861.262 0.0000e+00
   2490.000    35.0106    34.9747     3.1688     3.1695    179.253    237.513    -0.0000 1.0000e-12     0.1287  662374666    64.4650          0   2523.180   3867.900 0.0000e+00
   2495.000    35.0099    34.9739     3.1576     3.1594    179.226    237.505    -0.0001 1.0000e-12     0.1288  662374674    64.5861          0   2528.277   3875.167 0.0000e+00
   2500.000    35.0090    34.9731     3.1484     3.1493    179.223    237.587     0.0011 1.0000e-12     0.1292  662374682    64.7194          0   2533.374   3883.162 0.0000e+00
   2505.000    35.0086    34.9727     3.1458     3.1474    179.198    237.518    -0.0004 1.0000e-12     0.1289  662374690    64.8534          0   2538.470   3891.206 0.0000e+00
   2510.000    35.0080    34.9719     3.1387     3.1394    179.084    237.302     0.0021 1.0000e-12     0.1279  662374696    64.9632          0   2543.567   3897.793 0.0000e+00
   2515.000    35.0070    34.9711     3.1250     3.1262    179.095    237.368    -0.0009 1.0000e-12     0.1282  662374704    65.0899          0   2548.665   3905.393 0.0000e+00
   2520.000    35.0066    34.9706     3.1215     3.1229    179.112    237.302    -0.0035 1.0000e-12     0.1286  662374712    65.2163          0   2553.762   3912.978 0.0000e+00
   2525.000    35.0062    34.9703     3.1169     3.1179    179.000    237.168    -0.0025 1.0000e-12     0.1284  662374719    65.3481          0   2558.859   3920.885 0.0000e+00
   2530.000    35.0059    34.9698     3.1142     3.1153    179.050    237.338    -0.0009 1.0000e-12     0.1269  662374727    65.4666          0   2563.956   3927.997 0.0000e+00
   2535.000    35.0054    34.9694     3.1077     3.1080    178.969    237.368    -0.0011 1.0000e-12     0.1278  662374734    65.5928          0   2569.054   3935.569 0.0000e+00
   2540.000    35.0051    34.9690     3.1032     3.1044    178.952    237.221    -0.0011 1.0000e-12     0.1284  662374741    65.7144          0   2574.152   3942.866 0.0000e+00
   2545.000    35.0046    34.9687     3.0975     3.0985    178.908    237.246    -0.0011 1.0000e-12     0.1289  662374750    65.8496          0   2579.249   3950.977 0.0000e+00
   2550.000    35.0043    34.9682     3.0928     3.0941    178.992    236.979     0.0001 1.0000e-12     0.1277  662374757    65.9697          0   2584.347   3958.182 0.0000e+00
   2555.000    35.0038    34.9677     3.0863     3.0877    178.902    237.188    -0.0020 1.0000e-12     0.1298  662374764    66.0957          0   2589.445   3965.744 0.0000e+00
   2560.000    35.0033    34.9672     3.0802     3.0826    178.894    236.980    -0.0022 1.0000e-12     0.1289  662374771    66.2098          0   2594.543   3972.585 0.0000e+00
   2565.000    35.0026    34.9663     3.0716     3.0721    178.897    237.089    -0.0021 1.0000e-12     0.1287  662374780    66.3589          0   2599.641   3981.532 0.0000e+00
   2570.000    35.0024    34.9661     3.0689     3.0700    178.892    237.147    -0.0020 1.0000e-12     0.1292  662374787    66.4668          0   2604.740   3988.010 0.0000e+00
   2575.000    35.0021    34.9658     3.0652     3.0663    178.849    236.986     0.0005 1.0000e-12     0.1283  662374794    66.5932          0   2609.838   3995.594 0.0000e+00
   2580.000    35.0017    34.9655     3.0598     3.0610    178.816    236.943    -0.0008 1.0000e-12     0.1278  662374801    66.7128          0   2614.937   4002.769 0.0000e+00
   2585.000    35.0014    34.9651     3.0568     3.0580    178.766    236.880    -0.0025 1.0000e-12     0.1274  662374810    66.8509          0   2620.036   4011.053 0.0000e+00
   2590.000    35.0011    34.9648     3.0522     3.0535    178.762    236.899    -0.0017 1.0000e-12     0.1287  662374817    66.9736          0   2625.134   4018.418 0.0000e+00
   2595.000    35.0007    34.9642     3.0457     3.0467    178.775    236.605    -0.0031 1.0000e-12     0.1282  662374824    67.0933          0   2630.233   4025.598 0.0000e+00
   2600.000    35.0003    34.9639     3.0418     3.0429    178.683    236.783    -0.0003 1.0000e-12     0.1276  662374832    67.2205          0   2635.332   4033.230 0.0000e+00
   2605.000    35.0000    34.9636     3.0382     3.0392    178.620    236.846    -0.0013 1.0000e-12     0.1278  662374839    67.3413          0   2640.432   4040.477 0.0000e+00
   2610.000    34.9997    34.9633     3.0346     3.0362    178.566    236.604    -0.0009 1.0000e-12     0.1296  662374847    67.4685          0   2645.531   4048.111 0.0000e+00
   2615.000    34.9996    34.9632     3.0341     3.0354    178.599    236.540    -0.0002 1.0000e-12     0.1282  662374855    67.5993          0   2650.630   4055.959 0.0000e+00
   2620.000    34.9994    34.9629     3.0317     3.0331    178.611    236.580    -0.0000 1.0000e-12     0.1279  662374862    67.7163          0   2655.730   4062.979 0.0000e+00
   2625.000    34.9993    34.9628     3.0276     3.0288    178.552    236.582    -0.0011 1.0000e-12     0.1283  662374869    67.8445          0   2660.829   4070.668 0.0000e+00
   2630.000    34.9988    34.9622     3.0219     3.0235    178.579    236.272     0.0006 1.0000e-12     0.1295  662374877    67.9725          0   2665.929   4078.348 0.0000e+00
   2635.000    34.9987    34.9620     3.0203     3.0217    178.592    236.456    -0.0018 1.0000e-12     0.1286  662374884    68.0859          0   2671.029   4085.152 0.0000e+00
   2640.000    34.9986    34.9620     3.0198     3.0211    178.559    236.723    -0.0007 1.0000e-12     0.1291  662374892    68.2190          0   2676.129   4093.143 0.0000e+00
   2645.000    34.9985    34.9619     3.0186     3.0198    178.516    236.266     0.0016 1.0000e-12     0.1283  662374899    68.3393          0   2681.229   4100.355 0.0000e+00
   2650.000    34.9983    34.9616     3.0149     3.0162    178.497    236.123     0.0032 1.0000e-12     0.1298  662374907    68.4734          0   2686.329   4108.405 0.0000e+00
   2655.000    34.9982    34.9614     3.0131     3.0142    178.468    236.470    -0.0013 1.0000e-12     0.1296  662374913    68.5820          0   2691.430   4114.921 0.0000e+00
   2660.000    34.9979    34.9611     3.0072     3.0085    178.399    236.269    -0.0009 1.0000e-12     0.1284  662374922    68.7311          0   2696.530   4123.864 0.0000e+00
   2665.000    34.9976    34.9608     3.0047     3.0060    178.364    236.088    -0.0008 1.0000e-12     0.1282  662374929    68.8370          0   2701.631   4130.219 0.0000e+00
   2670.000    34.9976    34.9606     3.0040     3.0053    178.352    236.293     0.0028 1.0000e-12     0.1296  662374937    68.9748          0   2706.732   4138.490 0.0000e+00
   2675.000    34.9973    34.9604     2.9989     3.0010    178.337    236.032    -0.0000 1.0000e-12     0.1288  662374944    69.0869          0   2711.832   4145.214 0.0000e+00
   2680.000    34.9969    34.9599     2.9933     2.9948    178.308    236.129    -0.0010 1.0000e-12     0.1287  662374952    69.2265          0   2716.933   4153.590 0.0000e+00
   2685.000    34.9965    34.9595     2.9885     2.9895    178.270    235.919    -0.0010 1.0000e-12     0.1275  662374959    69.3358          0   2722.034   4160.150 0.0000e+00
   2690.000    34.9960    34.9589     2.9818     2.9829    178.302    236.208     0.0001 1.0000e-12     0.1271  662374967    69.4687          0   2727.136   4168.121 0.0000e+00
   2695.000    34.9957    34.9586     2.9782     2.9793    178.227    235.934     0.0006 1.0000e-12     0.1276  662374974    69.5894          0   2732.237   4175.363 0.0000e+00
   2700.000    34.9956    34.9584     2.9782     2.9794    178.141    235.887    -0.0013 1.0000e-12     0.1301  662374982    69.7244          0   2737.338   4183.462 0.0000e+00
   2705.000    34.9954    34.9582     2.9759     2.9770    178.129    236.088    -0.0010 1.0000e-12     0.1282  662374990    69.8601          0   2742.440   4191.606 0.0000e+00
   2710.000    34.9951    34.9578     2.9715     2.9727    178.181    236.002    -0.0001 1.0000e-12     0.1279  662374997    69.9690          0   2747.541   4198.142 0.0000e+00
   2715.000    34.9946    34.9572     2.9635     2.9645    178.109    235.742    -0.0018 1.0000e-12     0.1270  662375003    70.0794          0   2752.643   4204.767 0.0000e+00
