data/UWS/CTD_bulk_raw/SO279/SO279_CTD_processed/SO279_102-1_CTD-07_processedDepthAVG.cnv
* Sea-Bird SBE 9 Data File:
* FileName = D:\CTDData\SO279\SO279_102-1_CTD-07.hex
* Software Version Seasave V 7.26.1.8
* Temperature SN = 5938
* Conductivity SN = 4108
* Number of Bytes Per Scan = 41
* Number of Voltage Words = 4
* Number of Scans Averaged by the Deck Unit = 1
* NMEA Latitude = 35 00.00 N
* NMEA Longitude = 021 00.00 W
* NMEA UTC (Time) = Dec 27 2020  07:53:18
* NMEA baud rate = 4800
# nquan = 16
# nvalues = 1021                        
# units = specified
# name 0 = depSM: Depth [salt water, m]
# name 1 = sal00: Salinity, Practical [PSU]
# name 2 = sal11: Salinity, Practical, 2 [PSU]
# name 3 = t090C: Temperature [ITS-90, deg C]
# name 4 = t190C: Temperature, 2 [ITS-90, deg C]
# name 5 = sbeox0Mm/L: Oxygen, SBE 43 [umol/l]
# name 6 = sbeox1Mm/L: Oxygen, SBE 43, 2 [umol/l]
# name 7 = flECO-AFL: Fluorescence, WET Labs ECO-AFL/FL [mg/m^3]
# name 8 = par: PAR/Irradiance, Biospherical/Licor
# name 9 = turbWETntu0: Turbidity, WET Labs ECO [NTU]
# name 10 = timeQ: Time, NMEA [seconds]
# name 11 = timeM: Time, Elapsed [minutes]
# name 12 = nbf: Bottles Fired
# name 13 = prDM: Pressure, Digiquartz [db]
# name 14 = timeS: Time, Elapsed [seconds]
# name 15 = flag: flag
# span 0 =     10.000,   5110.000       
# span 1 =    34.9301,    36.7347       
# span 2 =    34.8916,    36.5623       
# span 3 =     2.4290,    18.1199       
# span 4 =     2.4298,    18.1206       
# span 5 =    174.702,    710.014       
# span 6 =    165.923,    241.951       
# span 7 =    -0.3030,     0.1419       
# span 8 = -5.515e-06, 1.3112e-04       
# span 9 =     0.1065,     0.1360       
# span 10 =  662370836,  662378571      
# span 11 =     0.6195,   129.5402      
# span 12 =          0,          0      
# span 13 =     10.073,   5209.797      
# span 14 =     37.170,   7772.412      
# span 15 = 0.0000e+00, 0.0000e+00      
# interval = meters: 5                  
# start_time = Dec 27 2020 07:53:19 [NMEA time, first data scan]
# bad_flag = -9.990e-29
*END*
[from data line 633]
   3175.000    34.9718    34.9335     2.6963     2.6974    175.756    232.071    -0.0008 1.0000e-12     0.1295  662375651    80.8722          0   3222.510   4852.332 0.0000e+00
   3180.000    34.9716    34.9331     2.6941     2.6952    175.819    231.930     0.0008 1.0000e-12     0.1283  662375658    80.9878          0   3227.623   4859.265 0.0000e+00
   3185.000    34.9714    34.9330     2.6918     2.6929    175.738    231.914    -0.0011 1.0000e-12     0.1269  662375665    81.1056          0   3232.736   4866.335 0.0000e+00
   3190.000    34.9713    34.9327     2.6903     2.6912    175.686    231.909    -0.0018 1.0000e-12     0.1288  662375672    81.2304          0   3237.849   4873.825 0.0000e+00
   3195.000    34.9710    34.9325     2.6878     2.6889    175.764    231.666     0.0007 1.0000e-12     0.1282  662375680    81.3550          0   3242.962   4881.301 0.0000e+00
   3200.000    34.9707    34.9322     2.6857     2.6869    175.714    231.772     0.0025 1.0000e-12     0.1289  662375686    81.4588          0   3248.075   4887.526 0.0000e+00
   3205.000    34.9707    34.9323     2.6855     2.6866    175.707    231.790     0.0038 1.0000e-12     0.1299  662375694    81.5872          0   3253.188   4895.232 0.0000e+00
   3210.000    34.9707    34.9322     2.6860     2.6871    175.728    231.675    -0.0018 1.0000e-12     0.1285  662375700    81.6947          0   3258.302   4901.683 0.0000e+00
   3215.000    34.9706    34.9321     2.6847     2.6858    175.672    231.692    -0.0030 1.0000e-12     0.1287  662375708    81.8195          0   3263.415   4909.171 0.0000e+00
   3220.000    34.9703    34.9318     2.6813     2.6822    175.650    231.614     0.0004 1.0000e-12     0.1284  662375715    81.9373          0   3268.529   4916.235 0.0000e+00
   3225.000    34.9701    34.9316     2.6794     2.6805    175.603    231.539     0.0016 1.0000e-12     0.1287  662375722    82.0602          0   3273.643   4923.609 0.0000e+00
   3230.000    34.9700    34.9314     2.6771     2.6782    175.607    231.147     0.0016 1.0000e-12     0.1291  662375729    82.1821          0   3278.757   4930.926 0.0000e+00
   3235.000    34.9698    34.9312     2.6759     2.6770    175.572    231.465     0.0001 1.0000e-12     0.1279  662375736    82.2955          0   3283.871   4937.732 0.0000e+00
   3240.000    34.9697    34.9311     2.6737     2.6748    175.439    231.428     0.0031 1.0000e-12     0.1292  662375743    82.4140          0   3288.985   4944.839 0.0000e+00
   3245.000    34.9694    34.9309     2.6712     2.6722    175.484    231.256    -0.0007 1.0000e-12     0.1288  662375751    82.5361          0   3294.099   4952.165 0.0000e+00
   3250.000    34.9692    34.9306     2.6693     2.6704    175.534    231.467     0.0004 1.0000e-12     0.1298  662375758    82.6582          0   3299.213   4959.491 0.0000e+00
   3255.000    34.9693    34.9308     2.6686     2.6697    175.418    231.292     0.0013 1.0000e-12     0.1286  662375765    82.7681          0   3304.328   4966.086 0.0000e+00
   3260.000    34.9692    34.9305     2.6674     2.6684    175.354    231.272    -0.0009 1.0000e-12     0.1293  662375773    82.9068          0   3309.442   4974.408 0.0000e+00
   3265.000    34.9691    34.9305     2.6670     2.6682    175.273    231.111     0.0009 1.0000e-12     0.1284  662375780    83.0160          0   3314.557   4980.959 0.0000e+00
   3270.000    34.9687    34.9301     2.6637     2.6649    175.351    231.025     0.0008 1.0000e-12     0.1296  662375786    83.1256          0   3319.672   4987.534 0.0000e+00
   3275.000    34.9683    34.9297     2.6596     2.6605    175.335    231.140     0.0035 1.0000e-12     0.1286  662375794    83.2555          0   3324.787   4995.332 0.0000e+00
   3280.000    34.9682    34.9296     2.6587     2.6599    175.305    231.006     0.0016 1.0000e-12     0.1284  662375801    83.3694          0   3329.902   5002.166 0.0000e+00
   3285.000    34.9681    34.9295     2.6565     2.6576    175.310    230.878    -0.0002 1.0000e-12     0.1283  662375808    83.4842          0   3335.017   5009.051 0.0000e+00
   3290.000    34.9678    34.9291     2.6550     2.6562    175.264    231.086    -0.0007 1.0000e-12     0.1286  662375815    83.6080          0   3340.132   5016.479 0.0000e+00
   3295.000    34.9680    34.9293     2.6546     2.6558    175.258    231.085    -0.0007 1.0000e-12     0.1291  662375822    83.7319          0   3345.248   5023.915 0.0000e+00
   3300.000    34.9680    34.9293     2.6539     2.6548    175.141    230.782     0.0000 1.0000e-12     0.1289  662375829    83.8398          0   3350.363   5030.386 0.0000e+00
   3305.000    34.9677    34.9291     2.6512     2.6523    175.030    230.616    -0.0009 1.0000e-12     0.1291  662375837    83.9679          0   3355.479   5038.074 0.0000e+00
   3310.000    34.9676    34.9289     2.6498     2.6509    175.097    230.754     0.0022 1.0000e-12     0.1293  662375844    84.0825          0   3360.595   5044.951 0.0000e+00
   3315.000    34.9674    34.9288     2.6473     2.6482    175.015    230.511     0.0031 1.0000e-12     0.1298  662375850    84.1947          0   3365.711   5051.683 0.0000e+00
   3320.000    34.9673    34.9286     2.6455     2.6464    175.070    230.664     0.0023 1.0000e-12     0.1285  662375858    84.3169          0   3370.827   5059.013 0.0000e+00
   3325.000    34.9670    34.9282     2.6436     2.6445    174.917    230.456     0.0016 1.0000e-12     0.1272  662375866    84.4567          0   3375.943   5067.401 0.0000e+00
   3330.000    34.9668    34.9281     2.6432     2.6444    175.027    230.644     0.0021 1.0000e-12     0.1288  662375872    84.5548          0   3381.059   5073.286 0.0000e+00
   3335.000    34.9664    34.9276     2.6389     2.6393    174.958    230.671     0.0016 1.0000e-12     0.1305  662375879    84.6717          0   3386.175   5080.304 0.0000e+00
   3340.000    34.9658    34.9272     2.6344     2.6356    175.068    230.543     0.0009 1.0000e-12     0.1279  662375886    84.7970          0   3391.292   5087.823 0.0000e+00
   3345.000    34.9657    34.9270     2.6339     2.6351    175.023    230.591    -0.0017 1.0000e-12     0.1287  662375893    84.9135          0   3396.408   5094.808 0.0000e+00
   3350.000    34.9656    34.9270     2.6332     2.6343    175.138    230.883     0.0026 1.0000e-12     0.1292  662375900    85.0290          0   3401.525   5101.737 0.0000e+00
   3355.000    34.9653    34.9266     2.6312     2.6325    175.095    230.499     0.0071 1.0000e-12     0.1290  662375908    85.1600          0   3406.642   5109.599 0.0000e+00
   3360.000    34.9652    34.9264     2.6296     2.6307    175.059    230.521     0.0042 1.0000e-12     0.1285  662375915    85.2666          0   3411.759   5115.995 0.0000e+00
   3365.000    34.9650    34.9263     2.6290     2.6300    175.077    230.407     0.0019 1.0000e-12     0.1284  662375922    85.3887          0   3416.876   5123.322 0.0000e+00
   3370.000    34.9649    34.9262     2.6269     2.6280    175.113    230.528     0.0042 1.0000e-12     0.1287  662375929    85.5121          0   3421.993   5130.727 0.0000e+00
   3375.000    34.9646    34.9259     2.6245     2.6255    175.072    230.548     0.0016 1.0000e-12     0.1289  662375936    85.6279          0   3427.110   5137.676 0.0000e+00
   3380.000    34.9644    34.9257     2.6234     2.6244    174.995    230.675     0.0015 1.0000e-12     0.1289  662375944    85.7510          0   3432.228   5145.061 0.0000e+00
   3385.000    34.9643    34.9255     2.6227     2.6238    175.005    230.371     0.0018 1.0000e-12     0.1283  662375950    85.8603          0   3437.345   5151.621 0.0000e+00
   3390.000    34.9641    34.9255     2.6213     2.6224    175.131    230.526     0.0021 1.0000e-12     0.1287  662375958    85.9907          0   3442.463   5159.443 0.0000e+00
   3395.000    34.9639    34.9253     2.6193     2.6205    175.031    230.345     0.0008 1.0000e-12     0.1289  662375965    86.0997          0   3447.581   5165.984 0.0000e+00
   3400.000    34.9638    34.9251     2.6182     2.6194    175.012    230.452     0.0023 1.0000e-12     0.1281  662375972    86.2291          0   3452.698   5173.749 0.0000e+00
   3405.000    34.9638    34.9251     2.6173     2.6185    174.980    230.333     0.0016 1.0000e-12     0.1281  662375979    86.3396          0   3457.816   5180.376 0.0000e+00
   3410.000    34.9637    34.9250     2.6166     2.6177    174.976    230.067     0.0004 1.0000e-12     0.1291  662375987    86.4678          0   3462.934   5188.066 0.0000e+00
   3415.000    34.9636    34.9249     2.6159     2.6170    174.952    230.103     0.0003 1.0000e-12     0.1289  662375993    86.5729          0   3468.053   5194.371 0.0000e+00
   3420.000    34.9635    34.9247     2.6155     2.6167    174.960    230.335     0.0029 1.0000e-12     0.1295  662376001    86.7054          0   3473.171   5202.323 0.0000e+00
   3425.000    34.9634    34.9248     2.6149     2.6160    174.973    230.025     0.0014 1.0000e-12     0.1269  662376008    86.8231          0   3478.289   5209.387 0.0000e+00
   3430.000    34.9633    34.9246     2.6136     2.6146    175.005    230.374     0.0003 1.0000e-12     0.1294  662376016    86.9499          0   3483.408   5216.992 0.0000e+00
   3435.000    34.9630    34.9243     2.6110     2.6122    174.976    230.208    -0.0014 1.0000e-12     0.1283  662376022    87.0602          0   3488.527   5223.610 0.0000e+00
   3440.000    34.9629    34.9241     2.6098     2.6109    174.920    230.325     0.0006 1.0000e-12     0.1287  662376031    87.1994          0   3493.645   5231.963 0.0000e+00
   3445.000    34.9628    34.9241     2.6092     2.6103    174.936    230.028    -0.0009 1.0000e-12     0.1287  662376037    87.3104          0   3498.764   5238.623 0.0000e+00
   3450.000    34.9625    34.9238     2.6063     2.6073    174.935    230.368    -0.0017 1.0000e-12     0.1280  662376045    87.4362          0   3503.883   5246.175 0.0000e+00
   3455.000    34.9623    34.9236     2.6038     2.6048    174.892    229.936     0.0061 1.0000e-12     0.1276  662376052    87.5494          0   3509.003   5252.961 0.0000e+00
   3460.000    34.9621    34.9233     2.6022     2.6030    174.907    230.131    -0.0001 1.0000e-12     0.1286  662376060    87.6874          0   3514.122   5261.245 0.0000e+00
   3465.000    34.9620    34.9232     2.6021     2.6030    174.903    230.000     0.0036 1.0000e-12     0.1285  662376066    87.7972          0   3519.241   5267.834 0.0000e+00
   3470.000    34.9618    34.9231     2.6002     2.6011    174.936    229.880     0.0060 1.0000e-12     0.1282  662376074    87.9215          0   3524.361   5275.287 0.0000e+00
   3475.000    34.9617    34.9230     2.5971     2.5981    174.890    230.118     0.0014 1.0000e-12     0.1299  662376081    88.0352          0   3529.480   5282.115 0.0000e+00
   3480.000    34.9614    34.9226     2.5962     2.5973    174.856    230.086    -0.0010 1.0000e-12     0.1277  662376089    88.1675          0   3534.600   5290.050 0.0000e+00
   3485.000    34.9611    34.9224     2.5939     2.5951    174.829    230.042     0.0028 1.0000e-12     0.1284  662376095    88.2769          0   3539.720   5296.613 0.0000e+00
   3490.000    34.9609    34.9222     2.5918     2.5930    174.941    229.787     0.0004 1.0000e-12     0.1276  662376103    88.4072          0   3544.840   5304.432 0.0000e+00
   3495.000    34.9607    34.9220     2.5902     2.5911    174.838    229.774     0.0025 1.0000e-12     0.1290  662376110    88.5231          0   3549.960   5311.388 0.0000e+00
   3500.000    34.9606    34.9219     2.5884     2.5895    174.839    229.698    -0.0008 1.0000e-12     0.1280  662376118    88.6527          0   3555.080   5319.160 0.0000e+00
   3505.000    34.9604    34.9216     2.5876     2.5886    174.858    229.967     0.0013 1.0000e-12     0.1290  662376124    88.7640          0   3560.200   5325.837 0.0000e+00
   3510.000    34.9601    34.9214     2.5852     2.5862    174.876    230.123     0.0007 1.0000e-12     0.1282  662376132    88.8926          0   3565.321   5333.554 0.0000e+00
   3515.000    34.9600    34.9213     2.5851     2.5863    174.874    229.864     0.0014 1.0000e-12     0.1273  662376140    89.0166          0   3570.441   5340.994 0.0000e+00
   3520.000    34.9600    34.9212     2.5852     2.5863    174.838    229.807     0.0005 1.0000e-12     0.1279  662376146    89.1319          0   3575.562   5347.914 0.0000e+00
   3525.000    34.9598    34.9211     2.5838     2.5849    174.849    229.738     0.0006 1.0000e-12     0.1289  662376154    89.2502          0   3580.683   5355.014 0.0000e+00
   3530.000    34.9597    34.9209     2.5830     2.5841    174.925    229.718    -0.0015 1.0000e-12     0.1289  662376161    89.3776          0   3585.804   5362.658 0.0000e+00
   3535.000    34.9596    34.9208     2.5824     2.5834    174.850    229.946    -0.0000 1.0000e-12     0.1288  662376169    89.5073          0   3590.925   5370.440 0.0000e+00
   3540.000    34.9595    34.9207     2.5812     2.5823    174.899    229.415     0.0013 1.0000e-12     0.1280  662376175    89.6077          0   3596.046   5376.460 0.0000e+00
   3545.000    34.9594    34.9206     2.5813     2.5821    174.783    229.666     0.0077 1.0000e-12     0.1267  662376183    89.7426          0   3601.167   5384.557 0.0000e+00
   3550.000    34.9594    34.9206     2.5797     2.5807    174.958    229.811    -0.0035 1.0000e-12     0.1294  662376191    89.8689          0   3606.288   5392.133 0.0000e+00
   3555.000    34.9594    34.9205     2.5790     2.5801    174.852    229.427     0.0046 1.0000e-12     0.1288  662376198    89.9848          0   3611.410   5399.091 0.0000e+00
   3560.000    34.9592    34.9204     2.5776     2.5787    174.702    229.632    -0.0015 1.0000e-12     0.1290  662376205    90.1024          0   3616.532   5406.146 0.0000e+00
   3565.000    34.9591    34.9203     2.5768     2.5779    174.787    229.640     0.0021 1.0000e-12     0.1281  662376212    90.2286          0   3621.653   5413.719 0.0000e+00
   3570.000    34.9590    34.9202     2.5757     2.5768    174.724    229.442     0.0010 1.0000e-12     0.1282  662376220    90.3518          0   3626.775   5421.110 0.0000e+00
   3575.000    34.9588    34.9200     2.5741     2.5751    174.808    229.615     0.0004 1.0000e-12     0.1285  662376226    90.4610          0   3631.897   5427.663 0.0000e+00
   3580.000    34.9586    34.9198     2.5733     2.5740    174.770    229.635    -0.0009 1.0000e-12     0.1270  662376235    90.6068          0   3637.019   5436.406 0.0000e+00
   3585.000    34.9585    34.9197     2.5732     2.5743    174.801    229.407     0.0004 1.0000e-12     0.1284  662376241    90.7051          0   3642.141   5442.306 0.0000e+00
   3590.000    34.9582    34.9194     2.5710     2.5720    174.860    229.514     0.0004 1.0000e-12     0.1286  662376249    90.8421          0   3647.264   5450.528 0.0000e+00
   3595.000    34.9580    34.9192     2.5693     2.5704    174.815    229.561     0.0035 1.0000e-12     0.1282  662376256    90.9548          0   3652.386   5457.285 0.0000e+00
   3600.000    34.9577    34.9190     2.5677     2.5687    174.855    229.684     0.0048 1.0000e-12     0.1277  662376263    91.0788          0   3657.509   5464.727 0.0000e+00
   3605.000    34.9576    34.9188     2.5669     2.5680    174.848    229.503    -0.0001 1.0000e-12     0.1303  662376271    91.2097          0   3662.631   5472.582 0.0000e+00
   3610.000    34.9574    34.9186     2.5653     2.5662    174.847    229.715     0.0025 8.6082e-05     0.1284  662376278    91.3196          0   3667.754   5479.175 0.0000e+00
   3615.000    34.9572    34.9185     2.5626     2.5636    174.857    229.522    -0.0018 -5.515e-06     0.1283  662376286    91.4515          0   3672.877   5487.088 0.0000e+00
   3620.000    34.9570    34.9181     2.5610     2.5620    174.817    229.551     0.0034 1.0000e-12     0.1286  662376292    91.5634          0   3678.000   5493.806 0.0000e+00
