data/UWS/CTD_bulk_raw/SO279/SO279_CTD_processed/SO279_69-1_CTD-05_processed_DepthAVG.cnv
* Sea-Bird SBE 9 Data File:
* FileName = D:\CTDData\SO279\SO279_69-1_CTD-05.hex
* Software Version Seasave V 7.26.1.8
* Temperature SN = 5938
* Conductivity SN = 4108
* Number of Bytes Per Scan = 41
* Number of Voltage Words = 4
* Number of Scans Averaged by the Deck Unit = 1
* NMEA Latitude = 33 17.59 N
* NMEA Longitude = 034 29.50 W
* NMEA UTC (Time) = Dec 20 2020  06:37:33
* NMEA baud rate = 4800
# nquan = 16
# nvalues = 710                         
# units = specified
# name 0 = depSM: Depth [salt water, m]
# name 1 = sal00: Salinity, Practical [PSU]
# name 2 = sal11: Salinity, Practical, 2 [PSU]
# name 3 = t090C: Temperature [ITS-90, deg C]
# name 4 = t190C: Temperature, 2 [ITS-90, deg C]
# name 5 = sbeox0Mm/L: Oxygen, SBE 43 [umol/l]
# name 6 = sbeox1Mm/L: Oxygen, SBE 43, 2 [umol/l]
# name 7 = flECO-AFL: Fluorescence, WET Labs ECO-AFL/FL [mg/m^3]
# name 8 = par: PAR/Irradiance, Biospherical/Licor
# name 9 = turbWETntu0: Turbidity, WET Labs ECO [NTU]
# name 10 = timeQ: Time, NMEA [seconds]
# name 11 = timeM: Time, Elapsed [minutes]
# name 12 = nbf: Bottles Fired
# name 13 = prDM: Pressure, Digiquartz [db]
# name 14 = timeS: Time, Elapsed [seconds]
# name 15 = flag: flag
# span 0 =     10.000,   3555.000       
# span 1 =    34.9375,    37.0548       
# span 2 =    34.9236,    37.2139       
# span 3 =     2.6741,    21.9689       
# span 4 =     2.6751,    21.9694       
# span 5 =     98.832,    237.454       
# span 6 =     83.185,    243.748       
# span 7 =    -0.1061,     0.1370       
# span 8 = -2.246e-05, 1.7814e-03       
# span 9 =     0.1157,     0.1390       
# span 10 =  661761353,  661766945      
# span 11 =    -1.6850,    91.5145      
# span 12 =          0,          0      
# span 13 =     10.072,   3610.878      
# span 14 =   -101.099,   5490.869      
# span 15 = 0.0000e+00, 0.0000e+00      
# interval = meters: 5                  
# start_time = Dec 20 2020 06:37:34 [NMEA time, first data scan]
# bad_flag = -9.990e-29
*END*
[from data line 543]
   2725.000    34.9595    34.9457     2.9882     2.9894    234.856    240.648     0.0025 1.0000e-12     0.1311  661765634    69.6772          0   2762.441   4180.634 0.0000e+00
   2730.000    34.9596    34.9458     2.9857     2.9868    234.732    240.414     0.0027 1.0000e-12     0.1311  661765642    69.8069          0   2767.542   4188.411 0.0000e+00
   2735.000    34.9596    34.9458     2.9852     2.9865    234.701    240.522     0.0070 1.0000e-12     0.1318  661765649    69.9273          0   2772.644   4195.637 0.0000e+00
   2740.000    34.9596    34.9459     2.9841     2.9853    234.437    240.439     0.0099 1.0000e-12     0.1325  661765657    70.0493          0   2777.745   4202.958 0.0000e+00
   2745.000    34.9594    34.9456     2.9819     2.9827    234.454    240.356     0.0113 1.0000e-12     0.1314  661765664    70.1707          0   2782.847   4210.241 0.0000e+00
   2750.000    34.9592    34.9455     2.9773     2.9785    234.488    240.184     0.0066 1.0000e-12     0.1308  661765671    70.2876          0   2787.949   4217.257 0.0000e+00
   2755.000    34.9591    34.9453     2.9767     2.9780    234.433    240.209     0.0078 1.0000e-12     0.1322  661765679    70.4184          0   2793.051   4225.102 0.0000e+00
   2760.000    34.9590    34.9452     2.9753     2.9766    234.414    240.134     0.0044 1.0000e-12     0.1312  661765686    70.5356          0   2798.153   4232.138 0.0000e+00
   2765.000    34.9589    34.9451     2.9746     2.9757    234.397    240.055     0.0075 1.0000e-12     0.1298  661765693    70.6543          0   2803.255   4239.256 0.0000e+00
   2770.000    34.9588    34.9450     2.9727     2.9740    234.319    240.180     0.0061 1.0000e-12     0.1318  661765701    70.7940          0   2808.357   4247.640 0.0000e+00
   2775.000    34.9587    34.9448     2.9715     2.9727    234.370    240.227     0.0093 1.0000e-12     0.1320  661765708    70.9001          0   2813.460   4254.004 0.0000e+00
   2780.000    34.9586    34.9448     2.9707     2.9719    234.238    240.028     0.0085 1.0000e-12     0.1300  661765716    71.0329          0   2818.562   4261.976 0.0000e+00
   2785.000    34.9584    34.9446     2.9680     2.9692    234.394    240.030     0.0073 1.0000e-12     0.1297  661765722    71.1423          0   2823.665   4268.538 0.0000e+00
   2790.000    34.9582    34.9443     2.9648     2.9659    234.152    239.864     0.0088 1.0000e-12     0.1306  661765731    71.2885          0   2828.768   4277.310 0.0000e+00
   2795.000    34.9580    34.9442     2.9602     2.9614    234.154    239.807     0.0091 1.0000e-12     0.1308  661765737    71.3805          0   2833.871   4282.829 0.0000e+00
   2800.000    34.9577    34.9439     2.9584     2.9597    234.094    239.823     0.0079 1.0000e-12     0.1327  661765747    71.5509          0   2838.974   4293.057 0.0000e+00
   2805.000    34.9576    34.9438     2.9563     2.9575    234.129    239.642     0.0072 1.0000e-12     0.1312  661765752    71.6395          0   2844.077   4298.372 0.0000e+00
   2810.000    34.9574    34.9435     2.9511     2.9519    233.999    239.693     0.0077 1.0000e-12     0.1309  661765760    71.7626          0   2849.180   4305.758 0.0000e+00
   2815.000    34.9570    34.9432     2.9465     2.9479    234.052    239.627     0.0047 1.0000e-12     0.1313  661765768    71.8942          0   2854.284   4313.650 0.0000e+00
   2820.000    34.9568    34.9429     2.9432     2.9444    233.890    239.528     0.0064 1.0000e-12     0.1319  661765775    72.0168          0   2859.387   4321.009 0.0000e+00
   2825.000    34.9565    34.9428     2.9400     2.9412    233.948    239.201     0.0008 1.0000e-12     0.1312  661765782    72.1315          0   2864.491   4327.887 0.0000e+00
   2830.000    34.9563    34.9424     2.9390     2.9397    233.918    239.666     0.0086 1.0000e-12     0.1314  661765790    72.2711          0   2869.594   4336.266 0.0000e+00
   2835.000    34.9562    34.9423     2.9363     2.9376    233.809    239.385     0.0080 1.0000e-12     0.1327  661765797    72.3840          0   2874.698   4343.040 0.0000e+00
   2840.000    34.9561    34.9421     2.9336     2.9348    233.837    239.314     0.0062 1.0000e-12     0.1307  661765804    72.5086          0   2879.802   4350.518 0.0000e+00
   2845.000    34.9559    34.9420     2.9321     2.9333    233.722    239.367     0.0054 1.0000e-12     0.1312  661765812    72.6320          0   2884.906   4357.920 0.0000e+00
   2850.000    34.9558    34.9421     2.9321     2.9333    233.874    239.408     0.0008 1.0000e-12     0.1345  661765819    72.7590          0   2890.010   4365.541 0.0000e+00
   2855.000    34.9558    34.9419     2.9325     2.9338    233.752    239.501     0.0108 1.0000e-12     0.1320  661765827    72.8808          0   2895.115   4372.848 0.0000e+00
   2860.000    34.9558    34.9420     2.9321     2.9333    233.767    239.220     0.0045 1.0000e-12     0.1317  661765833    72.9934          0   2900.219   4379.605 0.0000e+00
   2865.000    34.9558    34.9420     2.9324     2.9337    233.712    239.225     0.0084 1.0000e-12     0.1326  661765843    73.1514          0   2905.324   4389.084 0.0000e+00
   2870.000    34.9558    34.9420     2.9318     2.9328    233.645    239.049     0.0046 1.0000e-12     0.1320  661765849    73.2473          0   2910.428   4394.839 0.0000e+00
   2875.000    34.9558    34.9420     2.9271     2.9281    233.549    239.377     0.0005 1.0000e-12     0.1307  661765856    73.3700          0   2915.533   4402.200 0.0000e+00
   2880.000    34.9556    34.9416     2.9232     2.9242    233.370    239.041     0.0088 1.0000e-12     0.1313  661765863    73.4890          0   2920.638   4409.339 0.0000e+00
   2885.000    34.9554    34.9415     2.9200     2.9210    233.430    238.876     0.0060 1.0000e-12     0.1325  661765872    73.6273          0   2925.743   4417.637 0.0000e+00
   2890.000    34.9553    34.9413     2.9192     2.9205    233.358    239.004     0.0058 1.0000e-12     0.1320  661765878    73.7407          0   2930.848   4424.444 0.0000e+00
   2895.000    34.9551    34.9413     2.9163     2.9176    233.292    238.830     0.0094 1.0000e-12     0.1310  661765885    73.8551          0   2935.954   4431.308 0.0000e+00
   2900.000    34.9549    34.9411     2.9146     2.9159    233.193    238.871     0.0039 1.0000e-12     0.1302  661765893    73.9901          0   2941.059   4439.408 0.0000e+00
   2905.000    34.9546    34.9408     2.9086     2.9101    233.217    238.837     0.0041 1.0000e-12     0.1310  661765900    74.1081          0   2946.164   4446.484 0.0000e+00
   2910.000    34.9544    34.9405     2.9060     2.9072    233.177    238.713     0.0097 1.0000e-12     0.1313  661765908    74.2337          0   2951.270   4454.023 0.0000e+00
   2915.000    34.9542    34.9404     2.9041     2.9053    233.109    238.666     0.0069 1.0000e-12     0.1311  661765915    74.3557          0   2956.376   4461.344 0.0000e+00
   2920.000    34.9541    34.9403     2.9031     2.9044    233.064    238.586     0.0077 1.0000e-12     0.1305  661765923    74.4868          0   2961.482   4469.207 0.0000e+00
   2925.000    34.9540    34.9401     2.9004     2.9015    233.094    238.290     0.0075 1.0000e-12     0.1307  661765930    74.5973          0   2966.588   4475.838 0.0000e+00
   2930.000    34.9538    34.9399     2.8993     2.9005    232.890    238.406     0.0035 1.0000e-12     0.1328  661765939    74.7444          0   2971.694   4484.663 0.0000e+00
   2935.000    34.9537    34.9399     2.8985     2.8997    232.951    238.364     0.0060 1.0000e-12     0.1327  661765944    74.8425          0   2976.800   4490.551 0.0000e+00
   2940.000    34.9536    34.9398     2.8973     2.8985    232.852    238.526     0.0044 1.0000e-12     0.1309  661765954    74.9950          0   2981.906   4499.702 0.0000e+00
   2945.000    34.9535    34.9396     2.8956     2.8964    232.919    238.383     0.0078 1.0000e-12     0.1314  661765960    75.0942          0   2987.013   4505.649 0.0000e+00
   2950.000    34.9534    34.9395     2.8946     2.8958    232.874    238.487     0.0059 1.0000e-12     0.1327  661765968    75.2298          0   2992.119   4513.790 0.0000e+00
   2955.000    34.9534    34.9395     2.8944     2.8956    232.766    238.306     0.0069 1.0000e-12     0.1313  661765974    75.3361          0   2997.226   4520.163 0.0000e+00
   2960.000    34.9532    34.9394     2.8920     2.8931    232.782    238.300     0.0077 1.0000e-12     0.1325  661765983    75.4787          0   3002.333   4528.725 0.0000e+00
   2965.000    34.9531    34.9392     2.8883     2.8895    232.737    238.362     0.0089 1.0000e-12     0.1316  661765989    75.5868          0   3007.440   4535.210 0.0000e+00
   2970.000    34.9531    34.9391     2.8875     2.8888    232.748    238.186     0.0052 1.0000e-12     0.1326  661765998    75.7298          0   3012.547   4543.786 0.0000e+00
   2975.000    34.9528    34.9389     2.8825     2.8835    232.687    238.195     0.0054 1.0000e-12     0.1323  661766004    75.8308          0   3017.654   4549.847 0.0000e+00
   2980.000    34.9526    34.9387     2.8799     2.8810    232.491    238.118     0.0082 1.0000e-12     0.1328  661766012    75.9711          0   3022.761   4558.267 0.0000e+00
   2985.000    34.9525    34.9387     2.8787     2.8799    232.578    237.768     0.0043 1.0000e-12     0.1324  661766019    76.0785          0   3027.868   4564.710 0.0000e+00
   2990.000    34.9523    34.9385     2.8779     2.8791    232.484    238.110     0.0115 1.0000e-12     0.1312  661766027    76.2185          0   3032.976   4573.111 0.0000e+00
   2995.000    34.9523    34.9384     2.8763     2.8774    232.444    237.969     0.0063 1.0000e-12     0.1328  661766033    76.3247          0   3038.084   4579.482 0.0000e+00
   3000.000    34.9521    34.9382     2.8748     2.8760    232.517    237.924     0.0100 1.0000e-12     0.1333  661766042    76.4756          0   3043.191   4588.536 0.0000e+00
   3005.000    34.9520    34.9380     2.8723     2.8735    232.338    237.748     0.0065 1.0000e-12     0.1331  661766049    76.5802          0   3048.299   4594.815 0.0000e+00
   3010.000    34.9519    34.9380     2.8693     2.8704    232.274    237.755     0.0053 1.0000e-12     0.1321  661766056    76.7083          0   3053.407   4602.497 0.0000e+00
   3015.000    34.9515    34.9376     2.8654     2.8666    232.360    237.705     0.0081 1.0000e-12     0.1328  661766063    76.8236          0   3058.515   4609.417 0.0000e+00
   3020.000    34.9514    34.9375     2.8647     2.8658    232.274    237.596     0.0050 1.0000e-12     0.1329  661766072    76.9662          0   3063.623   4617.975 0.0000e+00
   3025.000    34.9514    34.9375     2.8626     2.8638    232.116    237.224     0.0034 1.0000e-12     0.1317  661766077    77.0539          0   3068.732   4623.235 0.0000e+00
   3030.000    34.9513    34.9374     2.8619     2.8630    232.101    237.490     0.0107 1.0000e-12     0.1306  661766086    77.1943          0   3073.840   4631.658 0.0000e+00
   3035.000    34.9512    34.9372     2.8607     2.8618    232.113    237.397     0.0082 1.0000e-12     0.1321  661766093    77.3152          0   3078.949   4638.911 0.0000e+00
   3040.000    34.9512    34.9372     2.8605     2.8617    231.963    237.270     0.0039 1.0000e-12     0.1322  661766101    77.4494          0   3084.057   4646.964 0.0000e+00
   3045.000    34.9511    34.9373     2.8597     2.8609    232.149    237.143     0.0107 1.0000e-12     0.1329  661766108    77.5670          0   3089.166   4654.021 0.0000e+00
   3050.000    34.9511    34.9372     2.8585     2.8596    231.911    237.291     0.0059 1.0000e-12     0.1330  661766115    77.6936          0   3094.275   4661.615 0.0000e+00
   3055.000    34.9511    34.9373     2.8574     2.8585    231.957    237.384     0.0099 1.0000e-12     0.1318  661766123    77.8157          0   3099.384   4668.944 0.0000e+00
   3060.000    34.9511    34.9372     2.8581     2.8593    231.905    237.313     0.0067 1.0000e-12     0.1321  661766131    77.9451          0   3104.493   4676.705 0.0000e+00
   3065.000    34.9511    34.9372     2.8557     2.8569    231.907    237.194     0.0080 1.0000e-12     0.1313  661766137    78.0557          0   3109.603   4683.344 0.0000e+00
   3070.000    34.9509    34.9370     2.8528     2.8538    231.797    237.287     0.0106 1.0000e-12     0.1320  661766146    78.2029          0   3114.712   4692.176 0.0000e+00
   3075.000    34.9508    34.9369     2.8511     2.8523    231.731    236.993     0.0102 1.0000e-12     0.1335  661766152    78.3053          0   3119.821   4698.315 0.0000e+00
   3080.000    34.9507    34.9367     2.8490     2.8502    231.830    236.890     0.0088 1.0000e-12     0.1313  661766161    78.4487          0   3124.931   4706.920 0.0000e+00
   3085.000    34.9507    34.9367     2.8479     2.8490    231.746    236.793     0.0079 1.0000e-12     0.1319  661766168    78.5690          0   3130.041   4714.138 0.0000e+00
   3090.000    34.9505    34.9365     2.8472     2.8484    231.699    237.136     0.0102 1.0000e-12     0.1328  661766176    78.6992          0   3135.151   4721.950 0.0000e+00
   3095.000    34.9502    34.9363     2.8435     2.8446    231.619    236.798     0.0080 1.0000e-12     0.1329  661766182    78.8076          0   3140.260   4728.456 0.0000e+00
   3100.000    34.9500    34.9361     2.8421     2.8433    231.534    236.607     0.0042 1.0000e-12     0.1334  661766191    78.9545          0   3145.371   4737.269 0.0000e+00
   3105.000    34.9501    34.9362     2.8419     2.8431    231.553    236.537     0.0113 1.0000e-12     0.1312  661766198    79.0635          0   3150.481   4743.810 0.0000e+00
   3110.000    34.9500    34.9362     2.8419     2.8431    231.522    236.715     0.0092 1.0000e-12     0.1329  661766206    79.2063          0   3155.591   4752.377 0.0000e+00
   3115.000    34.9500    34.9362     2.8416     2.8428    231.508    236.758     0.0044 1.0000e-12     0.1334  661766213    79.3228          0   3160.702   4759.367 0.0000e+00
   3120.000    34.9501    34.9362     2.8415     2.8427    231.312    236.816     0.0115 1.0000e-12     0.1331  661766221    79.4489          0   3165.812   4766.933 0.0000e+00
   3125.000    34.9501    34.9362     2.8418     2.8430    231.492    236.577     0.0066 1.0000e-12     0.1325  661766229    79.5818          0   3170.923   4774.909 0.0000e+00
   3130.000    34.9501    34.9362     2.8420     2.8432    231.476    236.720     0.0095 1.0000e-12     0.1335  661766236    79.7028          0   3176.034   4782.170 0.0000e+00
   3135.000    34.9501    34.9361     2.8412     2.8423    231.400    236.520     0.0081 1.0000e-12     0.1333  661766244    79.8282          0   3181.144   4789.694 0.0000e+00
   3140.000    34.9499    34.9360     2.8383     2.8394    231.451    236.592     0.0110 1.0000e-12     0.1320  661766251    79.9607          0   3186.255   4797.642 0.0000e+00
   3145.000    34.9498    34.9359     2.8363     2.8373    231.289    236.290     0.0072 1.0000e-12     0.1328  661766259    80.0862          0   3191.367   4805.173 0.0000e+00
   3150.000    34.9497    34.9357     2.8346     2.8356    231.284    236.369     0.0078 1.0000e-12     0.1338  661766266    80.2092          0   3196.478   4812.553 0.0000e+00
   3155.000    34.9495    34.9356     2.8319     2.8331    231.280    236.407     0.0105 1.0000e-12     0.1310  661766274    80.3377          0   3201.589   4820.260 0.0000e+00
   3160.000    34.9494    34.9354     2.8324     2.8335    231.097    236.276     0.0097 1.0000e-12     0.1332  661766282    80.4729          0   3206.701   4828.375 0.0000e+00
   3165.000    34.9492    34.9353     2.8288     2.8300    231.056    236.145     0.0092 1.0000e-12     0.1324  661766289    80.5801          0   3211.812   4834.804 0.0000e+00
