data/UWS/CTD_bulk_raw/SO279/SO279_CTD_processed/SO279_81-1_CTD-06_processed_MinAVG.cnv
* Sea-Bird SBE 9 Data File:
* FileName = D:\CTDData\SO279\SO279_81-1_CTD-06.hex
* Software Version Seasave V 7.26.1.8
* Temperature SN = 5938
* Conductivity SN = 4108
* Number of Bytes Per Scan = 41
* Number of Voltage Words = 4
* Number of Scans Averaged by the Deck Unit = 1
* NMEA Latitude = 33 08.61 N
* NMEA Longitude = 033 46.68 W
* NMEA UTC (Time) = Dec 21 2020  14:08:40
* NMEA baud rate = 4800
# nquan = 16
# nvalues = 88                          
# units = specified
# name 0 = depSM: Depth [salt water, m]
# name 1 = sal00: Salinity, Practical [PSU]
# name 2 = sal11: Salinity, Practical, 2 [PSU]
# name 3 = t090C: Temperature [ITS-90, deg C]
# name 4 = t190C: Temperature, 2 [ITS-90, deg C]
# name 5 = sbeox0Mm/L: Oxygen, SBE 43 [umol/l]
# name 6 = sbeox1Mm/L: Oxygen, SBE 43, 2 [umol/l]
# name 7 = flECO-AFL: Fluorescence, WET Labs ECO-AFL/FL [mg/m^3]
# name 8 = par: PAR/Irradiance, Biospherical/Licor
# name 9 = turbWETntu0: Turbidity, WET Labs ECO [NTU]
# name 10 = timeQ: Time, NMEA [seconds]
# name 11 = timeM: Time, Elapsed [minutes]
# name 12 = nbf: Bottles Fired
# name 13 = prDM: Pressure, Digiquartz [db]
# name 14 = timeS: Time, Elapsed [seconds]
# name 15 = flag: flag
# span 0 =      9.483,   3616.393       
# span 1 =    34.9356,    37.0213       
# span 2 =    34.9216,    36.9981       
# span 3 =     2.6481,    21.8135       
# span 4 =     2.6492,    21.8138       
# span 5 =    168.947,    239.118       
# span 6 =    161.644,    243.949       
# span 7 =    -0.1436,     0.0934       
# span 8 = 1.0000e-12, 1.0032e-03       
# span 9 =     0.1174,     0.1430       
# span 10 =  661874980,  661885366      
# span 11 =     0.9997,   174.0948      
# span 12 =          0,         24      
# span 13 =      9.551,   3673.716      
# span 14 =     59.979,  10445.688      
# span 15 = 0.0000e+00, 0.0000e+00      
# interval = seconds: 120               
# start_time = Dec 21 2020 14:08:40 [NMEA time, first data scan]
# bad_flag = -9.990e-29
*END*
      9.483    37.0111    36.8754    21.8067    21.8042    186.601    188.976     0.0001 1.0000e-12     0.1346  661874980     0.9997          0      9.551     59.979 0.0000e+00
     40.085    37.0213    36.9981    21.8135    21.8138    198.405    203.969     0.0318 1.0000e-12     0.1343  661875100     2.9997          0     40.375    179.979 0.0000e+00
     97.120    36.8628    36.8430    20.8029    20.8004    193.004    197.774     0.0801 1.0000e-12     0.1306  661875220     4.9997          0     97.834    299.979 0.0000e+00
    176.845    36.6266    36.6137    18.8337    18.8346    183.869    188.340    -0.0760 1.0000e-12     0.1197  661875340     6.9997          0    178.182    419.979 0.0000e+00
    263.088    36.5078    36.4952    18.0042    18.0045    182.114    186.523    -0.1111 1.0000e-12     0.1174  661875460     8.9997          0    265.131    539.979 0.0000e+00
    348.462    36.3019    36.2896    16.7993    16.7999    180.506    184.552    -0.0637 1.0000e-12     0.1214  661875580    10.9997          0    351.241    659.979 0.0000e+00
    433.458    36.1174    36.1053    15.6667    15.6671    181.490    184.754    -0.0427 1.0000e-12     0.1232  661875700    12.9997          0    437.003    779.979 0.0000e+00
    519.287    35.8416    35.8301    13.9652    13.9660    173.250    172.170    -0.0315 1.0000e-12     0.1238  661875820    14.9997          0    523.643    899.979 0.0000e+00
    603.594    35.6123    35.6015    12.3153    12.3169    168.947    161.644    -0.0248 8.0749e-06     0.1237  661875940    16.9997          0    608.782   1019.979 0.0000e+00
    688.444    35.4930    35.4824    11.1530    11.1540    176.022    163.932    -0.0190 1.0000e-12     0.1243  661876060    18.9997          0    694.505   1139.979 0.0000e+00
    772.684    35.4610    35.4501    10.2807    10.2817    181.633    166.667    -0.0189 5.7192e-06     0.1243  661876180    20.9997          0    779.645   1259.979 0.0000e+00
    856.316    35.4522    35.4411     9.5914     9.5925    182.587    167.136    -0.0112 1.5095e-06     0.1252  661876300    22.9997          0    864.205   1379.979 0.0000e+00
    939.475    35.4696    35.4579     9.1142     9.1158    180.500    168.354    -0.0081 1.0000e-12     0.1257  661876420    24.9997          0    948.320   1499.979 0.0000e+00
   1022.642    35.4245    35.4126     8.3932     8.3949    186.597    177.002    -0.0033 1.0000e-12     0.1267  661876540    26.9997          0   1032.477   1619.979 0.0000e+00
   1105.961    35.4414    35.4294     7.8316     7.8326    190.057    187.018    -0.0015 1.0000e-12     0.1278  661876660    28.9997          0   1116.822   1739.979 0.0000e+00
   1188.807    35.4308    35.4185     7.3956     7.3969    191.571    194.016    -0.0010 1.0000e-12     0.1280  661876780    30.9997          0   1200.721   1859.979 0.0000e+00
   1270.339    35.3893    35.3769     6.8890     6.8907    197.250    201.218    -0.0002 1.0000e-12     0.1279  661876900    32.9997          0   1283.321   1979.979 0.0000e+00
   1351.680    35.3322    35.3199     6.3603     6.3623    204.520    209.063     0.0005 1.0000e-12     0.1284  661877020    34.9997          0   1365.761   2099.979 0.0000e+00
   1433.393    35.2834    35.2710     5.9466     5.9475    210.239    215.045     0.0007 1.0000e-12     0.1285  661877140    36.9997          0   1448.609   2219.979 0.0000e+00
   1514.882    35.2254    35.2129     5.4866     5.4872    217.102    222.232     0.0009 1.0000e-12     0.1283  661877260    38.9997          0   1531.263   2339.979 0.0000e+00
   1595.482    35.1582    35.1457     4.9963     4.9970    225.319    230.644     0.0016 1.0000e-12     0.1286  661877380    40.9997          0   1613.045   2459.979 0.0000e+00
   1675.381    35.1159    35.1034     4.6378     4.6388    229.508    234.945     0.0010 1.0000e-12     0.1288  661877500    42.9997          0   1694.148   2579.979 0.0000e+00
   1755.366    35.0823    35.0698     4.3707     4.3721    232.994    238.470     0.0024 1.0000e-12     0.1295  661877620    44.9997          0   1775.368   2699.979 0.0000e+00
   1835.190    35.0630    35.0503     4.1722     4.1738    234.471    239.999     0.0029 1.0000e-12     0.1293  661877740    46.9997          0   1856.455   2819.979 0.0000e+00
   1915.333    35.0575    35.0445     4.0677     4.0692    234.174    239.571     0.0024 1.0000e-12     0.1293  661877860    48.9997          0   1937.898   2939.979 0.0000e+00
   1994.234    35.0478    35.0345     3.9611     3.9624    234.575    239.966     0.0021 1.0000e-12     0.1295  661877980    50.9997          0   2018.108   3059.979 0.0000e+00
   2072.561    35.0293    35.0159     3.8015     3.8028    236.212    241.620     0.0024 1.0000e-12     0.1298  661878100    52.9997          0   2097.764   3179.979 0.0000e+00
   2150.969    35.0101    34.9967     3.6176     3.6187    237.694    243.003     0.0022 1.0000e-12     0.1298  661878220    54.9997          0   2177.532   3299.979 0.0000e+00
   2229.286    34.9978    34.9844     3.4809     3.4824    238.082    243.392     0.0031 1.0000e-12     0.1303  661878340    56.9997          0   2257.236   3419.979 0.0000e+00
   2307.458    34.9883    34.9748     3.3659     3.3670    238.142    243.344     0.0035 1.0000e-12     0.1305  661878460    58.9997          0   2336.822   3539.979 0.0000e+00
   2387.251    34.9810    34.9675     3.2745     3.2757    237.962    243.051     0.0036 1.0000e-12     0.1301  661878580    60.9997          0   2418.088   3659.979 0.0000e+00
   2467.772    34.9749    34.9613     3.2018     3.2029    237.856    242.861     0.0050 1.0000e-12     0.1304  661878700    62.9997          0   2500.126   3779.979 0.0000e+00
   2548.398    34.9695    34.9559     3.1299     3.1310    237.425    242.313     0.0055 1.0000e-12     0.1304  661878820    64.9997          0   2582.302   3899.979 0.0000e+00
   2629.068    34.9654    34.9517     3.0718     3.0729    236.943    241.734     0.0051 1.0000e-12     0.1305  661878940    66.9997          0   2664.554   4019.979 0.0000e+00
   2709.198    34.9615    34.9478     3.0153     3.0164    236.314    240.968     0.0058 1.0000e-12     0.1305  661879060    68.9997          0   2746.285   4139.979 0.0000e+00
   2788.304    34.9588    34.9450     2.9702     2.9714    235.535    240.068     0.0046 1.0000e-12     0.1307  661879180    70.9997          0   2827.003   4259.979 0.0000e+00
   2867.166    34.9569    34.9430     2.9420     2.9432    234.934    239.401     0.0050 1.0000e-12     0.1310  661879300    72.9997          0   2907.499   4379.979 0.0000e+00
   2945.948    34.9548    34.9409     2.9086     2.9098    234.138    238.432     0.0052 1.0000e-12     0.1314  661879420    74.9997          0   2987.944   4499.979 0.0000e+00
   3024.622    34.9526    34.9386     2.8743     2.8755    233.328    237.513     0.0050 1.0000e-12     0.1319  661879540    76.9997          0   3068.307   4619.979 0.0000e+00
   3104.956    34.9486    34.9347     2.8094     2.8105    231.929    235.922     0.0052 1.0000e-12     0.1326  661879660    78.9997          0   3150.397   4739.979 0.0000e+00
   3187.977    34.9458    34.9318     2.7689     2.7700    230.943    234.872     0.0046 1.0000e-12     0.1332  661879780    80.9997          0   3235.264   4859.979 0.0000e+00
   3271.018    34.9439    34.9300     2.7446     2.7457    230.340    234.115     0.0055 1.0000e-12     0.1341  661879900    82.9997          0   3320.183   4979.979 0.0000e+00
   3354.221    34.9419    34.9279     2.7172     2.7183    229.666    233.402     0.0054 1.0000e-12     0.1340  661880020    84.9997          0   3405.301   5099.979 0.0000e+00
   3413.480    34.9402    34.9263     2.6964     2.6975    229.236    232.834     0.0061 1.0000e-12     0.1348  661880140    86.9997          0   3465.942   5219.979 0.0000e+00
   3484.370    34.9387    34.9247     2.6789     2.6799    228.889    232.354     0.0062 1.0000e-12     0.1335  661880260    88.9997          0   3538.510   5339.979 0.0000e+00
   3567.248    34.9367    34.9227     2.6572     2.6583    228.423    231.747     0.0024 1.0000e-12     0.1342  661880380    90.9997          0   3623.377   5459.979 0.0000e+00
   3616.393    34.9356    34.9216     2.6481     2.6492    228.280    231.550    -0.0253 1.0000e-12     0.1352  661880500    92.9997          1   3673.716   5579.979 0.0000e+00
   3575.018    34.9363    34.9223     2.6549     2.6560    228.563    231.899    -0.0048 1.0000e-12     0.1347  661880620    94.9997          3   3631.336   5699.979 0.0000e+00
   3460.283    34.9389    34.9249     2.6822     2.6833    229.249    232.626     0.0053 1.0000e-12     0.1340  661880740    96.9997          3   3513.852   5819.979 0.0000e+00
   3355.549    34.9414    34.9274     2.7123     2.7134    229.985    233.556     0.0051 1.0000e-12     0.1343  661880860    98.9997          3   3406.661   5939.979 0.0000e+00
   3241.080    34.9442    34.9302     2.7481     2.7491    230.953    234.652     0.0045 1.0000e-12     0.1338  661880980   100.9997          3   3289.566   6059.979 0.0000e+00
   3132.591    34.9469    34.9329     2.7830     2.7840    231.893    235.704     0.0057 1.0000e-12     0.1337  661881100   102.9997          3   3178.643   6179.979 0.0000e+00
   3061.153    34.9501    34.9361     2.8354     2.8365    233.093    236.989     0.0046 1.0000e-12     0.1326  661881220   104.9997          7   3105.634   6299.979 0.0000e+00
   2992.273    34.9533    34.9393     2.8857     2.8867    234.306    238.267     0.0042 1.0000e-12     0.1327  661881340   106.9997          9   3035.260   6419.979 0.0000e+00
   2885.079    34.9562    34.9423     2.9336     2.9345    235.462    239.641     0.0044 1.0000e-12     0.1317  661881460   108.9997          9   2925.789   6539.979 0.0000e+00
   2762.541    34.9595    34.9456     2.9844     2.9854    236.593    240.868     0.0046 1.0000e-12     0.1316  661881580   110.9997          9   2800.712   6659.979 0.0000e+00
   2668.488    34.9635    34.9497     3.0483     3.0493    237.558    241.878     0.0038 1.0000e-12     0.1319  661881700   112.9997          9   2704.758   6779.979 0.0000e+00
   2556.009    34.9693    34.9554     3.1285     3.1294    238.258    242.814     0.0034 1.0000e-12     0.1318  661881820   114.9997          9   2590.062   6899.979 0.0000e+00
   2435.845    34.9782    34.9643     3.2443     3.2451    238.859    243.466     0.0030 1.0000e-12     0.1317  661881940   116.9997          9   2467.596   7019.979 0.0000e+00
   2328.118    34.9883    34.9743     3.3667     3.3678    239.118    243.829     0.0021 1.0000e-12     0.1314  661882060   118.9997          9   2357.860   7139.979 0.0000e+00
   2229.452    35.0008    34.9867     3.5181     3.5187    239.081    243.949     0.0016 1.0000e-12     0.1317  661882180   120.9997          9   2257.406   7259.979 0.0000e+00
   2111.727    35.0225    35.0084     3.7416     3.7426    237.962    242.884     0.0018 1.0000e-12     0.1318  661882300   122.9997          9   2137.608   7379.979 0.0000e+00
   2014.468    35.0449    35.0306     3.9395     3.9407    236.166    241.100     0.0006 1.0000e-12     0.1320  661882420   124.9997          9   2038.682   7499.979 0.0000e+00
   1949.972    35.0580    35.0438     4.0647     4.0652    235.177    240.179     0.0003 1.0000e-12     0.1318  661882540   126.9997         10   1973.108   7619.979 0.0000e+00
   1849.538    35.0685    35.0543     4.2353     4.2357    235.352    240.456     0.0003 1.0000e-12     0.1317  661882660   128.9997         10   1871.036   7739.979 0.0000e+00
   1733.211    35.1027    35.0883     4.5387     4.5398    232.525    237.502     0.0002 1.0000e-12     0.1323  661882780   130.9997         10   1752.870   7859.979 0.0000e+00
   1617.258    35.1589    35.1442     4.9965     4.9985    226.938    231.701    -0.0001 1.0000e-12     0.1320  661882900   132.9997         10   1635.148   7979.979 0.0000e+00
   1525.794    35.2251    35.2098     5.4793     5.4807    219.362    223.822     0.0015 1.0000e-12     0.1325  661883020   134.9997         10   1542.333   8099.979 0.0000e+00
   1411.703    35.3038    35.2878     6.1074     6.1090    210.444    214.247    -0.0002 1.0000e-12     0.1321  661883140   136.9997         10   1426.616   8219.979 0.0000e+00
   1290.262    35.3832    35.3664     6.8216     6.8221    201.431    204.089    -0.0002 1.0000e-12     0.1325  661883260   138.9997         10   1303.512   8339.979 0.0000e+00
   1168.598    35.4405    35.4229     7.5503     7.5510    194.811    193.554    -0.0009 1.0000e-12     0.1335  661883380   140.9997         10   1180.253   8459.979 0.0000e+00
   1047.228    35.4333    35.4155     8.0586     8.0592    194.259    185.132    -0.0002 1.0000e-12     0.1345  661883500   142.9997         10   1057.364   8579.979 0.0000e+00
    980.369    35.4304    35.4131     8.4903     8.4927    191.128    177.608    -0.0001 1.0000e-12     0.1346  661883620   144.9997         11    989.696   8699.979 0.0000e+00
    871.114    35.4655    35.4476     9.3442     9.3458    186.612    169.201    -0.0022 1.0000e-12     0.1340  661883740   146.9997         11    879.172   8819.979 0.0000e+00
    793.125    35.4648    35.4464     9.9989     9.9990    191.392    169.579    -0.0054 1.0000e-12     0.1340  661883860   148.9997         12    800.308   8939.979 0.0000e+00
    710.047    35.4859    35.4669    10.9204    10.9171    180.724    165.976    -0.0144 1.0000e-12     0.1333  661883980   150.9997         12    716.336   9059.979 0.0000e+00
    596.012    35.6923    35.6705    12.8927    12.8880    170.786    165.608    -0.0190 1.1603e-06     0.1337  661884100   152.9997         12    601.125   9179.979 0.0000e+00
    505.280    35.9593    35.9350    14.6777    14.6764    176.382    177.797    -0.0293 1.0000e-12     0.1330  661884220   154.9997         12    509.501   9299.979 0.0000e+00
    413.012    36.2071    36.1810    16.1654    16.1628    184.817    186.615    -0.0543 2.1958e-04     0.1319  661884340   156.9997         13    416.372   9419.979 0.0000e+00
    319.489    36.4289    36.4016    17.4829    17.4813    183.626    186.108    -0.0990 1.0032e-03     0.1274  661884460   158.9997         13    322.013   9539.979 0.0000e+00
    258.364    36.5490    36.5218    18.1851    18.1836    185.183    188.726    -0.1436 1.0000e-12     0.1230  661884580   160.9997         14    260.368   9659.979 0.0000e+00
    163.964    36.6676    36.6416    19.1522    19.1503    185.802    190.999    -0.0991 1.0000e-12     0.1243  661884700   162.9997         14    165.197   9779.979 0.0000e+00
    131.331    36.7392    36.7151    19.8858    19.8830    188.460    194.020    -0.0055 1.0000e-12     0.1279  661884820   164.9997         16    132.308   9899.979 0.0000e+00
     95.578    36.9812    36.9568    21.5302    21.5312    196.943    202.984     0.0794 1.0000e-12     0.1374  661884940   166.9997         17     96.280  10019.979 0.0000e+00
     70.402    36.9996    36.9764    21.7378    21.7383    199.196    205.258     0.0934 1.0000e-12     0.1417  661885060   168.9997         18     70.915  10139.979 0.0000e+00
     44.952    36.9758    36.9571    21.7101    21.7105    199.875    206.005     0.0516 1.0000e-12     0.1430  661885180   170.9997         20     45.277  10259.979 0.0000e+00
     22.230    36.9828    36.9666    21.7357    21.7355    199.972    205.916    -0.0504 1.0000e-12     0.1338  661885300   172.9997         23     22.389  10379.979 0.0000e+00
     12.146    36.9934    36.9783    21.7681    21.7686    199.854    205.659    -0.0471 1.0000e-12     0.1329  661885366   174.0948         24     12.233  10445.688 0.0000e+00
