data/UWS/CTD_bulk_raw/SO279/SO279_CTD_processed/SO279_81-1_CTD-06_processed.ros
* Sea-Bird SBE 9 Data File:
* FileName = D:\CTDData\SO279\SO279_81-1_CTD-06.hex
* Software Version Seasave V 7.26.1.8
* Temperature SN = 5938
* Conductivity SN = 4108
* Number of Bytes Per Scan = 41
* Number of Voltage Words = 4
* Number of Scans Averaged by the Deck Unit = 1
* NMEA Latitude = 33 08.61 N
* NMEA Longitude = 033 46.68 W
* NMEA UTC (Time) = Dec 21 2020  14:08:40
* NMEA baud rate = 4800
# nquan = 17
# nvalues = 1575                                  
# units = specified
# name 0 = depSM: Depth [salt water, m]
# name 1 = sal00: Salinity, Practical [PSU]
# name 2 = sal11: Salinity, Practical, 2 [PSU]
# name 3 = t090C: Temperature [ITS-90, deg C]
# name 4 = t190C: Temperature, 2 [ITS-90, deg C]
# name 5 = sbeox0Mm/L: Oxygen, SBE 43 [umol/l]
# name 6 = sbeox1Mm/L: Oxygen, SBE 43, 2 [umol/l]
# name 7 = flECO-AFL: Fluorescence, WET Labs ECO-AFL/FL [mg/m^3]
# name 8 = par: PAR/Irradiance, Biospherical/Licor
# name 9 = turbWETntu0: Turbidity, WET Labs ECO [NTU]
# name 10 = timeQ: Time, NMEA [seconds]
# name 11 = timeM: Time, Elapsed [minutes]
# name 12 = nbf: Bottles Fired
# name 13 = prDM: Pressure, Digiquartz [db]
# name 14 = timeS: Time, Elapsed [seconds]
# name 15 = scan: Scan Count
# name 16 = flag:  0.000e+00
# interval = seconds: 0.0416667
# start_time = Dec 21 2020 14:08:40 [NMEA time, first data scan]
# bad_flag = -9.990e-29
*END*
[from data line 86]
   3622.801    34.9353    34.9209     2.6464     2.6477    228.071    231.206    -0.0377 1.0000e-12     0.1373  661880535    93.5847          2   3680.280   5615.083     134763  0.000e+00
   3622.801    34.9350    34.9214     2.6465     2.6476    228.483    231.658    -0.0304 1.0000e-12     0.1373  661880535    93.5854          2   3680.280   5615.125     134764  0.000e+00
   3622.888    34.9353    34.9216     2.6463     2.6476    228.231    231.361    -0.0377 1.0000e-12     0.1373  661880535    93.5861          2   3680.370   5615.167     134765  0.000e+00
   3622.855    34.9352    34.9217     2.6464     2.6474    228.266    231.691    -0.0377 1.0000e-12     0.1373  661880535    93.5868          2   3680.335   5615.208     134766  0.000e+00
   3622.956    34.9354    34.9214     2.6462     2.6474    227.934    231.831    -0.0377 1.0000e-12     0.1373  661880535    93.5875          2   3680.439   5615.250     134767  0.000e+00
   3622.956    34.9359    34.9216     2.6459     2.6472    228.268    231.969    -0.0304 1.0000e-12     0.1373  661880535    93.5882          2   3680.439   5615.292     134768  0.000e+00
   3623.010    34.9354    34.9216     2.6465     2.6471    227.935    231.672    -0.0157 1.0000e-12     0.1373  661880535    93.5889          2   3680.494   5615.333     134769  0.000e+00
   3623.043    34.9352    34.9218     2.6464     2.6472    228.272    231.692    -0.0157 1.0000e-12     0.1373  661880535    93.5896          2   3680.528   5615.375     134770  0.000e+00
   3623.117    34.9354    34.9218     2.6465     2.6474    228.316    231.718    -0.0157 1.0000e-12     0.1373  661880535    93.5903          2   3680.604   5615.417     134771  0.000e+00
   3623.117    34.9355    34.9221     2.6464     2.6472    228.444    231.749    -0.0157 1.0000e-12     0.1373  661880535    93.5910          2   3680.604   5615.458     134772  0.000e+00
   3623.225    34.9352    34.9216     2.6466     2.6472    228.492    231.789    -0.0157 1.0000e-12     0.1373  661880536    93.5917          2   3680.714   5615.500     134773  0.000e+00
   3623.171    34.9355    34.9216     2.6464     2.6476    228.538    232.262    -0.0157 1.0000e-12     0.1373  661880536    93.5924          2   3680.659   5615.542     134774  0.000e+00
   3623.359    34.9355    34.9216     2.6464     2.6474    228.508    232.304    -0.0157 1.0000e-12     0.1373  661880536    93.5931          2   3680.852   5615.583     134775  0.000e+00
   3623.326    34.9354    34.9213     2.6462     2.6476    228.468    232.333    -0.0157 1.0000e-12     0.1373  661880536    93.5938          2   3680.818   5615.625     134776  0.000e+00
   3623.326    34.9355    34.9214     2.6461     2.6476    228.426    232.232    -0.0157 1.0000e-12     0.1373  661880536    93.5944          2   3680.818   5615.667     134777  0.000e+00
   3623.433    34.9352    34.9218     2.6464     2.6474    228.092    231.688    -0.0157 1.0000e-12     0.1373  661880536    93.5951          2   3680.928   5615.708     134778  0.000e+00
   3623.487    34.9355    34.9217     2.6464     2.6474    228.425    231.889    -0.0157 1.0000e-12     0.1373  661880536    93.5958          2   3680.983   5615.750     134779  0.000e+00
   3623.568    34.9355    34.9210     2.6465     2.6479    228.095    231.889    -0.0157 1.0000e-12     0.1373  661880536    93.5965          2   3681.066   5615.792     134780  0.000e+00
   3623.588    34.9355    34.9216     2.6466     2.6479    227.975    231.884    -0.0157 1.0000e-12     0.1373  661880536    93.5972          2   3681.087   5615.833     134781  0.000e+00
   3623.642    34.9354    34.9213     2.6469     2.6480    228.228    232.001    -0.0157 1.0000e-12     0.1373  661880536    93.5979          2   3681.142   5615.875     134782  0.000e+00
   3623.696    34.9352    34.9218     2.6469     2.6479    227.898    232.120    -0.0157 1.0000e-12     0.1373  661880536    93.5986          2   3681.197   5615.917     134783  0.000e+00
   3623.749    34.9351    34.9217     2.6469     2.6476    228.235    231.677    -0.0157 1.0000e-12     0.1373  661880536    93.5993          2   3681.252   5615.958     134784  0.000e+00
   3623.803    34.9353    34.9211     2.6467     2.6477    228.281    231.984    -0.0157 1.0000e-12     0.1373  661880536    93.6000          2   3681.307   5616.000     134785  0.000e+00
   3623.837    34.9358    34.9220     2.6467     2.6474    227.952    231.971    -0.0157 1.0000e-12     0.1373  661880536    93.6007          2   3681.341   5616.042     134786  0.000e+00
   3623.904    34.9357    34.9219     2.6469     2.6476    228.292    231.952    -0.0157 1.0000e-12     0.1373  661880536    93.6014          2   3681.410   5616.083     134787  0.000e+00
   3623.904    34.9355    34.9216     2.6467     2.6476    228.341    232.053    -0.0157 1.0000e-12     0.1373  661880536    93.6021          2   3681.410   5616.125     134788  0.000e+00
   3624.066    34.9352    34.9216     2.6465     2.6479    228.105    231.594    -0.0157 1.0000e-12     0.1373  661880536    93.6028          2   3681.576   5616.167     134789  0.000e+00
   3624.066    34.9355    34.9218     2.6465     2.6479    228.450    231.447    -0.0157 1.0000e-12     0.1373  661880536    93.6035          2   3681.576   5616.208     134790  0.000e+00
   3624.166    34.9352    34.9218     2.6467     2.6480    228.423    231.303    -0.0157 1.0000e-12     0.1373  661880536    93.6042          2   3681.679   5616.250     134791  0.000e+00
   3624.146    34.9357    34.9216     2.6465     2.6479    228.389    231.157    -0.0084 1.0000e-12     0.1373  661880536    93.6049          2   3681.658   5616.292     134792  0.000e+00
   3624.274    34.9352    34.9216     2.6466     2.6476    228.440    231.016    -0.0157 1.0000e-12     0.1373  661880536    93.6056          2   3681.789   5616.333     134793  0.000e+00
   3624.274    34.9357    34.9219     2.6469     2.6476    228.401    230.996    -0.0304 1.0000e-12     0.1373  661880536    93.6063          2   3681.789   5616.375     134794  0.000e+00
   3624.328    34.9355    34.9213     2.6469     2.6477    228.446    230.982    -0.0377 1.0000e-12     0.1373  661880536    93.6069          2   3681.844   5616.417     134795  0.000e+00
   3624.429    34.9351    34.9213     2.6467     2.6477    228.494    231.412    -0.0377 1.0000e-12     0.1373  661880536    93.6076          2   3681.948   5616.458     134796  0.000e+00
   3624.483    34.9352    34.9216     2.6466     2.6476    228.456    231.525    -0.0377 1.0000e-12     0.1373  661880537    93.6083          2   3682.003   5616.500     134797  0.000e+00
   3624.516    34.9355    34.9215     2.6467     2.6476    228.496    231.638    -0.0377 1.0000e-12     0.1373  661880537    93.6090          2   3682.037   5616.542     134798  0.000e+00
   3624.590    34.9354    34.9212     2.6465     2.6476    228.829    231.752    -0.0377 1.0000e-12     0.1373  661880537    93.6097          2   3682.113   5616.583     134799  0.000e+00
   3624.644    34.9355    34.9211     2.6467     2.6479    228.570    231.427    -0.0377 1.0000e-12     0.1373  661880537    93.6104          2   3682.168   5616.625     134800  0.000e+00
   3624.745    34.9356    34.9218     2.6466     2.6477    228.607    231.861    -0.0377 1.0000e-12     0.1373  661880537    93.6111          2   3682.272   5616.667     134801  0.000e+00
   3624.745    34.9352    34.9217     2.6469     2.6477    228.267    231.978    -0.0377 1.0000e-12     0.1373  661880537    93.6118          2   3682.272   5616.708     134802  0.000e+00
   3624.799    34.9357    34.9216     2.6467     2.6477    228.226    232.096    -0.0377 1.0000e-12     0.1373  661880537    93.6125          2   3682.327   5616.750     134803  0.000e+00
   3624.886    34.9361    34.9219     2.6464     2.6477    228.107    232.215    -0.0377 1.0000e-12     0.1373  661880537    93.6132          2   3682.416   5616.792     134804  0.000e+00
   3624.960    34.9355    34.9215     2.6467     2.6479    228.357    231.897    -0.0377 1.0000e-12     0.1373  661880537    93.6139          2   3682.492   5616.833     134805  0.000e+00
   3625.014    34.9355    34.9213     2.6465     2.6479    228.314    231.772    -0.0377 1.0000e-12     0.1373  661880537    93.6146          2   3682.547   5616.875     134806  0.000e+00
   3625.014    34.9353    34.9217     2.6465     2.6476    228.264    231.647    -0.0377 1.0000e-12     0.1373  661880537    93.6153          2   3682.547   5616.917     134807  0.000e+00
   3625.115    34.9354    34.9217     2.6465     2.6477    228.297    231.960    -0.0377 1.0000e-12     0.1373  661880537    93.6160          2   3682.651   5616.958     134808  0.000e+00
   3625.169    34.9360    34.9219     2.6465     2.6474    227.956    231.953    -0.0304 1.0000e-12     0.1373  661880537    93.6167          2   3682.706   5617.000     134809  0.000e+00
   3625.222    34.9353    34.9220     2.6469     2.6477    227.910    231.937    -0.0377 1.0000e-12     0.1373  661880537    93.6174          2   3682.761   5617.042     134810  0.000e+00
   3625.310    34.9351    34.9215     2.6469     2.6477    227.869    231.921    -0.0304 1.0000e-12     0.1373  661880537    93.6181          3   3682.850   5617.083     134811  0.000e+00
   3625.323    34.9356    34.9216     2.6465     2.6476    228.204    231.460    -0.0377 1.0000e-12     0.1373  661880537    93.6188          3   3682.864   5617.125     134812  0.000e+00
   3625.431    34.9351    34.9213     2.6469     2.6477    228.329    231.443    -0.0377 1.0000e-12     0.1373  661880537    93.6194          3   3682.974   5617.167     134813  0.000e+00
   3625.377    34.9353    34.9215     2.6466     2.6476    228.744    231.737    -0.0377 1.0000e-12     0.1373  661880537    93.6201          3   3682.919   5617.208     134814  0.000e+00
   3625.539    34.9354    34.9216     2.6465     2.6477    228.497    231.842    -0.0377 1.0000e-12     0.1373  661880537    93.6208          3   3683.085   5617.250     134815  0.000e+00
   3625.539    34.9356    34.9217     2.6467     2.6479    228.825    231.942    -0.0377 1.0000e-12     0.1373  661880537    93.6215          3   3683.085   5617.292     134816  0.000e+00
   3625.639    34.9355    34.9219     2.6467     2.6476    228.569    231.612    -0.0304 1.0000e-12     0.1373  661880537    93.6222          3   3683.188   5617.333     134817  0.000e+00
   3625.673    34.9353    34.9218     2.6466     2.6477    228.521    231.470    -0.0377 1.0000e-12     0.1373  661880537    93.6229          3   3683.223   5617.375     134818  0.000e+00
   3625.747    34.9354    34.9213     2.6469     2.6480    228.552    231.329    -0.0377 1.0000e-12     0.1373  661880537    93.6236          3   3683.298   5617.417     134819  0.000e+00
   3625.747    34.9357    34.9215     2.6465     2.6479    228.211    231.188    -0.0377 1.0000e-12     0.1373  661880537    93.6243          3   3683.298   5617.458     134820  0.000e+00
   3625.855    34.9354    34.9216     2.6467     2.6479    228.167    231.487    -0.0377 1.0000e-12     0.1373  661880538    93.6250          3   3683.409   5617.500     134821  0.000e+00
   3625.855    34.9354    34.9214     2.6467     2.6479    228.124    231.025    -0.0377 1.0000e-12     0.1373  661880538    93.6257          3   3683.409   5617.542     134822  0.000e+00
   3625.956    34.9357    34.9212     2.6465     2.6479    228.088    231.445    -0.0377 1.0000e-12     0.1373  661880538    93.6264          3   3683.512   5617.583     134823  0.000e+00
   3626.009    34.9355    34.9215     2.6465     2.6477    228.053    231.112    -0.0377 1.0000e-12     0.1373  661880538    93.6271          3   3683.567   5617.625     134824  0.000e+00
   3626.063    34.9358    34.9218     2.6464     2.6476    228.022    231.099    -0.0377 1.0000e-12     0.1373  661880538    93.6278          3   3683.622   5617.667     134825  0.000e+00
   3626.097    34.9353    34.9213     2.6466     2.6477    227.992    231.527    -0.0377 1.0000e-12     0.1373  661880538    93.6285          3   3683.657   5617.708     134826  0.000e+00
   3626.171    34.9355    34.9215     2.6464     2.6476    228.258    231.078    -0.0377 1.0000e-12     0.1373  661880538    93.6292          3   3683.733   5617.750     134827  0.000e+00
   3626.218    34.9355    34.9216     2.6465     2.6474    228.309    231.507    -0.0377 1.0000e-12     0.1373  661880538    93.6299          3   3683.781   5617.792     134828  0.000e+00
   3626.272    34.9359    34.9216     2.6465     2.6472    228.277    231.184    -0.0304 1.0000e-12     0.1373  661880538    93.6306          3   3683.836   5617.833     134829  0.000e+00
   3626.272    34.9358    34.9215     2.6465     2.6474    227.868    231.178    -0.0377 1.0000e-12     0.1373  661880538    93.6312          3   3683.836   5617.875     134830  0.000e+00
   3626.379    34.9355    34.9215     2.6465     2.6476    227.839    231.181    -0.0377 1.0000e-12     0.1373  661880538    93.6319          3   3683.946   5617.917     134831  0.000e+00
   3626.380    34.9355    34.9217     2.6464     2.6474    227.354    231.187    -0.0377 1.0000e-12     0.1373  661880538    93.6326          3   3683.946   5617.958     134832  0.000e+00
   3626.487    34.9353    34.9213     2.6464     2.6476    227.623    230.636    -0.0377 1.0000e-12     0.1373  661880538    93.6333          3   3684.056   5618.000     134833  0.000e+00
   3626.487    34.9358    34.9214     2.6463     2.6476    227.973    230.967    -0.0377 1.0000e-12     0.1373  661880538    93.6340          3   3684.057   5618.042     134834  0.000e+00
   3626.575    34.9358    34.9214     2.6464     2.6477    227.576    230.989    -0.0377 1.0000e-12     0.1373  661880538    93.6347          3   3684.146   5618.083     134835  0.000e+00
   3626.588    34.9353    34.9214     2.6464     2.6476    227.554    231.015    -0.0377 1.0000e-12     0.1373  661880538    93.6354          3   3684.160   5618.125     134836  0.000e+00
   3626.642    34.9356    34.9215     2.6464     2.6477    227.535    231.046    -0.0377 1.0000e-12     0.1373  661880538    93.6361          3   3684.215   5618.167     134837  0.000e+00
   3626.696    34.9352    34.9218     2.6466     2.6474    227.436    230.959    -0.0377 1.0000e-12     0.1373  661880538    93.6368          3   3684.270   5618.208     134838  0.000e+00
   3626.696    34.9351    34.9214     2.6464     2.6474    227.421    230.868    -0.0377 1.0000e-12     0.1373  661880538    93.6375          3   3684.270   5618.250     134839  0.000e+00
   3626.750    34.9354    34.9218     2.6464     2.6472    227.409    230.779    -0.0377 1.0000e-12     0.1373  661880538    93.6382          3   3684.325   5618.292     134840  0.000e+00
   3626.850    34.9360    34.9213     2.6462     2.6476    227.402    230.690    -0.0377 1.0000e-12     0.1373  661880538    93.6389          3   3684.429   5618.333     134841  0.000e+00
   3626.851    34.9357    34.9212     2.6465     2.6474    227.395    230.600    -0.0377 1.0000e-12     0.1373  661880538    93.6396          3   3684.429   5618.375     134842  0.000e+00
   3626.851    34.9354    34.9214     2.6462     2.6476    227.393    230.508    -0.0377 1.0000e-12     0.1373  661880538    93.6403          3   3684.429   5618.417     134843  0.000e+00
   3626.938    34.9354    34.9219     2.6462     2.6476    227.769    230.855    -0.0304 1.0000e-12     0.1373  661880538    93.6410          3   3684.518   5618.458     134844  0.000e+00
   3626.958    34.9353    34.9215     2.6464     2.6474    227.848    230.573    -0.0377 1.0000e-12     0.1373  661880539    93.6417          3   3684.539   5618.500     134845  0.000e+00
   3626.958    34.9358    34.9217     2.6461     2.6474    227.929    231.045    -0.0304 1.0000e-12     0.1373  661880539    93.6424          3   3684.539   5618.542     134846  0.000e+00
