data/UWS/CTD_bulk_raw/SO279/SO279_CTD_processed/SO279_81-1_CTD-06_processed.ros
* Sea-Bird SBE 9 Data File:
* FileName = D:\CTDData\SO279\SO279_81-1_CTD-06.hex
* Software Version Seasave V 7.26.1.8
* Temperature SN = 5938
* Conductivity SN = 4108
* Number of Bytes Per Scan = 41
* Number of Voltage Words = 4
* Number of Scans Averaged by the Deck Unit = 1
* NMEA Latitude = 33 08.61 N
* NMEA Longitude = 033 46.68 W
* NMEA UTC (Time) = Dec 21 2020  14:08:40
* NMEA baud rate = 4800
# nquan = 17
# nvalues = 1575                                  
# units = specified
# name 0 = depSM: Depth [salt water, m]
# name 1 = sal00: Salinity, Practical [PSU]
# name 2 = sal11: Salinity, Practical, 2 [PSU]
# name 3 = t090C: Temperature [ITS-90, deg C]
# name 4 = t190C: Temperature, 2 [ITS-90, deg C]
# name 5 = sbeox0Mm/L: Oxygen, SBE 43 [umol/l]
# name 6 = sbeox1Mm/L: Oxygen, SBE 43, 2 [umol/l]
# name 7 = flECO-AFL: Fluorescence, WET Labs ECO-AFL/FL [mg/m^3]
# name 8 = par: PAR/Irradiance, Biospherical/Licor
# name 9 = turbWETntu0: Turbidity, WET Labs ECO [NTU]
# name 10 = timeQ: Time, NMEA [seconds]
# name 11 = timeM: Time, Elapsed [minutes]
# name 12 = nbf: Bottles Fired
# name 13 = prDM: Pressure, Digiquartz [db]
# name 14 = timeS: Time, Elapsed [seconds]
# name 15 = scan: Scan Count
# name 16 = flag:  0.000e+00
# interval = seconds: 0.0416667
# start_time = Dec 21 2020 14:08:40 [NMEA time, first data scan]
# bad_flag = -9.990e-29
*END*
[from data line 1192]
     76.049    37.0057    36.9817    21.7401    21.7409    198.826    206.121     0.1235 1.0000e-12     0.1397  661885033   168.5458         18     76.604  10112.750     242707  0.000e+00
     76.081    37.0057    36.9818    21.7402    21.7409    198.817    206.112     0.1161 1.0000e-12     0.1397  661885033   168.5465         18     76.636  10112.792     242708  0.000e+00
     76.049    37.0058    36.9820    21.7404    21.7409    198.812    206.107     0.1235 1.0000e-12     0.1397  661885033   168.5472         18     76.604  10112.833     242709  0.000e+00
     76.081    37.0060    36.9822    21.7401    21.7410    198.692    206.091     0.1235 1.0000e-12     0.1397  661885033   168.5479         18     76.636  10112.875     242710  0.000e+00
     76.049    37.0061    36.9820    21.7402    21.7411    198.803    206.081     0.1235 1.0000e-12     0.1397  661885033   168.5486         18     76.604  10112.917     242711  0.000e+00
     76.080    37.0061    36.9821    21.7401    21.7412    198.683    206.202     0.1235 1.0000e-12     0.1397  661885033   168.5493         18     76.636  10112.958     242712  0.000e+00
     76.093    37.0057    36.9820    21.7400    21.7414    198.671    206.196     0.1235 1.0000e-12     0.1397  661885033   168.5500         18     76.649  10113.000     242713  0.000e+00
     76.080    37.0063    36.9822    21.7401    21.7412    198.777    206.187     0.1235 1.0000e-12     0.1397  661885033   168.5507         18     76.636  10113.042     242714  0.000e+00
     76.093    37.0062    36.9820    21.7401    21.7411    198.658    206.176     0.1235 1.0000e-12     0.1397  661885033   168.5514         18     76.649  10113.083     242715  0.000e+00
     76.125    37.0057    36.9821    21.7403    21.7412    198.654    206.161     0.1161 1.0000e-12     0.1422  661885033   168.5521         18     76.681  10113.125     242716  0.000e+00
     76.093    37.0060    36.9821    21.7404    21.7410    198.648    206.152     0.1161 1.0000e-12     0.1422  661885033   168.5528         18     76.649  10113.167     242717  0.000e+00
     76.080    37.0058    36.9823    21.7407    21.7404    198.644    206.142     0.1161 1.0000e-12     0.1446  661885033   168.5535         18     76.636  10113.208     242718  0.000e+00
     76.138    37.0059    36.9822    21.7408    21.7404    198.763    206.129     0.1161 1.0000e-12     0.1446  661885033   168.5542         18     76.693  10113.250     242719  0.000e+00
     76.125    37.0059    36.9825    21.7408    21.7404    198.767    206.122     0.1161 1.0000e-12     0.1446  661885033   168.5549         19     76.681  10113.292     242720  0.000e+00
     76.138    37.0064    36.9824    21.7409    21.7405    198.651    206.246     0.1161 1.0000e-12     0.1422  661885033   168.5556         19     76.693  10113.333     242721  0.000e+00
     76.138    37.0063    36.9826    21.7409    21.7409    198.644    206.108     0.1161 1.0000e-12     0.1446  661885033   168.5563         19     76.693  10113.375     242722  0.000e+00
     76.125    37.0064    36.9822    21.7409    21.7413    198.637    206.092     0.1161 1.0000e-12     0.1446  661885033   168.5569         19     76.681  10113.417     242723  0.000e+00
     76.188    37.0060    36.9821    21.7412    21.7416    198.638    206.086     0.1161 1.0000e-12     0.1446  661885033   168.5576         19     76.745  10113.458     242724  0.000e+00
     76.176    37.0062    36.9826    21.7411    21.7414    198.639    206.210     0.1161 1.0000e-12     0.1422  661885034   168.5583         19     76.732  10113.500     242725  0.000e+00
     76.188    37.0064    36.9828    21.7412    21.7419    198.521    206.207     0.1161 1.0000e-12     0.1446  661885034   168.5590         19     76.745  10113.542     242726  0.000e+00
     76.220    37.0064    36.9825    21.7411    21.7421    198.639    206.213     0.1161 1.0000e-12     0.1446  661885034   168.5597         19     76.777  10113.583     242727  0.000e+00
     76.233    37.0064    36.9824    21.7413    21.7422    198.643    206.208     0.1161 1.0000e-12     0.1446  661885034   168.5604         19     76.789  10113.625     242728  0.000e+00
     76.176    37.0065    36.9830    21.7412    21.7421    198.646    206.207     0.1161 1.0000e-12     0.1446  661885034   168.5611         19     76.732  10113.667     242729  0.000e+00
     76.277    37.0065    36.9825    21.7413    21.7423    198.775    206.209     0.1161 1.0000e-12     0.1446  661885034   168.5618         19     76.834  10113.708     242730  0.000e+00
     76.220    37.0068    36.9825    21.7414    21.7421    198.658    206.062     0.1161 1.0000e-12     0.1446  661885034   168.5625         19     76.776  10113.750     242731  0.000e+00
     76.277    37.0072    36.9825    21.7416    21.7424    198.778    206.049     0.1161 1.0000e-12     0.1446  661885034   168.5632         19     76.834  10113.792     242732  0.000e+00
     76.265    37.0066    36.9824    21.7418    21.7423    198.664    205.899     0.1161 1.0000e-12     0.1422  661885034   168.5639         19     76.821  10113.833     242733  0.000e+00
     76.328    37.0066    36.9824    21.7418    21.7421    198.546    205.875     0.1161 1.0000e-12     0.1446  661885034   168.5646         19     76.885  10113.875     242734  0.000e+00
     76.315    37.0069    36.9825    21.7420    21.7423    198.540    205.979     0.1161 1.0000e-12     0.1446  661885034   168.5653         19     76.873  10113.917     242735  0.000e+00
     76.373    37.0068    36.9828    21.7421    21.7424    198.544    205.960     0.1161 1.0000e-12     0.1446  661885034   168.5660         19     76.930  10113.958     242736  0.000e+00
     76.315    37.0068    36.9825    21.7423    21.7425    198.545    205.936     0.1161 1.0000e-12     0.1446  661885034   168.5667         19     76.873  10114.000     242737  0.000e+00
     76.417    37.0065    36.9833    21.7422    21.7423    198.667    205.792     0.1161 1.0000e-12     0.1446  661885034   168.5674         19     76.975  10114.042     242738  0.000e+00
     76.360    37.0065    36.9829    21.7421    21.7428    198.678    205.766     0.1161 1.0000e-12     0.1446  661885034   168.5681         19     76.917  10114.083     242739  0.000e+00
     76.417    37.0070    36.9831    21.7420    21.7427    198.685    205.743     0.1161 1.0000e-12     0.1446  661885034   168.5687         19     76.975  10114.125     242740  0.000e+00
     76.455    37.0072    36.9828    21.7418    21.7432    198.693    205.717     0.1088 1.0000e-12     0.1422  661885034   168.5694         19     77.013  10114.167     242741  0.000e+00
     76.417    37.0071    36.9830    21.7416    21.7430    198.699    205.690     0.1088 1.0000e-12     0.1397  661885034   168.5701         19     76.975  10114.208     242742  0.000e+00
     76.500    37.0070    36.9831    21.7418    21.7428    198.702    205.666     0.1088 1.0000e-12     0.1373  661885034   168.5708         19     77.058  10114.250     242743  0.000e+00
     76.468    37.0072    36.9831    21.7419    21.7431    198.708    205.636     0.1088 1.0000e-12     0.1397  661885034   168.5715         19     77.026  10114.292     242744  0.000e+00
     76.468    37.0071    36.9830    21.7418    21.7430    198.717    205.618     0.1088 1.0000e-12     0.1397  661885034   168.5722         19     77.026  10114.333     242745  0.000e+00
     76.595    37.0067    36.9830    21.7418    21.7432    198.849    205.602     0.1088 1.0000e-12     0.1373  661885034   168.5729         19     77.154  10114.375     242746  0.000e+00
     76.563    37.0071    36.9833    21.7419    21.7430    198.863    205.583     0.1088 1.0000e-12     0.1397  661885034   168.5736         19     77.122  10114.417     242747  0.000e+00
     76.544    37.0071    36.9834    21.7423    21.7429    198.750    205.563     0.1088 1.0000e-12     0.1397  661885034   168.5743         19     77.103  10114.458     242748  0.000e+00
     76.652    37.0072    36.9827    21.7423    21.7434    198.876    205.401     0.1088 1.0000e-12     0.1397  661885035   168.5750         19     77.212  10114.500     242749  0.000e+00
     76.595    37.0071    36.9831    21.7425    21.7434    198.890    205.359     0.1088 1.0000e-12     0.1397  661885035   168.5757         19     77.154  10114.542     242750  0.000e+00
     76.652    37.0072    36.9833    21.7425    21.7434    198.901    205.319     0.1088 1.0000e-12     0.1397  661885035   168.5764         19     77.212  10114.583     242751  0.000e+00
     76.640    37.0070    36.9829    21.7426    21.7438    199.030    205.287     0.1088 1.0000e-12     0.1397  661885035   168.5771         19     77.199  10114.625     242752  0.000e+00
     76.703    37.0071    36.9831    21.7427    21.7435    198.927    205.268     0.1088 1.0000e-12     0.1397  661885035   168.5778         19     77.263  10114.667     242753  0.000e+00
     76.735    37.0072    36.9831    21.7426    21.7435    198.937    205.248     0.1088 1.0000e-12     0.1397  661885035   168.5785         19     77.295  10114.708     242754  0.000e+00
     76.748    37.0073    36.9834    21.7429    21.7432    198.825    205.229     0.1088 1.0000e-12     0.1397  661885035   168.5792         19     77.308  10114.750     242755  0.000e+00
     76.779    37.0075    36.9830    21.7430    21.7431    198.949    205.211     0.1088 1.0000e-12     0.1397  661885035   168.5799         19     77.340  10114.792     242756  0.000e+00
     76.748    37.0074    36.9831    21.7430    21.7430    198.958    205.192     0.1088 1.0000e-12     0.1397  661885035   168.5806         19     77.308  10114.833     242757  0.000e+00
     76.824    37.0071    36.9836    21.7432    21.7432    198.969    205.174     0.1088 1.0000e-12     0.1397  661885035   168.5813         19     77.385  10114.875     242758  0.000e+00
     76.888    37.0072    36.9832    21.7435    21.7437    198.972    205.022     0.1088 1.0000e-12     0.1397  661885035   168.5819         19     77.449  10114.917     242759  0.000e+00
     76.875    37.0082    36.9832    21.7436    21.7438    198.980    205.127     0.1088 1.0000e-12     0.1397  661885035   168.5826         19     77.436  10114.958     242760  0.000e+00
     76.888    37.0080    36.9835    21.7439    21.7441    198.982    205.120     0.1088 1.0000e-12     0.1373  661885035   168.5833         19     77.449  10115.000     242761  0.000e+00
     76.919    37.0080    36.9837    21.7442    21.7446    198.984    205.112     0.1088 1.0000e-12     0.1397  661885035   168.5840         19     77.481  10115.042     242762  0.000e+00
     76.983    37.0082    36.9840    21.7443    21.7446    198.994    205.108     0.1088 1.0000e-12     0.1397  661885035   168.5847         19     77.545  10115.083     242763  0.000e+00
     76.964    37.0077    36.9840    21.7444    21.7454    198.875    205.100     0.1088 1.0000e-12     0.1397  661885035   168.5854         19     77.526  10115.125     242764  0.000e+00
     77.027    37.0071    36.9839    21.7442    21.7453    198.874    205.098     0.1088 1.0000e-12     0.1397  661885035   168.5861         19     77.590  10115.167     242765  0.000e+00
     77.015    37.0074    36.9835    21.7439    21.7448    198.870    205.098     0.1088 1.0000e-12     0.1397  661885035   168.5868         19     77.577  10115.208     242766  0.000e+00
     77.072    37.0073    36.9835    21.7437    21.7448    198.868    205.097     0.1088 1.0000e-12     0.1422  661885035   168.5875         19     77.635  10115.250     242767  0.000e+00
     77.015    37.0073    36.9838    21.7437    21.7449    198.869    205.094     0.1088 1.0000e-12     0.1446  661885035   168.5882         19     77.577  10115.292     242768  0.000e+00
     77.167    37.0074    36.9842    21.7436    21.7457    198.875    205.094     0.1088 1.0000e-12     0.1446  661885035   168.5889         19     77.731  10115.333     242769  0.000e+00
     77.110    37.0078    36.9846    21.7439    21.7462    198.869    204.967     0.1088 1.0000e-12     0.1446  661885035   168.5896         19     77.673  10115.375     242770  0.000e+00
     77.167    37.0083    36.9846    21.7446    21.7464    198.863    204.960     0.1088 1.0000e-12     0.1446  661885035   168.5903         19     77.731  10115.417     242771  0.000e+00
     77.199    37.0081    36.9844    21.7449    21.7463    198.859    204.955     0.1088 1.0000e-12     0.1446  661885035   168.5910         19     77.763  10115.458     242772  0.000e+00
     77.263    37.0085    36.9845    21.7449    21.7467    198.857    204.950     0.1088 1.0000e-12     0.1446  661885036   168.5917         19     77.827  10115.500     242773  0.000e+00
     77.199    37.0084    36.9844    21.7455    21.7467    198.849    204.954     0.1088 1.0000e-12     0.1446  661885036   168.5924         19     77.763  10115.542     242774  0.000e+00
     77.307    37.0086    36.9838    21.7458    21.7464    198.961    205.100     0.1088 1.0000e-12     0.1446  661885036   168.5931         19     77.872  10115.583     242775  0.000e+00
     77.294    37.0086    36.9841    21.7458    21.7457    198.963    205.120     0.1088 1.0000e-12     0.1446  661885036   168.5938         19     77.859  10115.625     242776  0.000e+00
     77.307    37.0086    36.9839    21.7464    21.7457    198.963    205.141     0.1088 1.0000e-12     0.1446  661885036   168.5944         19     77.872  10115.667     242777  0.000e+00
     77.339    37.0086    36.9845    21.7463    21.7455    198.965    205.163     0.1088 1.0000e-12     0.1446  661885036   168.5951         19     77.904  10115.708     242778  0.000e+00
     77.403    37.0089    36.9839    21.7467    21.7460    198.973    205.052     0.1088 1.0000e-12     0.1446  661885036   168.5958         19     77.968  10115.750     242779  0.000e+00
     77.390    37.0089    36.9841    21.7465    21.7463    198.975    205.055     0.1088 1.0000e-12     0.1446  661885036   168.5965         19     77.955  10115.792     242780  0.000e+00
     77.447    37.0085    36.9838    21.7467    21.7462    199.104    205.062     0.1088 1.0000e-12     0.1446  661885036   168.5972         19     78.013  10115.833     242781  0.000e+00
     77.479    37.0087    36.9832    21.7467    21.7458    199.112    205.195     0.1088 1.0000e-12     0.1422  661885036   168.5979         19     78.045  10115.875     242782  0.000e+00
     77.447    37.0088    36.9839    21.7465    21.7453    199.112    205.202     0.1088 1.0000e-12     0.1446  661885036   168.5986         19     78.013  10115.917     242783  0.000e+00
     77.530    37.0084    36.9835    21.7467    21.7454    198.992    205.221     0.1088 1.0000e-12     0.1446  661885036   168.5993         19     78.096  10115.958     242784  0.000e+00
     77.542    37.0083    36.9831    21.7465    21.7453    198.985    205.240     0.1088 1.0000e-12     0.1422  661885036   168.6000         19     78.109  10116.000     242785  0.000e+00
     77.530    37.0082    36.9836    21.7463    21.7449    199.098    205.259     0.1088 1.0000e-12     0.1446  661885036   168.6007         19     78.096  10116.042     242786  0.000e+00
     77.587    37.0085    36.9836    21.7464    21.7453    198.982    205.269     0.1088 1.0000e-12     0.1446  661885036   168.6014         19     78.154  10116.083     242787  0.000e+00
     77.619    37.0078    36.9840    21.7465    21.7455    198.981    205.278     0.1088 1.0000e-12     0.1446  661885036   168.6021         19     78.186  10116.125     242788  0.000e+00
     77.638    37.0083    36.9840    21.7459    21.7457    199.100    205.288     0.1088 1.0000e-12     0.1446  661885036   168.6028         19     78.205  10116.167     242789  0.000e+00
     77.619    37.0083    36.9838    21.7460    21.7462    199.102    205.430     0.1088 1.0000e-12     0.1446  661885036   168.6035         19     78.186  10116.208     242790  0.000e+00
