data/UWS/CTD_bulk_raw/SO279/SO279_CTD_processed/SO279_1-1_CTD-01_processed.ros
* Sea-Bird SBE 9 Data File:
* FileName = D:\CTDData\SO279\SO279_1-1_CTD-01.hex
* Software Version Seasave V 7.26.1.8
* Temperature SN = 5938
* Conductivity SN = 4108
* Number of Bytes Per Scan = 41
* Number of Voltage Words = 4
* Number of Scans Averaged by the Deck Unit = 1
* NMEA Latitude = 47 15.00 N
* NMEA Longitude = 010 06.27 W
* NMEA UTC (Time) = Dec 08 2020  08:01:09
* NMEA baud rate = 4800
# nquan = 17
# nvalues = 1419                                  
# units = specified
# name 0 = depSM: Depth [salt water, m]
# name 1 = sal00: Salinity, Practical [PSU]
# name 2 = sal11: Salinity, Practical, 2 [PSU]
# name 3 = t090C: Temperature [ITS-90, deg C]
# name 4 = t190C: Temperature, 2 [ITS-90, deg C]
# name 5 = sbeox0Mm/L: Oxygen, SBE 43 [umol/l]
# name 6 = sbeox1Mm/L: Oxygen, SBE 43, 2 [umol/l]
# name 7 = flECO-AFL: Fluorescence, WET Labs ECO-AFL/FL [mg/m^3]
# name 8 = par: PAR/Irradiance, Biospherical/Licor
# name 9 = turbWETntu0: Turbidity, WET Labs ECO [NTU]
# name 10 = timeQ: Time, NMEA [seconds]
# name 11 = timeM: Time, Elapsed [minutes]
# name 12 = nbf: Bottles Fired
# name 13 = prDM: Pressure, Digiquartz [db]
# name 14 = timeS: Time, Elapsed [seconds]
# name 15 = scan: Scan Count
# name 16 = flag:  0.000e+00
# interval = seconds: 0.0416667
# start_time = Dec 08 2020 08:01:36 [NMEA time, first data scan]
# bad_flag = -9.990e-29
*END*
[from data line 766]
    148.116    35.6102    35.6005    12.2750    12.2743    212.506    227.842    -0.1037 5.6512e-03     0.1299  660741032   188.9347         13    149.413  11336.083     272067  0.000e+00
    148.179    35.6099    35.6006    12.2756    12.2695    212.517    227.879    -0.1037 5.6512e-03     0.1299  660741032   188.9354         13    149.477  11336.125     272068  0.000e+00
    148.135    35.6099    35.6001    12.2760    12.2664    212.385    227.904    -0.1037 5.6512e-03     0.1299  660741032   188.9361         13    149.432  11336.167     272069  0.000e+00
    148.084    35.6099    35.6001    12.2762    12.2650    212.408    228.069    -0.1037 5.6512e-03     0.1299  660741032   188.9368         13    149.381  11336.208     272070  0.000e+00
    148.116    35.6089    35.6003    12.2760    12.2635    212.449    228.104    -0.1037 5.6512e-03     0.1299  660741032   188.9375         13    149.413  11336.250     272071  0.000e+00
    148.135    35.6080    35.6003    12.2742    12.2611    212.486    228.141    -0.1037 5.6512e-03     0.1299  660741032   188.9382         13    149.432  11336.292     272072  0.000e+00
    148.135    35.6073    35.6003    12.2709    12.2603    212.379    228.168    -0.1037 5.6512e-03     0.1299  660741032   188.9389         13    149.432  11336.333     272073  0.000e+00
    148.071    35.6079    35.6004    12.2679    12.2612    212.559    228.184    -0.1037 5.6512e-03     0.1299  660741032   188.9396         13    149.368  11336.375     272074  0.000e+00
    148.135    35.6083    35.6004    12.2661    12.2628    212.878    228.198    -0.1037 5.6512e-03     0.1299  660741032   188.9403         13    149.432  11336.417     272075  0.000e+00
    148.135    35.6090    35.6004    12.2649    12.2633    212.911    228.214    -0.1037 5.8172e-03     0.1299  660741032   188.9410         13    149.432  11336.458     272076  0.000e+00
    148.039    35.6093    35.6002    12.2646    12.2628    212.924    228.401    -0.1037 5.6512e-03     0.1299  660741032   188.9417         13    149.336  11336.500     272077  0.000e+00
    148.211    35.6091    35.6006    12.2651    12.2628    212.927    228.438    -0.1037 5.8172e-03     0.1299  660741032   188.9424         13    149.509  11336.542     272078  0.000e+00
    148.135    35.6101    35.6014    12.2660    12.2646    212.766    228.438    -0.1037 5.6512e-03     0.1299  660741032   188.9431         13    149.432  11336.583     272079  0.000e+00
    148.135    35.6110    35.6018    12.2683    12.2688    213.056    228.256    -0.1037 5.6512e-03     0.1299  660741032   188.9437         13    149.432  11336.625     272080  0.000e+00
    148.115    35.6119    35.6020    12.2716    12.2723    212.920    228.415    -0.1037 5.6512e-03     0.1299  660741032   188.9444         13    149.413  11336.667     272081  0.000e+00
    148.135    35.6116    35.6027    12.2750    12.2748    212.785    228.406    -0.1037 5.6512e-03     0.1299  660741032   188.9451         13    149.432  11336.708     272082  0.000e+00
    148.135    35.6105    35.6020    12.2767    12.2777    212.647    228.244    -0.1037 5.6512e-03     0.1299  660741032   188.9458         13    149.432  11336.750     272083  0.000e+00
    148.115    35.6092    35.6016    12.2764    12.2802    212.632    228.232    -0.1037 5.6512e-03     0.1299  660741032   188.9465         13    149.413  11336.792     272084  0.000e+00
    148.134    35.6094    35.6008    12.2753    12.2791    212.442    228.237    -0.0963 5.6512e-03     0.1275  660741032   188.9472         13    149.432  11336.833     272085  0.000e+00
    148.179    35.6093    35.6008    12.2758    12.2761    212.522    228.250    -0.0890 5.6512e-03     0.1275  660741033   188.9479         13    149.477  11336.875     272086  0.000e+00
    148.084    35.6096    35.6005    12.2760    12.2728    212.624    228.428    -0.0963 5.9837e-03     0.1275  660741033   188.9486         13    149.380  11336.917     272087  0.000e+00
    148.160    35.6088    35.6001    12.2750    12.2698    212.595    228.457    -0.0963 6.1507e-03     0.1275  660741033   188.9493         13    149.457  11336.958     272088  0.000e+00
    148.134    35.6075    35.6001    12.2722    12.2676    212.570    228.476    -0.0963 6.3181e-03     0.1275  660741033   188.9500         13    149.432  11337.000     272089  0.000e+00
    148.179    35.6067    35.6001    12.2683    12.2656    212.563    228.494    -0.0963 6.3181e-03     0.1275  660741033   188.9507         13    149.477  11337.042     272090  0.000e+00
    148.115    35.6075    35.6000    12.2645    12.2633    212.713    228.509    -0.0963 6.1507e-03     0.1275  660741033   188.9514         14    149.412  11337.083     272091  0.000e+00
    148.179    35.6080    35.5998    12.2622    12.2610    212.871    228.524    -0.0963 6.3181e-03     0.1275  660741033   188.9521         14    149.477  11337.125     272092  0.000e+00
    148.134    35.6090    35.6004    12.2620    12.2598    212.887    228.528    -0.0963 6.3181e-03     0.1275  660741033   188.9528         14    149.432  11337.167     272093  0.000e+00
    148.230    35.6098    35.6009    12.2633    12.2610    212.898    228.522    -0.0963 6.3181e-03     0.1275  660741033   188.9535         14    149.528  11337.208     272094  0.000e+00
    148.115    35.6107    35.6010    12.2651    12.2635    213.064    228.502    -0.0963 6.1507e-03     0.1275  660741033   188.9542         14    149.412  11337.250     272095  0.000e+00
    148.230    35.6106    35.6005    12.2673    12.2646    213.083    228.323    -0.0890 6.3181e-03     0.1275  660741033   188.9549         14    149.528  11337.292     272096  0.000e+00
    148.179    35.6106    35.6013    12.2694    12.2656    213.094    228.289    -0.0963 6.1507e-03     0.1275  660741033   188.9556         14    149.477  11337.333     272097  0.000e+00
    148.115    35.6106    35.6016    12.2709    12.2690    213.271    228.410    -0.0963 6.3181e-03     0.1275  660741033   188.9563         14    149.412  11337.375     272098  0.000e+00
    148.230    35.6104    35.6008    12.2722    12.2718    213.451    228.369    -0.0963 6.1507e-03     0.1275  660741033   188.9569         14    149.528  11337.417     272099  0.000e+00
    148.179    35.6108    35.6000    12.2734    12.2713    213.485    228.355    -0.0963 6.1507e-03     0.1275  660741033   188.9576         14    149.477  11337.458     272100  0.000e+00
    148.083    35.6099    35.5993    12.2747    12.2673    213.528    228.355    -0.0963 6.3181e-03     0.1275  660741033   188.9583         14    149.380  11337.500     272101  0.000e+00
    148.255    35.6082    35.5990    12.2721    12.2613    213.455    228.220    -0.0963 6.1507e-03     0.1275  660741033   188.9590         14    149.554  11337.542     272102  0.000e+00
    148.179    35.6061    35.5992    12.2671    12.2573    213.526    228.216    -0.0890 6.1507e-03     0.1275  660741033   188.9597         14    149.476  11337.583     272103  0.000e+00
    148.230    35.6051    35.5992    12.2612    12.2550    213.740    228.208    -0.0963 6.3181e-03     0.1275  660741033   188.9604         14    149.528  11337.625     272104  0.000e+00
    148.160    35.6057    35.5998    12.2561    12.2541    213.804    228.356    -0.0963 6.3181e-03     0.1275  660741033   188.9611         14    149.457  11337.667     272105  0.000e+00
    148.179    35.6067    35.6008    12.2529    12.2545    213.844    228.329    -0.0963 6.9926e-03     0.1275  660741033   188.9618         14    149.476  11337.708     272106  0.000e+00
    148.179    35.6089    35.6009    12.2518    12.2561    213.718    228.295    -0.0963 7.1624e-03     0.1275  660741033   188.9625         14    149.476  11337.750     272107  0.000e+00
    148.210    35.6104    35.6009    12.2546    12.2596    213.864    228.269    -0.0890 6.9926e-03     0.1275  660741033   188.9632         14    149.508  11337.792     272108  0.000e+00
    148.134    35.6108    35.6020    12.2579    12.2635    213.877    228.235    -0.0963 6.9926e-03     0.1275  660741034   188.9639         14    149.431  11337.833     272109  0.000e+00
    148.134    35.6095    35.6021    12.2577    12.2685    213.921    228.029    -0.0963 6.9926e-03     0.1299  660741034   188.9646         14    149.431  11337.875     272110  0.000e+00
    148.229    35.6101    35.6020    12.2561    12.2734    213.805    228.145    -0.1037 6.8233e-03     0.1348  660741034   188.9653         14    149.528  11337.917     272111  0.000e+00
    148.115    35.6109    35.6019    12.2592    12.2773    213.481    228.108    -0.1037 6.3181e-03     0.1373  660741034   188.9660         14    149.412  11337.958     272112  0.000e+00
    148.134    35.6104    35.6016    12.2628    12.2805    213.438    228.077    -0.1037 6.1507e-03     0.1373  660741034   188.9667         14    149.431  11338.000     272113  0.000e+00
    148.178    35.6089    35.6015    12.2640    12.2825    213.420    228.070    -0.1037 6.1507e-03     0.1373  660741034   188.9674         14    149.476  11338.042     272114  0.000e+00
    148.115    35.6086    35.6020    12.2633    12.2835    213.392    228.044    -0.1037 6.1507e-03     0.1373  660741034   188.9681         14    149.412  11338.083     272115  0.000e+00
    148.083    35.6081    35.6023    12.2633    12.2838    213.373    228.021    -0.1037 6.1507e-03     0.1373  660741034   188.9688         14    149.380  11338.125     272116  0.000e+00
    148.134    35.6074    35.6021    12.2637    12.2850    213.658    227.995    -0.1037 6.3181e-03     0.1373  660741034   188.9694         14    149.431  11338.167     272117  0.000e+00
    148.038    35.6093    35.6018    12.2622    12.2858    213.801    227.965    -0.1037 6.3181e-03     0.1373  660741034   188.9701         14    149.335  11338.208     272118  0.000e+00
    148.070    35.6096    35.6017    12.2612    12.2858    213.958    227.791    -0.1037 6.1507e-03     0.1373  660741034   188.9708         14    149.367  11338.250     272119  0.000e+00
    148.038    35.6070    35.6016    12.2607    12.2858    213.971    227.766    -0.1037 6.1507e-03     0.1373  660741034   188.9715         14    149.335  11338.292     272120  0.000e+00
    148.038    35.6050    35.6010    12.2587    12.2853    213.987    227.745    -0.1037 6.1507e-03     0.1373  660741034   188.9722         14    149.335  11338.333     272121  0.000e+00
    148.019    35.6055    35.6003    12.2546    12.2842    214.145    227.727    -0.1037 6.1507e-03     0.1373  660741034   188.9729         14    149.316  11338.375     272122  0.000e+00
    147.943    35.6069    35.5999    12.2536    12.2816    214.155    227.883    -0.1037 6.1507e-03     0.1373  660741034   188.9736         14    149.238  11338.417     272123  0.000e+00
    147.943    35.6079    35.5989    12.2541    12.2791    214.030    227.721    -0.1037 6.3181e-03     0.1373  660741034   188.9743         14    149.238  11338.458     272124  0.000e+00
    147.898    35.6083    35.5982    12.2551    12.2749    213.887    227.885    -0.1037 6.1507e-03     0.1373  660741034   188.9750         14    149.194  11338.500     272125  0.000e+00
    147.879    35.6085    35.6001    12.2556    12.2678    213.884    227.929    -0.1037 6.3181e-03     0.1373  660741034   188.9757         14    149.174  11338.542     272126  0.000e+00
    147.898    35.6083    35.6008    12.2552    12.2643    213.734    228.127    -0.1037 6.1507e-03     0.1373  660741034   188.9764         14    149.193  11338.583     272127  0.000e+00
    147.803    35.6086    35.6008    12.2549    12.2621    213.856    228.165    -0.1037 6.1507e-03     0.1373  660741034   188.9771         14    149.097  11338.625     272128  0.000e+00
    147.739    35.6086    35.6010    12.2551    12.2608    214.013    228.010    -0.1037 6.1507e-03     0.1373  660741034   188.9778         14    149.033  11338.667     272129  0.000e+00
    147.758    35.6085    35.6008    12.2556    12.2612    214.320    228.020    -0.1037 6.1507e-03     0.1373  660741034   188.9785         14    149.052  11338.708     272130  0.000e+00
    147.714    35.6084    35.6005    12.2552    12.2629    214.486    228.020    -0.1037 6.3181e-03     0.1373  660741034   188.9792         14    149.007  11338.750     272131  0.000e+00
    147.663    35.6080    35.6015    12.2551    12.2635    214.494    228.005    -0.1037 6.1507e-03     0.1373  660741034   188.9799         14    148.956  11338.792     272132  0.000e+00
    147.599    35.6081    35.6017    12.2543    12.2666    214.044    227.978    -0.1037 6.3181e-03     0.1373  660741034   188.9806         14    148.892  11338.833     272133  0.000e+00
    147.618    35.6077    35.6010    12.2533    12.2715    213.695    227.945    -0.1037 6.3181e-03     0.1373  660741035   188.9812         14    148.911  11338.875     272134  0.000e+00
    147.523    35.6088    35.6006    12.2529    12.2723    213.475    228.096    -0.1037 6.3181e-03     0.1373  660741035   188.9819         14    148.815  11338.917     272135  0.000e+00
    147.459    35.6110    35.6006    12.2539    12.2679    213.095    228.140    -0.1110 6.3181e-03     0.1299  660741035   188.9826         14    148.750  11338.958     272136  0.000e+00
    147.478    35.6118    35.5998    12.2569    12.2648    212.989    228.181    -0.1256 6.3181e-03     0.1275  660741035   188.9833         14    148.770  11339.000     272137  0.000e+00
    147.427    35.6111    35.6002    12.2599    12.2626    213.186    228.213    -0.1183 6.3181e-03     0.1275  660741035   188.9840         14    148.718  11339.042     272138  0.000e+00
    147.383    35.6102    35.6002    12.2608    12.2623    213.264    228.067    -0.1183 6.3181e-03     0.1275  660741035   188.9847         14    148.673  11339.083     272139  0.000e+00
    147.274    35.6097    35.6007    12.2616    12.2629    213.211    228.064    -0.1256 6.3181e-03     0.1275  660741035   188.9854         14    148.564  11339.125     272140  0.000e+00
    147.243    35.6093    35.6009    12.2627    12.2648    213.171    228.058    -0.1256 6.3181e-03     0.1275  660741035   188.9861         14    148.532  11339.167     272141  0.000e+00
    147.147    35.6094    35.6009    12.2631    12.2669    212.827    228.048    -0.1183 6.3181e-03     0.1275  660741035   188.9868         14    148.436  11339.208     272142  0.000e+00
    147.147    35.6096    35.6012    12.2640    12.2669    212.458    228.221    -0.1183 6.1507e-03     0.1275  660741035   188.9875         14    148.436  11339.250     272143  0.000e+00
    147.084    35.6094    35.6007    12.2651    12.2671    212.532    228.241    -0.1183 6.1507e-03     0.1275  660741035   188.9882         14    148.371  11339.292     272144  0.000e+00
    147.007    35.6097    35.6008    12.2658    12.2664    212.468    228.243    -0.1183 6.3181e-03     0.1275  660741035   188.9889         14    148.294  11339.333     272145  0.000e+00
    146.963    35.6092    35.6007    12.2663    12.2669    212.256    228.239    -0.1183 6.1507e-03     0.1275  660741035   188.9896         14    148.249  11339.375     272146  0.000e+00
    146.912    35.6090    35.6011    12.2661    12.2673    212.353    228.254    -0.1183 6.3181e-03     0.1275  660741035   188.9903         14    148.198  11339.417     272147  0.000e+00
    146.804    35.6093    35.6010    12.2661    12.2678    212.018    228.265    -0.1183 6.1507e-03     0.1275  660741035   188.9910         14    148.089  11339.458     272148  0.000e+00
    146.727    35.6095    35.6010    12.2664    12.2674    212.116    228.281    -0.1183 6.3181e-03     0.1275  660741035   188.9917         14    148.012  11339.500     272149  0.000e+00
    146.727    35.6099    35.6007    12.2671    12.2673    212.077    228.298    -0.1183 6.3181e-03     0.1275  660741035   188.9924         14    148.012  11339.542     272150  0.000e+00
    146.619    35.6097    35.6007    12.2684    12.2681    212.175    228.286    -0.1183 6.1507e-03     0.1275  660741035   188.9931         14    147.903  11339.583     272151  0.000e+00
