data/UWS/CTD_bulk_raw/SO279/SO279_CTD_processed/SO279_81-1_CTD-06_processed.ros
* Sea-Bird SBE 9 Data File:
* FileName = D:\CTDData\SO279\SO279_81-1_CTD-06.hex
* Software Version Seasave V 7.26.1.8
* Temperature SN = 5938
* Conductivity SN = 4108
* Number of Bytes Per Scan = 41
* Number of Voltage Words = 4
* Number of Scans Averaged by the Deck Unit = 1
* NMEA Latitude = 33 08.61 N
* NMEA Longitude = 033 46.68 W
* NMEA UTC (Time) = Dec 21 2020  14:08:40
* NMEA baud rate = 4800
# nquan = 17
# nvalues = 1575                                  
# units = specified
# name 0 = depSM: Depth [salt water, m]
# name 1 = sal00: Salinity, Practical [PSU]
# name 2 = sal11: Salinity, Practical, 2 [PSU]
# name 3 = t090C: Temperature [ITS-90, deg C]
# name 4 = t190C: Temperature, 2 [ITS-90, deg C]
# name 5 = sbeox0Mm/L: Oxygen, SBE 43 [umol/l]
# name 6 = sbeox1Mm/L: Oxygen, SBE 43, 2 [umol/l]
# name 7 = flECO-AFL: Fluorescence, WET Labs ECO-AFL/FL [mg/m^3]
# name 8 = par: PAR/Irradiance, Biospherical/Licor
# name 9 = turbWETntu0: Turbidity, WET Labs ECO [NTU]
# name 10 = timeQ: Time, NMEA [seconds]
# name 11 = timeM: Time, Elapsed [minutes]
# name 12 = nbf: Bottles Fired
# name 13 = prDM: Pressure, Digiquartz [db]
# name 14 = timeS: Time, Elapsed [seconds]
# name 15 = scan: Scan Count
# name 16 = flag:  0.000e+00
# interval = seconds: 0.0416667
# start_time = Dec 21 2020 14:08:40 [NMEA time, first data scan]
# bad_flag = -9.990e-29
*END*
[from data line 937]
    302.884    36.4805    36.4548    17.7635    17.7711    183.355    186.709    -0.1183 1.0000e-12     0.1275  661884515   159.9187         14    305.263   9595.125     230284  0.000e+00
    302.877    36.4798    36.4547    17.7633    17.7715    183.341    186.848    -0.1183 1.0000e-12     0.1275  661884515   159.9194         14    305.257   9595.167     230285  0.000e+00
    302.922    36.4797    36.4546    17.7628    17.7718    183.485    186.702    -0.1256 1.0000e-12     0.1275  661884515   159.9201         14    305.302   9595.208     230286  0.000e+00
    302.826    36.4793    36.4546    17.7626    17.7715    183.628    186.842    -0.1183 1.0000e-12     0.1275  661884515   159.9208         14    305.205   9595.250     230287  0.000e+00
    302.935    36.4795    36.4546    17.7621    17.7711    183.652    186.700    -0.1183 1.0000e-12     0.1275  661884515   159.9215         14    305.315   9595.292     230288  0.000e+00
    302.922    36.4797    36.4542    17.7620    17.7708    183.421    186.692    -0.1256 1.0000e-12     0.1275  661884515   159.9222         14    305.302   9595.333     230289  0.000e+00
    302.922    36.4798    36.4542    17.7621    17.7699    183.447    186.687    -0.1183 1.0000e-12     0.1275  661884515   159.9229         14    305.302   9595.375     230290  0.000e+00
    302.935    36.4803    36.4538    17.7620    17.7685    183.332    186.685    -0.1183 1.0000e-12     0.1226  661884515   159.9236         14    305.315   9595.417     230291  0.000e+00
    302.922    36.4802    36.4537    17.7621    17.7658    183.193    186.688    -0.1183 1.0000e-12     0.1226  661884515   159.9243         14    305.302   9595.458     230292  0.000e+00
    302.967    36.4799    36.4534    17.7621    17.7642    183.186    186.839    -0.1183 1.0000e-12     0.1226  661884516   159.9250         14    305.347   9595.500     230293  0.000e+00
    302.922    36.4799    36.4530    17.7621    17.7629    183.044    186.699    -0.1183 1.0000e-12     0.1226  661884516   159.9257         14    305.302   9595.542     230294  0.000e+00
    302.980    36.4797    36.4528    17.7620    17.7606    183.035    186.703    -0.1183 1.0000e-12     0.1226  661884516   159.9264         14    305.360   9595.583     230295  0.000e+00
    302.967    36.4794    36.4521    17.7623    17.7584    183.163    186.706    -0.1256 1.0000e-12     0.1226  661884516   159.9271         14    305.347   9595.625     230296  0.000e+00
    302.967    36.4799    36.4516    17.7620    17.7573    183.169    186.691    -0.1183 1.0000e-12     0.1226  661884516   159.9278         14    305.347   9595.667     230297  0.000e+00
    302.922    36.4796    36.4513    17.7621    17.7569    183.303    186.537    -0.1183 1.0000e-12     0.1226  661884516   159.9285         14    305.302   9595.708     230298  0.000e+00
    302.980    36.4794    36.4513    17.7620    17.7567    183.181    186.522    -0.1183 1.0000e-12     0.1226  661884516   159.9292         14    305.360   9595.750     230299  0.000e+00
    302.967    36.4795    36.4513    17.7618    17.7567    183.467    186.656    -0.1183 1.0000e-12     0.1226  661884516   159.9299         14    305.347   9595.792     230300  0.000e+00
    303.018    36.4796    36.4512    17.7618    17.7565    183.638    186.657    -0.1183 1.0000e-12     0.1226  661884516   159.9306         14    305.399   9595.833     230301  0.000e+00
    302.967    36.4805    36.4508    17.7616    17.7569    183.945    186.653    -0.1183 1.0000e-12     0.1226  661884516   159.9313         14    305.347   9595.875     230302  0.000e+00
    302.980    36.4800    36.4512    17.7618    17.7572    184.544    186.501    -0.1256 1.0000e-12     0.1226  661884516   159.9319         14    305.360   9595.917     230303  0.000e+00
    302.967    36.4803    36.4516    17.7618    17.7577    184.905    186.471    -0.1183 1.0000e-12     0.1226  661884516   159.9326         14    305.347   9595.958     230304  0.000e+00
    302.967    36.4799    36.4515    17.7616    17.7582    185.141    186.608    -0.1183 1.0000e-12     0.1226  661884516   159.9333         14    305.347   9596.000     230305  0.000e+00
    302.967    36.4796    36.4519    17.7616    17.7579    185.247    186.596    -0.1183 1.0000e-12     0.1226  661884516   159.9340         14    305.347   9596.042     230306  0.000e+00
    302.980    36.4793    36.4514    17.7614    17.7575    185.361    186.750    -0.1256 1.0000e-12     0.1226  661884516   159.9347         14    305.360   9596.083     230307  0.000e+00
    302.967    36.4797    36.4509    17.7608    17.7572    185.339    186.602    -0.1256 1.0000e-12     0.1226  661884516   159.9354         14    305.347   9596.125     230308  0.000e+00
    303.018    36.4792    36.4513    17.7604    17.7572    185.299    186.454    -0.1256 1.0000e-12     0.1226  661884516   159.9361         14    305.399   9596.167     230309  0.000e+00
    302.935    36.4794    36.4516    17.7596    17.7574    185.372    186.591    -0.1183 1.0000e-12     0.1226  661884516   159.9368         14    305.315   9596.208     230310  0.000e+00
    302.967    36.4791    36.4519    17.7590    17.7572    185.447    186.595    -0.1256 1.0000e-12     0.1226  661884516   159.9375         14    305.347   9596.250     230311  0.000e+00
    302.967    36.4786    36.4518    17.7588    17.7572    185.509    186.448    -0.1183 1.0000e-12     0.1226  661884516   159.9382         14    305.347   9596.292     230312  0.000e+00
    302.967    36.4784    36.4514    17.7582    17.7573    185.425    186.440    -0.1183 1.0000e-12     0.1226  661884516   159.9389         14    305.347   9596.333     230313  0.000e+00
    302.935    36.4793    36.4516    17.7579    17.7570    185.454    186.432    -0.1183 1.0000e-12     0.1226  661884516   159.9396         14    305.315   9596.375     230314  0.000e+00
    302.922    36.4796    36.4513    17.7583    17.7572    185.488    186.411    -0.1183 1.0000e-12     0.1226  661884516   159.9403         14    305.302   9596.417     230315  0.000e+00
    302.967    36.4789    36.4512    17.7588    17.7572    185.252    186.407    -0.1183 1.0000e-12     0.1251  661884516   159.9410         14    305.347   9596.458     230316  0.000e+00
    302.922    36.4796    36.4513    17.7589    17.7577    185.275    186.399    -0.1183 1.0000e-12     0.1275  661884517   159.9417         14    305.302   9596.500     230317  0.000e+00
    302.935    36.4793    36.4511    17.7591    17.7580    185.299    186.395    -0.1183 1.0000e-12     0.1275  661884517   159.9424         14    305.315   9596.542     230318  0.000e+00
    302.877    36.4787    36.4514    17.7587    17.7583    185.449    186.239    -0.1183 1.0000e-12     0.1275  661884517   159.9431         14    305.257   9596.583     230319  0.000e+00
    302.922    36.4794    36.4519    17.7584    17.7582    185.608    186.240    -0.1183 1.0000e-12     0.1275  661884517   159.9437         14    305.302   9596.625     230320  0.000e+00
    302.922    36.4805    36.4514    17.7598    17.7583    185.630    186.228    -0.1183 1.0000e-12     0.1275  661884517   159.9444         14    305.302   9596.667     230321  0.000e+00
    302.839    36.4814    36.4516    17.7614    17.7579    185.639    186.218    -0.1183 1.0000e-12     0.1275  661884517   159.9451         14    305.218   9596.708     230322  0.000e+00
    302.877    36.4810    36.4515    17.7625    17.7580    185.652    186.195    -0.1183 1.0000e-12     0.1275  661884517   159.9458         14    305.257   9596.750     230323  0.000e+00
    302.877    36.4810    36.4513    17.7630    17.7579    185.644    186.189    -0.1183 1.0000e-12     0.1275  661884517   159.9465         14    305.257   9596.792     230324  0.000e+00
    302.826    36.4803    36.4509    17.7645    17.7580    185.494    186.332    -0.1256 1.0000e-12     0.1275  661884517   159.9472         14    305.205   9596.833     230325  0.000e+00
    302.839    36.4809    36.4508    17.7655    17.7577    185.470    186.343    -0.1183 1.0000e-12     0.1275  661884517   159.9479         14    305.218   9596.875     230326  0.000e+00
    302.782    36.4801    36.4505    17.7655    17.7577    185.456    186.201    -0.1183 1.0000e-12     0.1275  661884517   159.9486         14    305.160   9596.917     230327  0.000e+00
    151.620    36.6818    36.6570    19.3319    19.3338    186.862    191.392    -0.0744 1.0000e-12     0.1275  661884737   163.6188         15    152.755   9817.125     235612  0.000e+00
    151.639    36.6821    36.6569    19.3315    19.3338    186.877    191.416    -0.0744 1.0000e-12     0.1275  661884737   163.6194         15    152.774   9817.167     235613  0.000e+00
    151.715    36.6821    36.6567    19.3312    19.3338    186.764    191.454    -0.0744 1.0000e-12     0.1275  661884737   163.6201         15    152.851   9817.208     235614  0.000e+00
    151.734    36.6820    36.6564    19.3304    19.3336    186.637    191.490    -0.0744 1.0000e-12     0.1275  661884737   163.6208         15    152.870   9817.250     235615  0.000e+00
    151.734    36.6823    36.6569    19.3297    19.3332    186.621    191.514    -0.0744 1.0000e-12     0.1275  661884737   163.6215         15    152.870   9817.292     235616  0.000e+00
    151.804    36.6825    36.6566    19.3299    19.3331    186.739    191.539    -0.0744 1.0000e-12     0.1275  661884737   163.6222         15    152.941   9817.333     235617  0.000e+00
    151.830    36.6823    36.6567    19.3300    19.3329    186.736    191.562    -0.0744 1.0000e-12     0.1275  661884737   163.6229         15    152.967   9817.375     235618  0.000e+00
    151.855    36.6825    36.6567    19.3304    19.3329    186.860    191.584    -0.0744 1.0000e-12     0.1275  661884737   163.6236         15    152.992   9817.417     235619  0.000e+00
    151.875    36.6823    36.6565    19.3309    19.3329    186.999    191.605    -0.0744 1.0000e-12     0.1275  661884737   163.6243         15    153.011   9817.458     235620  0.000e+00
    151.900    36.6828    36.6569    19.3311    19.3328    186.888    191.627    -0.0744 1.0000e-12     0.1275  661884738   163.6250         15    153.037   9817.500     235621  0.000e+00
    151.925    36.6826    36.6566    19.3312    19.3329    186.771    191.647    -0.0744 1.0000e-12     0.1275  661884738   163.6257         15    153.063   9817.542     235622  0.000e+00
    151.970    36.6824    36.6568    19.3318    19.3329    186.773    191.655    -0.0670 1.0000e-12     0.1275  661884738   163.6264         15    153.108   9817.583     235623  0.000e+00
    151.996    36.6823    36.6568    19.3319    19.3332    186.776    191.661    -0.0597 1.0000e-12     0.1251  661884738   163.6271         15    153.133   9817.625     235624  0.000e+00
    152.015    36.6822    36.6568    19.3326    19.3336    186.769    191.666    -0.0597 1.0000e-12     0.1251  661884738   163.6278         15    153.153   9817.667     235625  0.000e+00
    152.040    36.6823    36.6566    19.3324    19.3336    186.757    191.671    -0.0597 1.0000e-12     0.1251  661884738   163.6285         15    153.178   9817.708     235626  0.000e+00
    152.066    36.6823    36.6565    19.3325    19.3338    186.880    191.816    -0.0597 1.0000e-12     0.1251  661884738   163.6292         15    153.204   9817.750     235627  0.000e+00
    152.066    36.6821    36.6568    19.3322    19.3339    186.881    191.841    -0.0597 1.0000e-12     0.1251  661884738   163.6299         15    153.204   9817.792     235628  0.000e+00
    152.091    36.6822    36.6566    19.3319    19.3336    187.011    191.868    -0.0597 1.0000e-12     0.1251  661884738   163.6306         15    153.230   9817.833     235629  0.000e+00
    152.155    36.6822    36.6565    19.3318    19.3336    186.884    191.894    -0.0597 1.0000e-12     0.1251  661884738   163.6312         15    153.294   9817.875     235630  0.000e+00
    152.136    36.6822    36.6568    19.3316    19.3334    186.747    191.774    -0.0597 1.0000e-12     0.1251  661884738   163.6319         15    153.275   9817.917     235631  0.000e+00
    152.206    36.6822    36.6566    19.3316    19.3332    186.738    191.918    -0.0597 1.0000e-12     0.1251  661884738   163.6326         15    153.345   9817.958     235632  0.000e+00
    152.155    36.6820    36.6565    19.3316    19.3332    186.735    191.938    -0.0597 1.0000e-12     0.1251  661884738   163.6333         15    153.294   9818.000     235633  0.000e+00
    152.231    36.6821    36.6566    19.3316    19.3331    186.735    191.947    -0.0597 1.0000e-12     0.1251  661884738   163.6340         15    153.371   9818.042     235634  0.000e+00
    152.250    36.6822    36.6568    19.3313    19.3331    186.734    191.812    -0.0597 1.0000e-12     0.1251  661884738   163.6347         15    153.390   9818.083     235635  0.000e+00
    152.231    36.6825    36.6563    19.3312    19.3331    186.731    191.948    -0.0597 1.0000e-12     0.1251  661884738   163.6354         15    153.371   9818.125     235636  0.000e+00
    152.250    36.6824    36.6563    19.3313    19.3329    186.865    191.953    -0.0597 1.0000e-12     0.1251  661884738   163.6361         15    153.390   9818.167     235637  0.000e+00
    152.276    36.6820    36.6566    19.3318    19.3329    186.870    191.813    -0.0597 1.0000e-12     0.1251  661884738   163.6368         15    153.416   9818.208     235638  0.000e+00
    152.295    36.6821    36.6568    19.3318    19.3328    186.875    191.804    -0.0597 1.0000e-12     0.1251  661884738   163.6375         15    153.435   9818.250     235639  0.000e+00
    152.295    36.6818    36.6564    19.3318    19.3331    186.624    191.934    -0.0597 1.0000e-12     0.1251  661884738   163.6382         15    153.435   9818.292     235640  0.000e+00
    152.371    36.6824    36.6565    19.3318    19.3331    186.623    191.935    -0.0597 1.0000e-12     0.1251  661884738   163.6389         15    153.512   9818.333     235641  0.000e+00
    152.295    36.6821    36.6565    19.3319    19.3326    186.619    191.932    -0.0597 1.0000e-12     0.1251  661884738   163.6396         15    153.435   9818.375     235642  0.000e+00
    152.371    36.6823    36.6563    19.3319    19.3322    186.748    191.789    -0.0597 1.0000e-12     0.1251  661884738   163.6403         15    153.512   9818.417     235643  0.000e+00
    152.346    36.6826    36.6569    19.3321    19.3319    186.745    191.914    -0.0597 1.0000e-12     0.1251  661884738   163.6410         15    153.486   9818.458     235644  0.000e+00
    152.346    36.6824    36.6567    19.3323    19.3319    186.616    191.908    -0.0597 1.0000e-12     0.1251  661884739   163.6417         15    153.486   9818.500     235645  0.000e+00
    152.416    36.6821    36.6565    19.3324    19.3319    186.601    191.902    -0.0597 1.0000e-12     0.1251  661884739   163.6424         15    153.557   9818.542     235646  0.000e+00
    152.346    36.6823    36.6569    19.3324    19.3312    186.583    191.893    -0.0597 1.0000e-12     0.1251  661884739   163.6431         15    153.486   9818.583     235647  0.000e+00
    152.371    36.6821    36.6570    19.3326    19.3310    186.575    191.884    -0.0597 1.0000e-12     0.1226  661884739   163.6438         15    153.512   9818.625     235648  0.000e+00
    152.441    36.6822    36.6566    19.3326    19.3310    186.560    191.874    -0.0524 1.0000e-12     0.1226  661884739   163.6444         15    153.583   9818.667     235649  0.000e+00
    152.371    36.6822    36.6563    19.3326    19.3310    186.542    191.858    -0.0524 1.0000e-12     0.1226  661884739   163.6451         15    153.512   9818.708     235650  0.000e+00
    152.390    36.6820    36.6567    19.3324    19.3308    186.528    191.844    -0.0524 1.0000e-12     0.1226  661884739   163.6458         15    153.531   9818.750     235651  0.000e+00
