data/UWS/CTD_bulk_raw/SO279/SO279_CTD_processed/SO279_1-1_CTD-01_processed.ros
* Sea-Bird SBE 9 Data File:
* FileName = D:\CTDData\SO279\SO279_1-1_CTD-01.hex
* Software Version Seasave V 7.26.1.8
* Temperature SN = 5938
* Conductivity SN = 4108
* Number of Bytes Per Scan = 41
* Number of Voltage Words = 4
* Number of Scans Averaged by the Deck Unit = 1
* NMEA Latitude = 47 15.00 N
* NMEA Longitude = 010 06.27 W
* NMEA UTC (Time) = Dec 08 2020  08:01:09
* NMEA baud rate = 4800
# nquan = 17
# nvalues = 1419                                  
# units = specified
# name 0 = depSM: Depth [salt water, m]
# name 1 = sal00: Salinity, Practical [PSU]
# name 2 = sal11: Salinity, Practical, 2 [PSU]
# name 3 = t090C: Temperature [ITS-90, deg C]
# name 4 = t190C: Temperature, 2 [ITS-90, deg C]
# name 5 = sbeox0Mm/L: Oxygen, SBE 43 [umol/l]
# name 6 = sbeox1Mm/L: Oxygen, SBE 43, 2 [umol/l]
# name 7 = flECO-AFL: Fluorescence, WET Labs ECO-AFL/FL [mg/m^3]
# name 8 = par: PAR/Irradiance, Biospherical/Licor
# name 9 = turbWETntu0: Turbidity, WET Labs ECO [NTU]
# name 10 = timeQ: Time, NMEA [seconds]
# name 11 = timeM: Time, Elapsed [minutes]
# name 12 = nbf: Bottles Fired
# name 13 = prDM: Pressure, Digiquartz [db]
# name 14 = timeS: Time, Elapsed [seconds]
# name 15 = scan: Scan Count
# name 16 = flag:  0.000e+00
# interval = seconds: 0.0416667
# start_time = Dec 08 2020 08:01:36 [NMEA time, first data scan]
# bad_flag = -9.990e-29
*END*
[from data line 937]
     73.290    35.6690    35.6603    13.6743    13.6746    225.687    238.797     0.2700 7.2892e-04     0.1470  660741140   190.7319         16     73.918  11443.917     274655  0.000e+00
     73.245    35.6692    35.6603    13.6742    13.6746    225.675    238.623     0.2626 5.7717e-04     0.1470  660741140   190.7326         16     73.873  11443.958     274656  0.000e+00
     73.283    35.6692    35.6604    13.6743    13.6745    225.664    238.756     0.2700 5.7717e-04     0.1470  660741140   190.7333         16     73.912  11444.000     274657  0.000e+00
     73.245    35.6693    35.6604    13.6743    13.6745    225.651    238.757     0.2700 5.7717e-04     0.1470  660741140   190.7340         16     73.873  11444.042     274658  0.000e+00
     73.143    35.6691    35.6603    13.6743    13.6746    225.637    238.754     0.2700 7.2892e-04     0.1470  660741140   190.7347         16     73.770  11444.083     274659  0.000e+00
     73.150    35.6691    35.6603    13.6743    13.6741    225.626    238.594     0.2626 7.2892e-04     0.1470  660741140   190.7354         16     73.777  11444.125     274660  0.000e+00
     73.150    35.6691    35.6603    13.6743    13.6741    225.614    238.738     0.2700 7.2892e-04     0.1470  660741140   190.7361         16     73.777  11444.167     274661  0.000e+00
     73.093    35.6693    35.6605    13.6743    13.6738    225.612    238.734     0.2700 7.2892e-04     0.1446  660741140   190.7368         16     73.719  11444.208     274662  0.000e+00
     73.105    35.6693    35.6605    13.6742    13.6734    225.457    238.732     0.2626 7.2892e-04     0.1446  660741140   190.7375         16     73.732  11444.250     274663  0.000e+00
     73.061    35.6695    35.6604    13.6739    13.6734    225.581    238.725     0.2626 7.2892e-04     0.1446  660741140   190.7382         16     73.687  11444.292     274664  0.000e+00
     73.048    35.6692    35.6604    13.6739    13.6735    225.570    238.718     0.2626 7.2892e-04     0.1422  660741140   190.7389         16     73.674  11444.333     274665  0.000e+00
     73.010    35.6696    35.6605    13.6737    13.6734    225.570    238.547     0.2700 7.2892e-04     0.1446  660741140   190.7396         16     73.636  11444.375     274666  0.000e+00
     73.010    35.6693    35.6605    13.6739    13.6734    225.426    238.521     0.2700 7.2892e-04     0.1446  660741140   190.7403         16     73.636  11444.417     274667  0.000e+00
     72.953    35.6693    35.6604    13.6735    13.6738    225.406    238.492     0.2626 8.8110e-04     0.1446  660741140   190.7410         16     73.578  11444.458     274668  0.000e+00
     73.010    35.6699    35.6606    13.6730    13.6737    225.546    238.467     0.2626 7.2892e-04     0.1446  660741140   190.7417         16     73.636  11444.500     274669  0.000e+00
     72.908    35.6696    35.6605    13.6732    13.6738    225.546    238.435     0.2700 7.2892e-04     0.1446  660741140   190.7424         16     73.533  11444.542     274670  0.000e+00
     72.915    35.6693    35.6604    13.6732    13.6736    225.550    238.425     0.2626 7.2892e-04     0.1446  660741140   190.7431         16     73.540  11444.583     274671  0.000e+00
     72.965    35.6697    35.6609    13.6732    13.6736    225.555    238.415     0.2626 7.2892e-04     0.1446  660741140   190.7438         16     73.591  11444.625     274672  0.000e+00
     72.908    35.6697    35.6605    13.6733    13.6737    225.557    238.385     0.2700 7.2892e-04     0.1446  660741140   190.7444         16     73.533  11444.667     274673  0.000e+00
     72.870    35.6696    35.6600    13.6735    13.6740    225.572    238.515     0.2626 7.2892e-04     0.1446  660741140   190.7451         16     73.495  11444.708     274674  0.000e+00
     72.870    35.6692    35.6603    13.6737    13.6740    225.577    238.501     0.2700 8.8110e-04     0.1422  660741140   190.7458         16     73.495  11444.750     274675  0.000e+00
     72.857    35.6696    35.6604    13.6737    13.6740    225.583    238.341     0.2700 7.2892e-04     0.1446  660741140   190.7465         16     73.482  11444.792     274676  0.000e+00
     72.870    35.6693    35.6605    13.6739    13.6738    225.734    238.327     0.2626 7.2892e-04     0.1446  660741140   190.7472         16     73.495  11444.833     274677  0.000e+00
     72.857    35.6692    35.6605    13.6739    13.6738    225.751    238.312     0.2700 7.2892e-04     0.1446  660741141   190.7479         16     73.482  11444.875     274678  0.000e+00
     72.775    35.6693    35.6603    13.6739    13.6738    225.778    238.296     0.2700 7.2892e-04     0.1422  660741141   190.7486         16     73.399  11444.917     274679  0.000e+00
     72.826    35.6692    35.6606    13.6742    13.6740    225.796    238.281     0.2700 8.8110e-04     0.1446  660741141   190.7493         16     73.450  11444.958     274680  0.000e+00
     72.857    35.6698    35.6603    13.6737    13.6741    225.817    238.267     0.2626 7.2892e-04     0.1446  660741141   190.7500         16     73.482  11445.000     274681  0.000e+00
     72.775    35.6694    35.6604    13.6739    13.6743    225.821    238.411     0.2700 7.2892e-04     0.1446  660741141   190.7507         16     73.399  11445.042     274682  0.000e+00
     72.826    35.6695    35.6602    13.6739    13.6743    225.829    238.414     0.2700 7.2892e-04     0.1446  660741141   190.7514         16     73.450  11445.083     274683  0.000e+00
     72.768    35.6699    35.6606    13.6739    13.6743    225.833    238.412     0.2700 7.2892e-04     0.1446  660741141   190.7521         16     73.392  11445.125     274684  0.000e+00
     72.775    35.6693    35.6604    13.6743    13.6741    225.993    238.413     0.2626 7.2892e-04     0.1446  660741141   190.7528         16     73.399  11445.167     274685  0.000e+00
     72.826    35.6695    35.6603    13.6740    13.6743    225.878    238.252     0.2626 7.2892e-04     0.1446  660741141   190.7535         16     73.450  11445.208     274686  0.000e+00
     72.718    35.6692    35.6604    13.6743    13.6741    225.890    238.232     0.2040 7.2892e-04     0.1446  660741141   190.7542         16     73.341  11445.250     274687  0.000e+00
     72.826    35.6697    35.6602    13.6740    13.6743    225.899    238.217     0.2040 7.2892e-04     0.1446  660741141   190.7549         17     73.450  11445.292     274688  0.000e+00
     72.686    35.6699    35.6605    13.6740    13.6743    225.766    238.195     0.2040 7.2892e-04     0.1446  660741141   190.7556         17     73.309  11445.333     274689  0.000e+00
     72.813    35.6691    35.6606    13.6742    13.6741    225.764    238.183     0.2114 7.2892e-04     0.1446  660741141   190.7562         17     73.437  11445.375     274690  0.000e+00
     72.730    35.6693    35.6605    13.6742    13.6743    225.911    238.162     0.2040 7.2892e-04     0.1422  660741141   190.7569         17     73.354  11445.417     274691  0.000e+00
     72.768    35.6696    35.6604    13.6739    13.6743    225.930    238.146     0.2040 7.2892e-04     0.1446  660741141   190.7576         17     73.392  11445.458     274692  0.000e+00
     72.730    35.6691    35.6600    13.6742    13.6745    225.944    238.127     0.2114 7.2892e-04     0.1422  660741141   190.7583         17     73.354  11445.500     274693  0.000e+00
     72.775    35.6692    35.6603    13.6742    13.6743    225.805    238.129     0.2040 7.2892e-04     0.1446  660741141   190.7590         17     73.399  11445.542     274694  0.000e+00
     72.717    35.6694    35.6609    13.6742    13.6741    225.797    238.128     0.2040 7.2892e-04     0.1446  660741141   190.7597         17     73.341  11445.583     274695  0.000e+00
     72.730    35.6696    35.6607    13.6742    13.6738    225.792    238.131     0.2040 7.2892e-04     0.1446  660741141   190.7604         17     73.354  11445.625     274696  0.000e+00
     72.730    35.6694    35.6607    13.6742    13.6740    225.797    238.132     0.2040 7.2892e-04     0.1446  660741141   190.7611         17     73.354  11445.667     274697  0.000e+00
     72.717    35.6692    35.6604    13.6740    13.6741    225.804    238.135     0.2114 7.2892e-04     0.1446  660741141   190.7618         17     73.341  11445.708     274698  0.000e+00
     72.730    35.6693    35.6604    13.6742    13.6740    225.798    238.139     0.2114 7.2892e-04     0.1446  660741141   190.7625         17     73.354  11445.750     274699  0.000e+00
     72.686    35.6699    35.6601    13.6737    13.6740    225.793    238.321     0.2040 7.2892e-04     0.1422  660741141   190.7632         17     73.309  11445.792     274700  0.000e+00
     72.768    35.6695    35.6602    13.6742    13.6741    225.777    238.344     0.2040 7.2892e-04     0.1446  660741141   190.7639         17     73.392  11445.833     274701  0.000e+00
     72.686    35.6693    35.6600    13.6740    13.6741    225.759    238.363     0.2114 7.2892e-04     0.1446  660741142   190.7646         17     73.309  11445.875     274702  0.000e+00
     72.717    35.6693    35.6605    13.6742    13.6741    225.608    238.206     0.2040 7.2892e-04     0.1446  660741142   190.7653         17     73.341  11445.917     274703  0.000e+00
     72.686    35.6695    35.6605    13.6743    13.6740    225.735    238.211     0.1967 7.2892e-04     0.1446  660741142   190.7660         17     73.309  11445.958     274704  0.000e+00
     72.730    35.6696    35.6603    13.6743    13.6741    225.731    238.200     0.2333 7.2892e-04     0.1446  660741142   190.7667         17     73.354  11446.000     274705  0.000e+00
     72.717    35.6693    35.6608    13.6743    13.6738    225.580    238.206     0.2407 7.2892e-04     0.1422  660741142   190.7674         17     73.341  11446.042     274706  0.000e+00
     72.686    35.6690    35.6605    13.6742    13.6740    225.709    238.211     0.2407 7.2892e-04     0.1446  660741142   190.7681         17     73.309  11446.083     274707  0.000e+00
     72.686    35.6693    35.6605    13.6742    13.6740    225.704    238.218     0.2333 7.2892e-04     0.1446  660741142   190.7688         17     73.309  11446.125     274708  0.000e+00
     72.717    35.6696    35.6606    13.6737    13.6738    225.847    238.209     0.2333 1.0000e-12     0.1446  660741142   190.7694         17     73.341  11446.167     274709  0.000e+00
     72.686    35.6691    35.6605    13.6739    13.6740    225.851    238.215     0.2333 1.0000e-12     0.1446  660741142   190.7701         17     73.309  11446.208     274710  0.000e+00
     72.686    35.6692    35.6609    13.6739    13.6740    225.711    238.223     0.2333 1.0000e-12     0.1446  660741142   190.7708         17     73.309  11446.250     274711  0.000e+00
     72.673    35.6693    35.6606    13.6739    13.6740    225.693    238.393     0.2407 1.0000e-12     0.1446  660741142   190.7715         17     73.296  11446.292     274712  0.000e+00
     72.686    35.6695    35.6603    13.6737    13.6741    225.832    238.419     0.2773 1.0000e-12     0.1470  660741142   190.7722         17     73.309  11446.333     274713  0.000e+00
     72.673    35.6691    35.6605    13.6739    13.6741    225.836    238.283     0.2993 1.0000e-12     0.1470  660741142   190.7729         17     73.296  11446.375     274714  0.000e+00
     72.686    35.6695    35.6605    13.6739    13.6740    225.694    238.437     0.2993 1.0000e-12     0.1470  660741142   190.7736         17     73.309  11446.417     274715  0.000e+00
     72.686    35.6693    35.6603    13.6737    13.6741    225.821    238.284     0.2993 1.0000e-12     0.1470  660741142   190.7743         17     73.309  11446.458     274716  0.000e+00
     72.628    35.6692    35.6606    13.6739    13.6741    225.810    238.435     0.2993 1.0000e-12     0.1470  660741142   190.7750         17     73.251  11446.500     274717  0.000e+00
     72.686    35.6696    35.6607    13.6739    13.6741    225.813    238.444     0.2993 1.0000e-12     0.1470  660741142   190.7757         17     73.309  11446.542     274718  0.000e+00
     72.635    35.6697    35.6604    13.6739    13.6743    225.668    238.449     0.2993 1.0000e-12     0.1470  660741142   190.7764         17     73.257  11446.583     274719  0.000e+00
     72.673    35.6696    35.6606    13.6740    13.6741    225.659    238.457     0.2919 1.0000e-12     0.1470  660741142   190.7771         17     73.296  11446.625     274720  0.000e+00
     72.635    35.6692    35.6602    13.6740    13.6743    225.793    238.461     0.2993 1.0000e-12     0.1470  660741142   190.7778         17     73.257  11446.667     274721  0.000e+00
     72.686    35.6694    35.6605    13.6740    13.6741    225.940    238.467     0.2919 1.0000e-12     0.1470  660741142   190.7785         17     73.309  11446.708     274722  0.000e+00
     72.578    35.6696    35.6608    13.6742    13.6740    225.947    238.486     0.2919 1.0000e-12     0.1470  660741142   190.7792         17     73.200  11446.750     274723  0.000e+00
     72.590    35.6692    35.6603    13.6742    13.6743    225.813    238.507     0.2993 1.0000e-12     0.1470  660741142   190.7799         17     73.212  11446.792     274724  0.000e+00
     72.635    35.6693    35.6602    13.6742    13.6743    225.813    238.513     0.2993 1.0000e-12     0.1470  660741142   190.7806         17     73.257  11446.833     274725  0.000e+00
     72.628    35.6694    35.6603    13.6742    13.6741    225.822    238.355     0.2993 1.0000e-12     0.1470  660741143   190.7813         17     73.251  11446.875     274726  0.000e+00
     72.590    35.6696    35.6604    13.6740    13.6743    225.831    238.340     0.2919 1.0000e-12     0.1470  660741143   190.7819         17     73.212  11446.917     274727  0.000e+00
     72.577    35.6694    35.6606    13.6742    13.6745    225.984    238.325     0.2993 1.0000e-12     0.1470  660741143   190.7826         17     73.200  11446.958     274728  0.000e+00
     72.590    35.6691    35.6609    13.6742    13.6743    226.005    238.313     0.2919 1.0000e-12     0.1470  660741143   190.7833         17     73.212  11447.000     274729  0.000e+00
     72.590    35.6695    35.6603    13.6740    13.6743    226.025    238.300     0.2993 1.0000e-12     0.1470  660741143   190.7840         17     73.212  11447.042     274730  0.000e+00
     72.533    35.6691    35.6602    13.6742    13.6745    225.897    238.463     0.2919 1.0000e-12     0.1470  660741143   190.7847         17     73.155  11447.083     274731  0.000e+00
     72.590    35.6695    35.6601    13.6740    13.6745    225.907    238.486     0.2993 1.0000e-12     0.1470  660741143   190.7854         17     73.212  11447.125     274732  0.000e+00
     72.495    35.6695    35.6602    13.6742    13.6743    226.057    238.343     0.2993 1.0000e-12     0.1470  660741143   190.7861         17     73.116  11447.167     274733  0.000e+00
     72.577    35.6696    35.6604    13.6740    13.6743    226.090    238.350     0.2993 1.0000e-12     0.1470  660741143   190.7868         17     73.199  11447.208     274734  0.000e+00
     72.495    35.6697    35.6603    13.6739    13.6743    226.106    238.497     0.2993 1.0000e-12     0.1470  660741143   190.7875         17     73.116  11447.250     274735  0.000e+00
     72.546    35.6696    35.6605    13.6740    13.6743    226.126    238.503     0.2993 1.0000e-12     0.1470  660741143   190.7882         17     73.167  11447.292     274736  0.000e+00
     72.488    35.6698    35.6603    13.6739    13.6745    226.142    238.504     0.2919 1.0000e-12     0.1470  660741143   190.7889         17     73.110  11447.333     274737  0.000e+00
     72.450    35.6691    35.6602    13.6740    13.6745    226.292    238.506     0.2919 1.0000e-12     0.1470  660741143   190.7896         17     73.071  11447.375     274738  0.000e+00
