data/UWS/CTD_bulk_raw/SO279/SO279_CTD_processed/SO279_1-1_CTD-01_processed.ros
* Sea-Bird SBE 9 Data File:
* FileName = D:\CTDData\SO279\SO279_1-1_CTD-01.hex
* Software Version Seasave V 7.26.1.8
* Temperature SN = 5938
* Conductivity SN = 4108
* Number of Bytes Per Scan = 41
* Number of Voltage Words = 4
* Number of Scans Averaged by the Deck Unit = 1
* NMEA Latitude = 47 15.00 N
* NMEA Longitude = 010 06.27 W
* NMEA UTC (Time) = Dec 08 2020  08:01:09
* NMEA baud rate = 4800
# nquan = 17
# nvalues = 1419                                  
# units = specified
# name 0 = depSM: Depth [salt water, m]
# name 1 = sal00: Salinity, Practical [PSU]
# name 2 = sal11: Salinity, Practical, 2 [PSU]
# name 3 = t090C: Temperature [ITS-90, deg C]
# name 4 = t190C: Temperature, 2 [ITS-90, deg C]
# name 5 = sbeox0Mm/L: Oxygen, SBE 43 [umol/l]
# name 6 = sbeox1Mm/L: Oxygen, SBE 43, 2 [umol/l]
# name 7 = flECO-AFL: Fluorescence, WET Labs ECO-AFL/FL [mg/m^3]
# name 8 = par: PAR/Irradiance, Biospherical/Licor
# name 9 = turbWETntu0: Turbidity, WET Labs ECO [NTU]
# name 10 = timeQ: Time, NMEA [seconds]
# name 11 = timeM: Time, Elapsed [minutes]
# name 12 = nbf: Bottles Fired
# name 13 = prDM: Pressure, Digiquartz [db]
# name 14 = timeS: Time, Elapsed [seconds]
# name 15 = scan: Scan Count
# name 16 = flag:  0.000e+00
# interval = seconds: 0.0416667
# start_time = Dec 08 2020 08:01:36 [NMEA time, first data scan]
# bad_flag = -9.990e-29
*END*
[from data line 1107]
     47.774    35.6693    35.6606    13.6677    13.6682    227.025    239.048     0.2407 5.6512e-03     0.1422  660741192   191.6132         19     48.180  11496.792     275924  0.000e+00
     47.767    35.6695    35.6606    13.6677    13.6684    227.023    239.048     0.2480 5.6512e-03     0.1422  660741192   191.6139         19     48.174  11496.833     275925  0.000e+00
     47.825    35.6693    35.6604    13.6677    13.6683    227.022    239.052     0.2407 5.4856e-03     0.1422  660741193   191.6146         19     48.232  11496.875     275926  0.000e+00
     47.825    35.6695    35.6605    13.6677    13.6684    227.018    239.053     0.2407 5.4856e-03     0.1422  660741193   191.6153         19     48.232  11496.917     275927  0.000e+00
     47.863    35.6696    35.6604    13.6677    13.6686    227.015    238.894     0.2407 5.4856e-03     0.1422  660741193   191.6160         19     48.270  11496.958     275928  0.000e+00
     47.914    35.6696    35.6604    13.6674    13.6686    227.159    238.881     0.2480 5.4856e-03     0.1422  660741193   191.6167         19     48.321  11497.000     275929  0.000e+00
     47.914    35.6694    35.6606    13.6675    13.6683    227.020    238.868     0.2407 5.6512e-03     0.1422  660741193   191.6174         19     48.321  11497.042     275930  0.000e+00
     48.009    35.6696    35.6603    13.6675    13.6686    227.017    238.857     0.2407 5.6512e-03     0.1422  660741193   191.6181         19     48.417  11497.083     275931  0.000e+00
     47.958    35.6692    35.6606    13.6677    13.6686    227.009    238.843     0.2407 5.4856e-03     0.1422  660741193   191.6188         19     48.366  11497.125     275932  0.000e+00
     48.009    35.6696    35.6604    13.6675    13.6686    227.004    238.976     0.2407 5.6512e-03     0.1422  660741193   191.6194         19     48.417  11497.167     275933  0.000e+00
     48.053    35.6695    35.6604    13.6677    13.6685    227.009    238.821     0.2407 5.4856e-03     0.1422  660741193   191.6201         19     48.462  11497.208     275934  0.000e+00
     48.104    35.6690    35.6606    13.6679    13.6682    227.148    238.973     0.2480 5.4856e-03     0.1422  660741193   191.6208         19     48.513  11497.250     275935  0.000e+00
     48.142    35.6695    35.6604    13.6675    13.6684    227.009    238.978     0.2480 5.4856e-03     0.1422  660741193   191.6215         19     48.552  11497.292     275936  0.000e+00
     48.193    35.6696    35.6603    13.6675    13.6682    227.013    238.985     0.2480 5.4856e-03     0.1422  660741193   191.6222         19     48.603  11497.333     275937  0.000e+00
     48.104    35.6699    35.6606    13.6679    13.6681    227.012    238.988     0.2480 5.3205e-03     0.1446  660741193   191.6229         19     48.513  11497.375     275938  0.000e+00
     48.237    35.6694    35.6604    13.6679    13.6684    227.020    238.852     0.2480 5.1559e-03     0.1446  660741193   191.6236         19     48.648  11497.417     275939  0.000e+00
     48.288    35.6691    35.6605    13.6680    13.6680    227.024    238.862     0.2480 5.1559e-03     0.1446  660741193   191.6243         19     48.699  11497.458     275940  0.000e+00
     48.288    35.6695    35.6606    13.6679    13.6680    227.016    238.709     0.2480 5.3205e-03     0.1446  660741193   191.6250         19     48.699  11497.500     275941  0.000e+00
     48.288    35.6692    35.6609    13.6680    13.6681    227.151    238.685     0.2480 5.6512e-03     0.1446  660741193   191.6257         19     48.699  11497.542     275942  0.000e+00
     48.422    35.6701    35.6608    13.6677    13.6680    227.157    238.668     0.2553 5.6512e-03     0.1446  660741193   191.6264         19     48.834  11497.583     275943  0.000e+00
     48.333    35.6696    35.6608    13.6680    13.6682    227.009    238.643     0.2480 5.4856e-03     0.1446  660741193   191.6271         19     48.744  11497.625     275944  0.000e+00
     48.472    35.6691    35.6603    13.6680    13.6682    227.014    238.629     0.2480 5.3205e-03     0.1446  660741193   191.6278         19     48.885  11497.667     275945  0.000e+00
     48.383    35.6692    35.6608    13.6680    13.6683    226.856    238.590     0.2480 5.3205e-03     0.1446  660741193   191.6285         19     48.795  11497.708     275946  0.000e+00
     48.466    35.6695    35.6609    13.6682    13.6682    226.980    238.575     0.2480 5.4856e-03     0.1446  660741193   191.6292         19     48.878  11497.750     275947  0.000e+00
     48.568    35.6695    35.6606    13.6684    13.6684    226.982    238.705     0.2553 5.3205e-03     0.1446  660741193   191.6299         19     48.981  11497.792     275948  0.000e+00
     48.523    35.6694    35.6607    13.6684    13.6686    226.836    238.543     0.2553 5.3205e-03     0.1446  660741193   191.6306         19     48.936  11497.833     275949  0.000e+00
     48.567    35.6700    35.6604    13.6682    13.6690    226.983    238.528     0.2480 5.4856e-03     0.1446  660741194   191.6312         19     48.981  11497.875     275950  0.000e+00
     48.606    35.6696    35.6604    13.6682    13.6687    226.985    238.518     0.2480 5.4856e-03     0.1446  660741194   191.6319         19     49.019  11497.917     275951  0.000e+00
     48.618    35.6690    35.6606    13.6684    13.6684    226.987    238.508     0.2480 5.3205e-03     0.1446  660741194   191.6326         19     49.032  11497.958     275952  0.000e+00
     48.663    35.6693    35.6605    13.6685    13.6687    226.988    238.497     0.2480 5.3205e-03     0.1446  660741194   191.6333         19     49.077  11498.000     275953  0.000e+00
     48.707    35.6695    35.6607    13.6682    13.6686    226.991    238.490     0.2480 5.3205e-03     0.1446  660741194   191.6340         19     49.122  11498.042     275954  0.000e+00
     48.701    35.6695    35.6608    13.6684    13.6687    226.991    238.321     0.2480 5.3205e-03     0.1446  660741194   191.6347         19     49.115  11498.083     275955  0.000e+00
     48.758    35.6696    35.6604    13.6684    13.6689    226.982    238.300     0.2553 5.3205e-03     0.1446  660741194   191.6354         19     49.173  11498.125     275956  0.000e+00
     48.802    35.6693    35.6605    13.6684    13.6687    226.973    238.282     0.2553 5.3205e-03     0.1446  660741194   191.6361         19     49.218  11498.167     275957  0.000e+00
     48.758    35.6695    35.6605    13.6682    13.6688    226.961    238.262     0.2480 5.3205e-03     0.1446  660741194   191.6368         19     49.173  11498.208     275958  0.000e+00
     48.796    35.6693    35.6603    13.6684    13.6687    227.094    238.409     0.2480 5.3205e-03     0.1446  660741194   191.6375         19     49.211  11498.250     275959  0.000e+00
     48.847    35.6694    35.6609    13.6684    13.6687    226.960    238.412     0.2553 5.3205e-03     0.1446  660741194   191.6382         19     49.263  11498.292     275960  0.000e+00
     48.898    35.6694    35.6605    13.6685    13.6689    227.104    238.416     0.2480 5.4856e-03     0.1446  660741194   191.6389         19     49.314  11498.333     275961  0.000e+00
     48.847    35.6694    35.6603    13.6686    13.6687    226.967    238.421     0.2553 5.3205e-03     0.1446  660741194   191.6396         19     49.263  11498.375     275962  0.000e+00
     48.891    35.6697    35.6605    13.6682    13.6686    227.123    238.411     0.2700 5.1559e-03     0.1446  660741194   191.6403         19     49.307  11498.417     275963  0.000e+00
     48.942    35.6693    35.6603    13.6684    13.6689    226.989    238.418     0.2773 5.1559e-03     0.1446  660741194   191.6410         19     49.359  11498.458     275964  0.000e+00
     48.898    35.6693    35.6606    13.6685    13.6689    226.985    238.425     0.2773 5.3205e-03     0.1446  660741194   191.6417         19     49.314  11498.500     275965  0.000e+00
     48.986    35.6694    35.6608    13.6687    13.6687    227.129    238.438     0.2773 5.1559e-03     0.1422  660741194   191.6424         19     49.404  11498.542     275966  0.000e+00
     48.980    35.6694    35.6606    13.6685    13.6690    227.138    238.430     0.2773 5.1559e-03     0.1446  660741194   191.6431         19     49.397  11498.583     275967  0.000e+00
     48.942    35.6695    35.6604    13.6684    13.6689    226.990    238.281     0.2773 5.1559e-03     0.1446  660741194   191.6438         19     49.359  11498.625     275968  0.000e+00
     23.581    35.6694    35.6607    13.6644    13.6643    227.568    238.675     0.2407 3.6947e-03     0.1422  660741243   192.4549         20     23.780  11547.292     277136  0.000e+00
     23.530    35.6691    35.6602    13.6647    13.6647    227.689    238.652     0.2480 3.6947e-03     0.1397  660741243   192.4556         20     23.729  11547.333     277137  0.000e+00
     23.441    35.6696    35.6603    13.6644    13.6644    227.678    238.631     0.2480 3.6947e-03     0.1373  660741243   192.4563         20     23.639  11547.375     277138  0.000e+00
     23.485    35.6694    35.6604    13.6645    13.6643    227.668    238.614     0.2480 3.6947e-03     0.1397  660741243   192.4569         20     23.684  11547.417     277139  0.000e+00
     23.416    35.6693    35.6604    13.6645    13.6647    227.523    238.431     0.2480 3.5347e-03     0.1397  660741243   192.4576         20     23.614  11547.458     277140  0.000e+00
     23.390    35.6692    35.6608    13.6644    13.6643    227.513    238.415     0.2553 3.6947e-03     0.1373  660741243   192.4583         20     23.588  11547.500     277141  0.000e+00
     23.346    35.6693    35.6604    13.6642    13.6646    227.503    238.399     0.2480 3.6947e-03     0.1397  660741243   192.4590         20     23.543  11547.542     277142  0.000e+00
     23.346    35.6691    35.6603    13.6644    13.6645    227.493    238.387     0.2480 3.6947e-03     0.1397  660741243   192.4597         20     23.543  11547.583     277143  0.000e+00
     23.251    35.6693    35.6603    13.6642    13.6648    227.482    238.532     0.2480 3.5347e-03     0.1373  660741243   192.4604         20     23.447  11547.625     277144  0.000e+00
     23.301    35.6691    35.6603    13.6644    13.6647    227.619    238.542     0.2480 3.5347e-03     0.1373  660741243   192.4611         20     23.498  11547.667     277145  0.000e+00
     23.251    35.6689    35.6602    13.6644    13.6647    227.477    238.549     0.2553 3.5347e-03     0.1397  660741243   192.4618         20     23.447  11547.708     277146  0.000e+00
     23.206    35.6697    35.6604    13.6640    13.6648    227.612    238.397     0.2480 3.6947e-03     0.1373  660741243   192.4625         20     23.402  11547.750     277147  0.000e+00
     23.206    35.6694    35.6601    13.6642    13.6648    227.471    238.393     0.2480 3.6947e-03     0.1397  660741243   192.4632         20     23.402  11547.792     277148  0.000e+00
     23.206    35.6692    35.6604    13.6640    13.6647    227.609    238.552     0.2480 3.6947e-03     0.1397  660741243   192.4639         20     23.402  11547.833     277149  0.000e+00
     23.136    35.6691    35.6601    13.6642    13.6647    227.466    238.566     0.2480 3.6947e-03     0.1397  660741244   192.4646         20     23.332  11547.875     277150  0.000e+00
     23.111    35.6694    35.6602    13.6640    13.6644    227.447    238.566     0.2480 3.6947e-03     0.1397  660741244   192.4653         20     23.306  11547.917     277151  0.000e+00
     23.111    35.6688    35.6604    13.6645    13.6642    227.439    238.408     0.2480 3.6947e-03     0.1373  660741244   192.4660         20     23.306  11547.958     277152  0.000e+00
     23.066    35.6691    35.6605    13.6642    13.6643    227.433    238.391     0.2553 3.5347e-03     0.1397  660741244   192.4667         20     23.261  11548.000     277153  0.000e+00
     23.111    35.6691    35.6603    13.6639    13.6640    227.562    238.524     0.2480 3.6947e-03     0.1397  660741244   192.4674         20     23.306  11548.042     277154  0.000e+00
     23.016    35.6691    35.6601    13.6640    13.6639    227.419    238.508     0.2480 3.6947e-03     0.1397  660741244   192.4681         20     23.210  11548.083     277155  0.000e+00
     23.066    35.6691    35.6599    13.6639    13.6637    227.415    238.515     0.2480 3.6947e-03     0.1397  660741244   192.4688         20     23.261  11548.125     277156  0.000e+00
     23.066    35.6694    35.6606    13.6637    13.6635    227.410    238.519     0.2553 3.6947e-03     0.1397  660741244   192.4694         20     23.261  11548.167     277157  0.000e+00
     23.016    35.6691    35.6604    13.6639    13.6634    227.392    238.523     0.2553 3.6947e-03     0.1397  660741244   192.4701         20     23.210  11548.208     277158  0.000e+00
     23.016    35.6689    35.6603    13.6637    13.6635    227.521    238.545     0.2553 3.5347e-03     0.1397  660741244   192.4708         20     23.210  11548.250     277159  0.000e+00
     23.016    35.6692    35.6603    13.6633    13.6636    227.373    238.568     0.2480 3.5347e-03     0.1397  660741244   192.4715         20     23.210  11548.292     277160  0.000e+00
     22.831    35.6688    35.6600    13.6635    13.6637    227.350    238.588     0.2480 3.6947e-03     0.1397  660741244   192.4722         20     23.024  11548.333     277161  0.000e+00
     23.136    35.6692    35.6603    13.6632    13.6635    227.355    238.607     0.2480 3.6947e-03     0.1422  660741244   192.4729         20     23.332  11548.375     277162  0.000e+00
     22.971    35.6694    35.6604    13.6634    13.6635    227.344    238.612     0.2480 3.5347e-03     0.1446  660741244   192.4736         20     23.165  11548.417     277163  0.000e+00
     22.971    35.6693    35.6603    13.6634    13.6636    227.483    238.622     0.2480 3.5347e-03     0.1446  660741244   192.4743         20     23.165  11548.458     277164  0.000e+00
     22.927    35.6691    35.6604    13.6632    13.6634    227.500    238.634     0.2480 3.5347e-03     0.1446  660741244   192.4750         20     23.120  11548.500     277165  0.000e+00
     22.971    35.6692    35.6606    13.6632    13.6635    227.508    238.824     0.2407 3.5347e-03     0.1446  660741244   192.4757         20     23.165  11548.542     277166  0.000e+00
     22.971    35.6691    35.6606    13.6632    13.6635    227.371    238.870     0.2407 3.6947e-03     0.1446  660741244   192.4764         20     23.165  11548.583     277167  0.000e+00
     22.971    35.6690    35.6601    13.6631    13.6635    227.368    238.918     0.2480 3.5347e-03     0.1422  660741244   192.4771         20     23.165  11548.625     277168  0.000e+00
     22.971    35.6697    35.6605    13.6629    13.6633    227.509    238.966     0.2407 3.5347e-03     0.1446  660741244   192.4778         20     23.165  11548.667     277169  0.000e+00
     22.927    35.6694    35.6604    13.6632    13.6635    227.514    239.012     0.2407 3.6947e-03     0.1446  660741244   192.4785         21     23.120  11548.708     277170  0.000e+00
     22.927    35.6692    35.6606    13.6631    13.6634    227.390    239.045     0.2407 3.6947e-03     0.1446  660741244   192.4792         21     23.120  11548.750     277171  0.000e+00
     22.971    35.6692    35.6604    13.6632    13.6635    227.399    239.078     0.2480 3.5347e-03     0.1422  660741244   192.4799         21     23.165  11548.792     277172  0.000e+00
     22.901    35.6691    35.6602    13.6632    13.6634    227.407    239.108     0.2480 3.6947e-03     0.1422  660741244   192.4806         21     23.095  11548.833     277173  0.000e+00
     22.971    35.6694    35.6608    13.6631    13.6632    227.420    239.286     0.2407 3.6947e-03     0.1422  660741245   192.4812         21     23.165  11548.875     277174  0.000e+00
