data/UWS/CTD_bulk_raw/SO279/SO279_CTD_processed/SO279_53-1_CTD-04_processed_DepthAVG.cnv
* Sea-Bird SBE 9 Data File:
* FileName = D:\CTDData\SO279\SO279_53-1_CTD-04.hex
* Software Version Seasave V 7.26.1.8
* Temperature SN = 5938
* Conductivity SN = 4108
* Number of Bytes Per Scan = 41
* Number of Voltage Words = 4
* Number of Scans Averaged by the Deck Unit = 1
* NMEA Latitude = 31 07.08 N
* NMEA Longitude = 033 48.97 W
* NMEA UTC (Time) = Dec 18 2020  11:51:30
* NMEA baud rate = 4800
# nquan = 16
# nvalues = 871                         
# units = specified
# name 0 = depSM: Depth [salt water, m]
# name 1 = sal00: Salinity, Practical [PSU]
# name 2 = sal11: Salinity, Practical, 2 [PSU]
# name 3 = t090C: Temperature [ITS-90, deg C]
# name 4 = t190C: Temperature, 2 [ITS-90, deg C]
# name 5 = sbeox0Mm/L: Oxygen, SBE 43 [umol/l]
# name 6 = sbeox1Mm/L: Oxygen, SBE 43, 2 [umol/l]
# name 7 = flECO-AFL: Fluorescence, WET Labs ECO-AFL/FL [mg/m^3]
# name 8 = par: PAR/Irradiance, Biospherical/Licor
# name 9 = turbWETntu0: Turbidity, WET Labs ECO [NTU]
# name 10 = timeQ: Time, NMEA [seconds]
# name 11 = timeM: Time, Elapsed [minutes]
# name 12 = nbf: Bottles Fired
# name 13 = prDM: Pressure, Digiquartz [db]
# name 14 = timeS: Time, Elapsed [seconds]
# name 15 = flag: flag
# span 0 =     10.000,   4360.000       
# span 1 =    31.7141,    37.6030       
# span 2 =    34.9016,    37.2049       
# span 3 =     2.4786,    21.7137       
# span 4 =     2.4796,    21.7141       
# span 5 =    116.887,    231.476       
# span 6 =    125.038,    236.555       
# span 7 =    -0.0648,     0.0837       
# span 8 = 1.0000e-12, 2.2006e-04       
# span 9 =     0.1162,     0.1372       
# span 10 =  661607430,  661614181      
# span 11 =    -1.0051,   111.5002      
# span 12 =          0,          0      
# span 13 =     10.070,   4436.015      
# span 14 =    -60.306,   6690.013      
# span 15 = 0.0000e+00, 0.0000e+00      
# interval = meters: 5                  
# start_time = Dec 18 2020 11:51:31 [NMEA time, first data scan]
# bad_flag = -9.990e-29
*END*
[from data line 633]
   3175.000    34.9453    34.9311     2.6822     2.6836    227.696    231.564     0.0066 1.0000e-12     0.1295  661612359    81.1400          0   3221.449   4868.401 0.0000e+00
   3180.000    34.9448    34.9307     2.6767     2.6777    227.709    231.782     0.0097 1.0000e-12     0.1301  661612367    81.2705          0   3226.560   4876.228 0.0000e+00
   3185.000    34.9445    34.9302     2.6735     2.6747    227.626    231.756     0.0094 1.0000e-12     0.1288  661612375    81.4010          0   3231.671   4884.058 0.0000e+00
   3190.000    34.9442    34.9300     2.6697     2.6710    227.556    231.675     0.0126 1.0000e-12     0.1284  661612382    81.5160          0   3236.782   4890.958 0.0000e+00
   3195.000    34.9439    34.9297     2.6692     2.6706    227.653    231.642     0.0076 1.0000e-12     0.1299  661612389    81.6461          0   3241.893   4898.764 0.0000e+00
   3200.000    34.9438    34.9296     2.6678     2.6690    227.580    231.722     0.0093 1.0000e-12     0.1299  661612397    81.7815          0   3247.005   4906.889 0.0000e+00
   3205.000    34.9437    34.9294     2.6678     2.6691    227.623    231.664     0.0069 1.0000e-12     0.1292  661612405    81.8998          0   3252.117   4913.985 0.0000e+00
   3210.000    34.9438    34.9296     2.6683     2.6694    227.685    231.744     0.0123 1.0000e-12     0.1295  661612413    82.0410          0   3257.228   4922.458 0.0000e+00
   3215.000    34.9436    34.9293     2.6676     2.6688    227.653    231.494     0.0102 1.0000e-12     0.1297  661612420    82.1521          0   3262.340   4929.126 0.0000e+00
   3220.000    34.9433    34.9292     2.6641     2.6653    227.591    231.646     0.0068 1.0000e-12     0.1299  661612429    82.3000          0   3267.452   4937.997 0.0000e+00
   3225.000    34.9431    34.9289     2.6630     2.6642    227.587    231.590     0.0038 1.0000e-12     0.1288  661612435    82.4102          0   3272.564   4944.610 0.0000e+00
   3230.000    34.9431    34.9289     2.6617     2.6629    227.478    231.887     0.0100 1.0000e-12     0.1309  661612444    82.5541          0   3277.676   4953.243 0.0000e+00
   3235.000    34.9429    34.9286     2.6612     2.6628    227.626    231.313     0.0074 1.0000e-12     0.1300  661612450    82.6637          0   3282.789   4959.819 0.0000e+00
   3240.000    34.9428    34.9285     2.6592     2.6603    227.495    232.027     0.0087 1.0000e-12     0.1307  661612459    82.8015          0   3287.901   4968.089 0.0000e+00
   3245.000    34.9426    34.9283     2.6592     2.6604    227.594    231.530     0.0099 1.0000e-12     0.1295  661612465    82.9138          0   3293.014   4974.830 0.0000e+00
   3250.000    34.9424    34.9280     2.6542     2.6554    227.496    231.591     0.0068 1.0000e-12     0.1302  661612473    83.0429          0   3298.126   4982.573 0.0000e+00
   3255.000    34.9418    34.9276     2.6490     2.6502    227.476    231.492     0.0140 1.0000e-12     0.1299  661612481    83.1820          0   3303.239   4990.918 0.0000e+00
   3260.000    34.9415    34.9272     2.6480     2.6492    227.477    231.515     0.0110 1.0000e-12     0.1297  661612489    83.3067          0   3308.352   4998.402 0.0000e+00
   3265.000    34.9411    34.9269     2.6412     2.6424    227.392    231.306     0.0031 1.0000e-12     0.1293  661612496    83.4179          0   3313.465   5005.073 0.0000e+00
   3270.000    34.9408    34.9266     2.6407     2.6424    227.324    231.272     0.0098 1.0000e-12     0.1297  661612504    83.5606          0   3318.578   5013.639 0.0000e+00
   3275.000    34.9404    34.9261     2.6359     2.6373    227.380    231.246     0.0073 1.0000e-12     0.1311  661612511    83.6724          0   3323.691   5020.341 0.0000e+00
   3280.000    34.9403    34.9261     2.6345     2.6357    227.337    231.390     0.0107 1.0000e-12     0.1306  661612519    83.8051          0   3328.805   5028.304 0.0000e+00
   3285.000    34.9400    34.9258     2.6334     2.6346    227.390    231.244     0.0113 1.0000e-12     0.1296  661612527    83.9488          0   3333.918   5036.929 0.0000e+00
   3290.000    34.9398    34.9256     2.6301     2.6313    227.231    231.302     0.0114 1.0000e-12     0.1288  661612533    84.0410          0   3339.032   5042.459 0.0000e+00
   3295.000    34.9397    34.9254     2.6301     2.6313    227.330    231.259     0.0065 1.0000e-12     0.1289  661612543    84.1994          0   3344.145   5051.964 0.0000e+00
   3300.000    34.9396    34.9254     2.6300     2.6313    227.341    231.280     0.0077 1.0000e-12     0.1288  661612549    84.3051          0   3349.259   5058.309 0.0000e+00
   3305.000    34.9397    34.9255     2.6302     2.6315    227.385    231.383     0.0145 1.0000e-12     0.1289  661612558    84.4620          0   3354.373   5067.721 0.0000e+00
   3310.000    34.9395    34.9252     2.6297     2.6309    227.315    231.184     0.0091 1.0000e-12     0.1307  661612565    84.5709          0   3359.487   5074.253 0.0000e+00
   3315.000    34.9394    34.9251     2.6288     2.6300    227.340    231.254     0.0093 1.1113e-05     0.1301  661612572    84.6905          0   3364.601   5081.429 0.0000e+00
   3320.000    34.9393    34.9252     2.6282     2.6293    227.224    231.281     0.0138 4.5362e-06     0.1284  661612581    84.8435          0   3369.716   5090.611 0.0000e+00
   3325.000    34.9388    34.9246     2.6223     2.6241    227.274    231.147     0.0099 2.6708e-06     0.1284  661612587    84.9429          0   3374.830   5096.574 0.0000e+00
   3330.000    34.9384    34.9242     2.6177     2.6188    227.387    231.047     0.0139 1.4049e-05     0.1295  661612595    85.0749          0   3379.945   5104.493 0.0000e+00
   3335.000    34.9382    34.9239     2.6162     2.6172    227.325    231.220     0.0037 7.6235e-05     0.1300  661612604    85.2276          0   3385.059   5113.654 0.0000e+00
   3340.000    34.9382    34.9239     2.6168     2.6180    227.300    231.209     0.0068 6.7101e-05     0.1302  661612610    85.3267          0   3390.174   5119.603 0.0000e+00
   3345.000    34.9380    34.9238     2.6153     2.6165    227.348    230.875     0.0104 1.1116e-04     0.1308  661612619    85.4681          0   3395.289   5128.087 0.0000e+00
   3350.000    34.9379    34.9236     2.6152     2.6164    227.320    231.014     0.0085 1.2321e-04     0.1296  661612625    85.5774          0   3400.404   5134.642 0.0000e+00
   3355.000    34.9379    34.9237     2.6154     2.6165    227.229    231.077     0.0137 1.2448e-04     0.1287  661612634    85.7200          0   3405.519   5143.197 0.0000e+00
   3360.000    34.9378    34.9236     2.6154     2.6165    227.299    231.006     0.0117 1.2744e-04     0.1300  661612641    85.8383          0   3410.634   5150.299 0.0000e+00
   3365.000    34.9377    34.9234     2.6139     2.6152    227.284    231.048     0.0092 2.2006e-04     0.1299  661612649    85.9714          0   3415.750   5158.283 0.0000e+00
   3370.000    34.9373    34.9230     2.6074     2.6086    227.200    231.215     0.0040 9.6243e-05     0.1286  661612656    86.0938          0   3420.865   5165.627 0.0000e+00
   3375.000    34.9370    34.9228     2.6078     2.6093    227.237    230.986     0.0077 1.2929e-05     0.1290  661612664    86.2214          0   3425.981   5173.285 0.0000e+00
   3380.000    34.9370    34.9228     2.6075     2.6087    227.163    230.864     0.0101 8.5011e-07     0.1303  661612671    86.3372          0   3431.096   5180.231 0.0000e+00
   3385.000    34.9368    34.9226     2.6063     2.6075    227.225    231.127     0.0066 1.0000e-12     0.1319  661612679    86.4755          0   3436.212   5188.530 0.0000e+00
   3390.000    34.9367    34.9225     2.6045     2.6056    227.249    231.079     0.0081 1.0000e-12     0.1372  661612687    86.6088          0   3441.328   5196.529 0.0000e+00
   3395.000    34.9364    34.9222     2.6019     2.6030    227.186    230.974     0.0086 1.0000e-12     0.1284  661612694    86.7231          0   3446.444   5203.385 0.0000e+00
   3400.000    34.9361    34.9219     2.5989     2.6001    227.152    230.793     0.0069 1.0000e-12     0.1289  661612702    86.8599          0   3451.560   5211.597 0.0000e+00
   3405.000    34.9361    34.9218     2.5990     2.6002    227.148    230.896     0.0023 1.0000e-12     0.1279  661612709    86.9774          0   3456.677   5218.644 0.0000e+00
   3410.000    34.9361    34.9219     2.6011     2.6022    227.238    230.757     0.0054 1.0000e-12     0.1291  661612717    87.1133          0   3461.793   5226.799 0.0000e+00
   3415.000    34.9362    34.9220     2.6020     2.6030    227.201    230.764     0.0068 1.0000e-12     0.1299  661612725    87.2417          0   3466.910   5234.501 0.0000e+00
   3420.000    34.9360    34.9218     2.6010     2.6022    227.184    231.178     0.0101 1.0000e-12     0.1291  661612732    87.3646          0   3472.026   5241.876 0.0000e+00
   3425.000    34.9359    34.9217     2.5990     2.6001    227.109    230.677     0.0056 1.0000e-12     0.1300  661612740    87.4844          0   3477.143   5249.064 0.0000e+00
   3430.000    34.9357    34.9215     2.5961     2.5972    227.085    230.886     0.0064 1.0000e-12     0.1310  661612747    87.6107          0   3482.260   5256.643 0.0000e+00
   3435.000    34.9355    34.9212     2.5950     2.5962    227.143    230.833     0.0099 1.0000e-12     0.1285  661612755    87.7455          0   3487.377   5264.731 0.0000e+00
   3440.000    34.9354    34.9213     2.5941     2.5952    227.071    230.786     0.0127 1.0000e-12     0.1309  661612761    87.8411          0   3492.494   5270.465 0.0000e+00
   3445.000    34.9352    34.9210     2.5940     2.5952    227.125    230.689     0.0066 1.0000e-12     0.1294  661612770    87.9865          0   3497.611   5279.191 0.0000e+00
   3450.000    34.9352    34.9210     2.5926     2.5937    226.980    230.387     0.0029 1.0000e-12     0.1297  661612776    88.0973          0   3502.728   5285.837 0.0000e+00
   3455.000    34.9350    34.9207     2.5913     2.5925    227.253    230.777     0.0090 1.0000e-12     0.1281  661612785    88.2453          0   3507.846   5294.718 0.0000e+00
   3460.000    34.9348    34.9206     2.5898     2.5911    226.970    230.478     0.0063 1.0000e-12     0.1301  661612791    88.3402          0   3512.964   5300.410 0.0000e+00
   3465.000    34.9347    34.9205     2.5891     2.5903    227.112    230.857     0.0079 1.0000e-12     0.1286  661612800    88.4964          0   3518.081   5309.782 0.0000e+00
   3470.000    34.9346    34.9204     2.5885     2.5898    227.064    230.566     0.0060 1.0000e-12     0.1301  661612806    88.5935          0   3523.199   5315.610 0.0000e+00
   3475.000    34.9345    34.9202     2.5874     2.5886    227.084    230.601     0.0087 1.0000e-12     0.1303  661612814    88.7274          0   3528.317   5323.643 0.0000e+00
   3480.000    34.9342    34.9201     2.5847     2.5858    226.923    230.564     0.0113 1.0000e-12     0.1304  661612821    88.8423          0   3533.435   5330.539 0.0000e+00
   3485.000    34.9340    34.9198     2.5834     2.5845    227.092    230.574     0.0042 1.0000e-12     0.1302  661612829    88.9722          0   3538.553   5338.333 0.0000e+00
   3490.000    34.9339    34.9196     2.5825     2.5837    227.009    230.716     0.0085 1.0000e-12     0.1301  661612836    89.0880          0   3543.671   5345.278 0.0000e+00
   3495.000    34.9337    34.9195     2.5811     2.5823    227.166    230.796     0.0090 1.0000e-12     0.1307  661612844    89.2194          0   3548.790   5353.166 0.0000e+00
   3500.000    34.9334    34.9191     2.5770     2.5781    227.012    230.480     0.0127 1.0000e-12     0.1288  661612851    89.3347          0   3553.908   5360.080 0.0000e+00
   3505.000    34.9332    34.9189     2.5760     2.5770    227.043    230.745     0.0125 1.0000e-12     0.1302  661612859    89.4713          0   3559.027   5368.277 0.0000e+00
   3510.000    34.9331    34.9188     2.5752     2.5761    226.997    230.653     0.0096 1.0000e-12     0.1304  661612866    89.5851          0   3564.146   5375.105 0.0000e+00
   3515.000    34.9329    34.9186     2.5725     2.5735    226.893    230.735     0.0011 1.0000e-12     0.1286  661612874    89.7235          0   3569.264   5383.412 0.0000e+00
   3520.000    34.9325    34.9182     2.5699     2.5709    226.999    230.673     0.0068 1.0000e-12     0.1294  661612880    89.8271          0   3574.383   5389.624 0.0000e+00
   3525.000    34.9323    34.9181     2.5680     2.5692    227.001    230.335     0.0049 1.0000e-12     0.1295  661612888    89.9600          0   3579.502   5397.599 0.0000e+00
   3530.000    34.9322    34.9179     2.5670     2.5681    226.943    230.557     0.0076 1.0000e-12     0.1293  661612896    90.0827          0   3584.622   5404.959 0.0000e+00
   3535.000    34.9320    34.9178     2.5671     2.5682    227.080    230.557     0.0086 1.0000e-12     0.1293  661612903    90.2018          0   3589.741   5412.106 0.0000e+00
   3540.000    34.9319    34.9176     2.5645     2.5656    226.965    230.413     0.0086 1.0000e-12     0.1299  661612910    90.3306          0   3594.860   5419.834 0.0000e+00
   3545.000    34.9316    34.9175     2.5641     2.5652    226.937    230.629     0.0060 1.0000e-12     0.1300  661612918    90.4525          0   3599.980   5427.151 0.0000e+00
   3550.000    34.9316    34.9174     2.5643     2.5654    226.990    230.403     0.0075 1.0000e-12     0.1297  661612925    90.5731          0   3605.100   5434.388 0.0000e+00
   3555.000    34.9314    34.9173     2.5620     2.5631    227.082    230.345     0.0066 1.0000e-12     0.1310  661612933    90.7045          0   3610.219   5442.273 0.0000e+00
   3560.000    34.9312    34.9170     2.5599     2.5613    226.979    230.519     0.0078 1.0000e-12     0.1292  661612940    90.8207          0   3615.339   5449.244 0.0000e+00
   3565.000    34.9311    34.9169     2.5584     2.5594    226.973    230.380     0.0065 1.0000e-12     0.1300  661612948    90.9654          0   3620.459   5457.923 0.0000e+00
   3570.000    34.9310    34.9167     2.5590     2.5601    226.894    230.391     0.0056 1.0000e-12     0.1291  661612955    91.0665          0   3625.579   5463.988 0.0000e+00
   3575.000    34.9309    34.9166     2.5575     2.5586    226.941    230.306     0.0059 1.0000e-12     0.1280  661612962    91.1900          0   3630.700   5471.403 0.0000e+00
   3580.000    34.9305    34.9163     2.5550     2.5561    226.968    230.328     0.0058 1.0000e-12     0.1288  661612970    91.3200          0   3635.820   5479.201 0.0000e+00
   3585.000    34.9304    34.9162     2.5524     2.5535    226.915    230.355     0.0138 1.0000e-12     0.1308  661612976    91.4290          0   3640.940   5485.737 0.0000e+00
   3590.000    34.9300    34.9157     2.5501     2.5512    227.012    230.220     0.0129 1.0000e-12     0.1288  661612985    91.5786          0   3646.061   5494.716 0.0000e+00
   3595.000    34.9300    34.9157     2.5492     2.5504    226.837    230.288     0.0113 1.0000e-12     0.1289  661612991    91.6738          0   3651.182   5500.426 0.0000e+00
   3600.000    34.9297    34.9155     2.5488     2.5499    226.949    230.414     0.0097 1.0000e-12     0.1292  661613000    91.8174          0   3656.303   5509.046 0.0000e+00
   3605.000    34.9297    34.9156     2.5476     2.5487    226.964    230.294     0.0111 1.0000e-12     0.1305  661613008    91.9502          0   3661.423   5517.012 0.0000e+00
   3610.000    34.9296    34.9153     2.5478     2.5490    226.921    230.419     0.0038 1.0000e-12     0.1288  661613014    92.0554          0   3666.545   5523.322 0.0000e+00
   3615.000    34.9295    34.9153     2.5466     2.5477    227.052    230.489     0.0026 1.0000e-12     0.1300  661613023    92.2011          0   3671.666   5532.066 0.0000e+00
   3620.000    34.9293    34.9150     2.5459     2.5471    226.916    230.413     0.0073 1.0000e-12     0.1297  661613029    92.3038          0   3676.787   5538.229 0.0000e+00
