data/UWS/CTD_bulk_raw/SO279/SO279_CTD_processed/SO279_36-1_CTD-03_processed.ros
* Sea-Bird SBE 9 Data File:
* FileName = D:\CTDData\SO279\SO279_36-1_CTD-01.hex
* Software Version Seasave V 7.26.1.8
* Temperature SN = 5938
* Conductivity SN = 4108
* Number of Bytes Per Scan = 41
* Number of Voltage Words = 4
* Number of Scans Averaged by the Deck Unit = 1
* NMEA Latitude = 30 53.53 N
* NMEA Longitude = 029 18.84 W
* NMEA UTC (Time) = Dec 16 2020  05:18:34
* NMEA baud rate = 4800
# nquan = 17
# nvalues = 1684                                  
# units = specified
# name 0 = depSM: Depth [salt water, m]
# name 1 = sal00: Salinity, Practical [PSU]
# name 2 = sal11: Salinity, Practical, 2 [PSU]
# name 3 = t090C: Temperature [ITS-90, deg C]
# name 4 = t190C: Temperature, 2 [ITS-90, deg C]
# name 5 = sbeox0Mm/L: Oxygen, SBE 43 [umol/l]
# name 6 = sbeox1Mm/L: Oxygen, SBE 43, 2 [umol/l]
# name 7 = flECO-AFL: Fluorescence, WET Labs ECO-AFL/FL [mg/m^3]
# name 8 = par: PAR/Irradiance, Biospherical/Licor
# name 9 = turbWETntu0: Turbidity, WET Labs ECO [NTU]
# name 10 = timeQ: Time, NMEA [seconds]
# name 11 = timeM: Time, Elapsed [minutes]
# name 12 = nbf: Bottles Fired
# name 13 = prDM: Pressure, Digiquartz [db]
# name 14 = timeS: Time, Elapsed [seconds]
# name 15 = scan: Scan Count
# name 16 = flag:  0.000e+00
# interval = seconds: 0.0416667
# start_time = Dec 16 2020 05:18:35 [NMEA time, first data scan]
# bad_flag = -9.990e-29
*END*
[from data line 341]
   3805.823    34.9194    34.9104     2.5177     2.5187    227.582    230.596     0.0062 1.0000e-12     0.1299  661418307   119.8778          6   3867.129   7192.667     172625  0.000e+00
   3805.716    34.9194    34.9103     2.5179     2.5186    227.496    230.149     0.0062 1.0000e-12     0.1299  661418307   119.8785          6   3867.019   7192.708     172626  0.000e+00
   3805.817    34.9191    34.9102     2.5180     2.5187    227.416    230.167     0.0136 1.0000e-12     0.1299  661418308   119.8792          6   3867.122   7192.750     172627  0.000e+00
   3805.770    34.9191    34.9099     2.5178     2.5186    227.811    230.645     0.0136 1.0000e-12     0.1299  661418308   119.8799          6   3867.074   7192.792     172628  0.000e+00
   3805.817    34.9191    34.9101     2.5179     2.5187    227.905    230.661     0.0062 1.0000e-12     0.1299  661418308   119.8806          6   3867.122   7192.833     172629  0.000e+00
   3805.770    34.9197    34.9101     2.5177     2.5187    227.907    230.807     0.0136 1.0000e-12     0.1299  661418308   119.8812          6   3867.074   7192.875     172630  0.000e+00
   3805.824    34.9197    34.9099     2.5176     2.5187    227.910    230.364     0.0136 1.0000e-12     0.1324  661418308   119.8819          6   3867.129   7192.917     172631  0.000e+00
   3805.817    34.9194    34.9101     2.5177     2.5186    227.518    230.700     0.0136 1.0000e-12     0.1324  661418308   119.8826          6   3867.122   7192.958     172632  0.000e+00
   3805.817    34.9198    34.9104     2.5176     2.5187    227.429    230.704     0.0136 1.0000e-12     0.1324  661418308   119.8833          6   3867.122   7193.000     172633  0.000e+00
   3805.871    34.9197    34.9099     2.5179     2.5187    227.816    230.843     0.0136 1.0000e-12     0.1324  661418308   119.8840          6   3867.178   7193.042     172634  0.000e+00
   3805.871    34.9193    34.9103     2.5179     2.5186    227.903    230.524     0.0062 1.0000e-12     0.1324  661418308   119.8847          6   3867.178   7193.083     172635  0.000e+00
   3805.817    34.9196    34.9105     2.5177     2.5186    227.987    230.397     0.0062 1.0000e-12     0.1324  661418308   119.8854          6   3867.123   7193.125     172636  0.000e+00
   3805.925    34.9193    34.9104     2.5179     2.5186    227.689    230.867     0.0062 1.0000e-12     0.1324  661418308   119.8861          6   3867.233   7193.167     172637  0.000e+00
   3805.871    34.9193    34.9102     2.5178     2.5189    227.691    230.549     0.0136 1.0000e-12     0.1324  661418308   119.8868          6   3867.178   7193.208     172638  0.000e+00
   3805.871    34.9193    34.9104     2.5180     2.5184    228.084    231.024     0.0062 1.0000e-12     0.1324  661418308   119.8875          6   3867.178   7193.250     172639  0.000e+00
   3805.925    34.9196    34.9104     2.5176     2.5184    227.794    231.036     0.0062 1.0000e-12     0.1324  661418308   119.8882          6   3867.233   7193.292     172640  0.000e+00
   3805.871    34.9194    34.9100     2.5177     2.5184    228.190    230.721     0.0136 1.0000e-12     0.1324  661418308   119.8889          6   3867.178   7193.333     172641  0.000e+00
   3805.925    34.9193    34.9103     2.5179     2.5186    227.810    231.057     0.0062 1.0000e-12     0.1324  661418308   119.8896          6   3867.233   7193.375     172642  0.000e+00
   3805.925    34.9197    34.9101     2.5177     2.5186    228.120    230.743     0.0062 1.0000e-12     0.1324  661418308   119.8903          6   3867.233   7193.417     172643  0.000e+00
   3805.925    34.9193    34.9102     2.5178     2.5184    228.212    231.216     0.0136 1.0000e-12     0.1324  661418308   119.8910          6   3867.233   7193.458     172644  0.000e+00
   3805.979    34.9194    34.9105     2.5177     2.5186    228.308    231.363     0.0062 1.0000e-12     0.1324  661418308   119.8917          6   3867.289   7193.500     172645  0.000e+00
   3805.979    34.9194    34.9102     2.5177     2.5187    228.401    231.510     0.0136 1.0000e-12     0.1324  661418308   119.8924          6   3867.289   7193.542     172646  0.000e+00
   3805.979    34.9192    34.9103     2.5179     2.5186    228.493    231.522     0.0062 1.0000e-12     0.1324  661418308   119.8931          6   3867.289   7193.583     172647  0.000e+00
   3805.979    34.9194    34.9101     2.5177     2.5186    228.497    231.072     0.0136 1.0000e-12     0.1324  661418308   119.8938          6   3867.289   7193.625     172648  0.000e+00
   3805.979    34.9195    34.9103     2.5176     2.5186    228.111    231.402     0.0062 1.0000e-12     0.1324  661418308   119.8944          6   3867.289   7193.667     172649  0.000e+00
   3805.979    34.9194    34.9102     2.5177     2.5186    228.024    231.538     0.0136 1.0000e-12     0.1324  661418308   119.8951          6   3867.289   7193.708     172650  0.000e+00
   3806.033    34.9196    34.9108     2.5176     2.5184    227.941    231.676     0.0136 1.0000e-12     0.1324  661418309   119.8958          6   3867.344   7193.750     172651  0.000e+00
   3806.033    34.9195    34.9102     2.5178     2.5186    227.853    231.220     0.0062 1.0000e-12     0.1324  661418309   119.8965          6   3867.344   7193.792     172652  0.000e+00
   3806.034    34.9199    34.9102     2.5176     2.5189    227.769    231.543     0.0136 1.0000e-12     0.1324  661418309   119.8972          6   3867.344   7193.833     172653  0.000e+00
   3755.235    34.9207    34.9116     2.5264     2.5271    228.413    229.920     0.0062 1.0000e-12     0.1324  661418400   121.4229          7   3815.276   7285.375     174850  0.000e+00
   3755.235    34.9206    34.9116     2.5268     2.5272    228.484    229.790     0.0062 1.0000e-12     0.1299  661418400   121.4236          7   3815.276   7285.417     174851  0.000e+00
   3755.127    34.9205    34.9114     2.5265     2.5272    228.556    230.110     0.0136 1.0000e-12     0.1299  661418400   121.4243          7   3815.166   7285.458     174852  0.000e+00
   3755.127    34.9205    34.9117     2.5269     2.5274    228.540    230.103     0.0062 1.0000e-12     0.1299  661418400   121.4250          7   3815.166   7285.500     174853  0.000e+00
   3755.073    34.9202    34.9117     2.5268     2.5273    228.521    230.091     0.0062 1.0000e-12     0.1299  661418400   121.4257          7   3815.111   7285.542     174854  0.000e+00
   3755.020    34.9208    34.9117     2.5266     2.5277    228.499    230.071     0.0062 1.0000e-12     0.1299  661418400   121.4264          7   3815.055   7285.583     174855  0.000e+00
   3754.986    34.9207    34.9121     2.5268     2.5272    228.560    230.185     0.0062 1.0000e-12     0.1299  661418400   121.4271          7   3815.021   7285.625     174856  0.000e+00
   3754.919    34.9203    34.9115     2.5268     2.5279    228.534    230.291     0.0136 1.0000e-12     0.1299  661418400   121.4278          7   3814.952   7285.667     174857  0.000e+00
   3754.919    34.9207    34.9116     2.5268     2.5277    228.506    230.404     0.0062 1.0000e-12     0.1299  661418400   121.4285          7   3814.952   7285.708     174858  0.000e+00
   3754.811    34.9207    34.9112     2.5270     2.5279    228.469    230.513     0.0136 1.0000e-12     0.1299  661418401   121.4292          7   3814.842   7285.750     174859  0.000e+00
   3754.811    34.9207    34.9115     2.5271     2.5280    228.050    230.624     0.0136 1.0000e-12     0.1299  661418401   121.4299          7   3814.842   7285.792     174860  0.000e+00
   3754.757    34.9207    34.9117     2.5271     2.5277    228.313    230.152     0.0062 1.0000e-12     0.1299  661418401   121.4306          7   3814.787   7285.833     174861  0.000e+00
   3754.704    34.9205    34.9118     2.5270     2.5279    228.273    230.133     0.0062 1.0000e-12     0.1299  661418401   121.4313          7   3814.732   7285.875     174862  0.000e+00
   3754.650    34.9206    34.9113     2.5271     2.5280    228.229    229.670     0.0062 1.0000e-12     0.1299  661418401   121.4319          7   3814.676   7285.917     174863  0.000e+00
   3754.650    34.9206    34.9118     2.5272     2.5279    228.566    229.858     0.0062 1.0000e-12     0.1299  661418401   121.4326          7   3814.676   7285.958     174864  0.000e+00
   3754.549    34.9206    34.9119     2.5272     2.5280    228.682    229.721     0.0136 1.0000e-12     0.1299  661418401   121.4333          7   3814.573   7286.000     174865  0.000e+00
   3754.549    34.9209    34.9115     2.5269     2.5283    228.416    229.269     0.0136 1.0000e-12     0.1299  661418401   121.4340          7   3814.573   7286.042     174866  0.000e+00
   3754.495    34.9205    34.9115     2.5272     2.5281    228.445    229.151     0.0136 1.0000e-12     0.1299  661418401   121.4347          7   3814.518   7286.083     174867  0.000e+00
   3754.441    34.9206    34.9116     2.5272     2.5280    228.474    229.494     0.0062 1.0000e-12     0.1299  661418401   121.4354          7   3814.463   7286.125     174868  0.000e+00
   3754.388    34.9204    34.9120     2.5272     2.5280    228.505    229.969     0.0136 1.0000e-12     0.1299  661418401   121.4361          7   3814.408   7286.167     174869  0.000e+00
   3754.388    34.9206    34.9118     2.5274     2.5281    228.447    229.990     0.0136 1.0000e-12     0.1299  661418401   121.4368          7   3814.408   7286.208     174870  0.000e+00
   3754.300    34.9205    34.9117     2.5272     2.5280    228.474    230.004     0.0062 1.0000e-12     0.1299  661418401   121.4375          7   3814.318   7286.250     174871  0.000e+00
   3754.287    34.9205    34.9116     2.5273     2.5284    228.413    230.145     0.0062 1.0000e-12     0.1299  661418401   121.4382          7   3814.304   7286.292     174872  0.000e+00
   3754.179    34.9210    34.9118     2.5272     2.5281    228.346    230.288     0.0062 1.0000e-12     0.1299  661418401   121.4389          7   3814.194   7286.333     174873  0.000e+00
   3754.233    34.9207    34.9114     2.5273     2.5282    228.369    229.983     0.0136 1.0000e-12     0.1299  661418401   121.4396          7   3814.249   7286.375     174874  0.000e+00
   3754.071    34.9208    34.9116     2.5272     2.5283    228.385    230.583     0.0062 1.0000e-12     0.1299  661418401   121.4403          7   3814.084   7286.417     174875  0.000e+00
   3754.125    34.9206    34.9116     2.5274     2.5281    228.407    230.874     0.0062 1.0000e-12     0.1324  661418401   121.4410          7   3814.139   7286.458     174876  0.000e+00
   3754.072    34.9207    34.9116     2.5274     2.5283    228.426    231.031    -0.0011 1.0000e-12     0.1348  661418401   121.4417          7   3814.084   7286.500     174877  0.000e+00
   3753.971    34.9207    34.9115     2.5274     2.5284    228.740    231.188    -0.0011 1.0000e-12     0.1348  661418401   121.4424          7   3813.980   7286.542     174878  0.000e+00
   3753.971    34.9206    34.9114     2.5276     2.5283    228.366    231.349     0.0062 1.0000e-12     0.1348  661418401   121.4431          7   3813.980   7286.583     174879  0.000e+00
   3753.917    34.9209    34.9116     2.5276     2.5281    228.287    231.058    -0.0011 1.0000e-12     0.1348  661418401   121.4437          7   3813.925   7286.625     174880  0.000e+00
   3753.917    34.9205    34.9115     2.5277     2.5283    227.823    230.961    -0.0011 1.0000e-12     0.1348  661418401   121.4444          7   3813.925   7286.667     174881  0.000e+00
   3753.809    34.9205    34.9121     2.5278     2.5281    227.741    230.862    -0.0011 1.0000e-12     0.1348  661418401   121.4451          7   3813.815   7286.708     174882  0.000e+00
   3753.769    34.9206    34.9117     2.5278     2.5283    228.049    230.764    -0.0011 1.0000e-12     0.1348  661418402   121.4458          7   3813.774   7286.750     174883  0.000e+00
   3753.755    34.9208    34.9116     2.5279     2.5284    227.675    231.251     0.0062 1.0000e-12     0.1348  661418402   121.4465          7   3813.760   7286.792     174884  0.000e+00
   3753.702    34.9209    34.9116     2.5277     2.5283    227.988    231.282    -0.0011 1.0000e-12     0.1348  661418402   121.4472          7   3813.705   7286.833     174885  0.000e+00
   3753.655    34.9203    34.9118     2.5279     2.5283    227.617    231.440    -0.0011 1.0000e-12     0.1348  661418402   121.4479          7   3813.656   7286.875     174886  0.000e+00
   3753.655    34.9205    34.9114     2.5278     2.5286    227.463    231.465    -0.0011 1.0000e-12     0.1348  661418402   121.4486          7   3813.656   7286.917     174887  0.000e+00
   3753.547    34.9211    34.9119     2.5277     2.5283    227.393    231.485    -0.0011 1.0000e-12     0.1348  661418402   121.4493          7   3813.546   7286.958     174888  0.000e+00
   3753.547    34.9208    34.9114     2.5276     2.5283    227.714    231.502    -0.0011 1.0000e-12     0.1348  661418402   121.4500          7   3813.546   7287.000     174889  0.000e+00
   3753.493    34.9204    34.9113     2.5278     2.5284    227.732    231.510    -0.0011 1.0000e-12     0.1348  661418402   121.4507          7   3813.491   7287.042     174890  0.000e+00
   3753.493    34.9210    34.9117     2.5278     2.5286    227.665    231.513    -0.0011 1.0000e-12     0.1348  661418402   121.4514          7   3813.491   7287.083     174891  0.000e+00
   3753.386    34.9209    34.9118     2.5276     2.5288    227.593    231.509    -0.0011 1.0000e-12     0.1348  661418402   121.4521          7   3813.381   7287.125     174892  0.000e+00
   3753.352    34.9209    34.9112     2.5277     2.5286    227.606    231.054    -0.0011 1.0000e-12     0.1348  661418402   121.4528          7   3813.346   7287.167     174893  0.000e+00
   3753.386    34.9206    34.9115     2.5278     2.5286    227.237    231.372    -0.0011 1.0000e-12     0.1348  661418402   121.4535          7   3813.381   7287.208     174894  0.000e+00
   3753.285    34.9205    34.9118     2.5278     2.5285    227.551    230.907    -0.0011 1.0000e-12     0.1348  661418402   121.4542          7   3813.277   7287.250     174895  0.000e+00
   3753.285    34.9205    34.9116     2.5278     2.5286    227.185    230.768    -0.0011 1.0000e-12     0.1348  661418402   121.4549          7   3813.278   7287.292     174896  0.000e+00
   3753.231    34.9213    34.9119     2.5277     2.5281    227.120    230.631    -0.0011 1.0000e-12     0.1348  661418402   121.4556          7   3813.222   7287.333     174897  0.000e+00
   3753.177    34.9210    34.9113     2.5278     2.5284    227.825    230.489    -0.0011 1.0000e-12     0.1348  661418402   121.4563          7   3813.167   7287.375     174898  0.000e+00
   3753.177    34.9208    34.9120     2.5279     2.5280    227.930    230.352     0.0062 1.0000e-12     0.1348  661418402   121.4569          7   3813.167   7287.417     174899  0.000e+00
   3753.070    34.9211    34.9122     2.5277     2.5281    227.646    230.209    -0.0011 1.0000e-12     0.1348  661418402   121.4576          7   3813.057   7287.458     174900  0.000e+00
   3753.070    34.9203    34.9118     2.5279     2.5283    227.663    230.203     0.0062 1.0000e-12     0.1324  661418402   121.4583          7   3813.057   7287.500     174901  0.000e+00
   3753.016    34.9206    34.9118     2.5277     2.5283    227.297    230.201     0.0062 1.0000e-12     0.1299  661418402   121.4590          7   3813.002   7287.542     174902  0.000e+00
   3753.036    34.9200    34.9119     2.5278     2.5284    227.234    230.206     0.0062 1.0000e-12     0.1299  661418402   121.4597          7   3813.023   7287.583     174903  0.000e+00
   3752.915    34.9207    34.9118     2.5276     2.5284    227.555    230.213     0.0062 1.0000e-12     0.1299  661418402   121.4604          7   3812.898   7287.625     174904  0.000e+00
