data/UWS/CTD_bulk_raw/SO279/SO279_CTD_processed/SO279_22-1_CTD-02_processed.ros
* Sea-Bird SBE 9 Data File:
* FileName = D:\CTDData\SO279\SO279_22-1_CTD-01.hex
* Software Version Seasave V 7.26.1.8
* Temperature SN = 5938
* Conductivity SN = 4108
* Number of Bytes Per Scan = 41
* Number of Voltage Words = 4
* Number of Scans Averaged by the Deck Unit = 1
* NMEA Latitude = 31 16.05 N
* NMEA Longitude = 024 48.73 W
* NMEA UTC (Time) = Dec 14 2020  00:25:11
* NMEA baud rate = 4800
# nquan = 17
# nvalues = 1450                                  
# units = specified
# name 0 = depSM: Depth [salt water, m]
# name 1 = sal00: Salinity, Practical [PSU]
# name 2 = sal11: Salinity, Practical, 2 [PSU]
# name 3 = t090C: Temperature [ITS-90, deg C]
# name 4 = t190C: Temperature, 2 [ITS-90, deg C]
# name 5 = sbeox0Mm/L: Oxygen, SBE 43 [umol/l]
# name 6 = sbeox1Mm/L: Oxygen, SBE 43, 2 [umol/l]
# name 7 = flECO-AFL: Fluorescence, WET Labs ECO-AFL/FL [mg/m^3]
# name 8 = par: PAR/Irradiance, Biospherical/Licor
# name 9 = turbWETntu0: Turbidity, WET Labs ECO [NTU]
# name 10 = timeQ: Time, NMEA [seconds]
# name 11 = timeM: Time, Elapsed [minutes]
# name 12 = nbf: Bottles Fired
# name 13 = prDM: Pressure, Digiquartz [db]
# name 14 = timeS: Time, Elapsed [seconds]
# name 15 = scan: Scan Count
# name 16 = flag:  0.000e+00
# interval = seconds: 0.0416667
# start_time = Dec 14 2020 00:25:12 [NMEA time, first data scan]
# bad_flag = -9.990e-29
*END*
[from data line 1192]
     48.390    36.9333    36.9226    20.6964    20.6961    203.051    209.245     0.1088 1.0000e-12     0.1422  661234900   236.4778         20     48.732  14188.667     340529  0.000e+00
     48.345    36.9333    36.9227    20.6960    20.6961    203.046    209.216     0.1088 1.0000e-12     0.1422  661234900   236.4785         21     48.687  14188.708     340530  0.000e+00
     48.339    36.9332    36.9230    20.6961    20.6961    202.919    209.199     0.1088 1.0000e-12     0.1422  661234901   236.4792         21     48.681  14188.750     340531  0.000e+00
     48.205    36.9335    36.9226    20.6960    20.6961    203.028    209.179     0.1088 1.0000e-12     0.1422  661234901   236.4799         21     48.546  14188.792     340532  0.000e+00
     48.205    36.9333    36.9226    20.6961    20.6961    203.026    209.161     0.1088 1.0000e-12     0.1422  661234901   236.4806         21     48.546  14188.833     340533  0.000e+00
     48.103    36.9333    36.9229    20.6960    20.6958    203.021    209.140     0.1088 1.0000e-12     0.1422  661234901   236.4812         21     48.444  14188.875     340534  0.000e+00
     48.250    36.9333    36.9228    20.6960    20.6957    203.024    209.126     0.1088 1.0000e-12     0.1422  661234901   236.4819         21     48.591  14188.917     340535  0.000e+00
     48.065    36.9335    36.9227    20.6959    20.6958    202.896    209.102     0.1088 1.0000e-12     0.1422  661234901   236.4826         21     48.405  14188.958     340536  0.000e+00
     48.110    36.9335    36.9226    20.6959    20.6958    202.883    209.084     0.1088 1.0000e-12     0.1422  661234901   236.4833         21     48.450  14189.000     340537  0.000e+00
     48.059    36.9335    36.9224    20.6961    20.6961    202.875    208.926     0.1088 1.0000e-12     0.1422  661234901   236.4840         21     48.399  14189.042     340538  0.000e+00
     47.970    36.9337    36.9229    20.6960    20.6958    202.860    209.030     0.1088 1.0000e-12     0.1422  661234901   236.4847         21     48.309  14189.083     340539  0.000e+00
     47.970    36.9334    36.9224    20.6961    20.6962    202.855    209.009     0.1088 1.0000e-12     0.1446  661234901   236.4854         21     48.309  14189.125     340540  0.000e+00
     47.963    36.9332    36.9230    20.6962    20.6961    202.844    208.998     0.1161 1.0000e-12     0.1470  661234901   236.4861         21     48.302  14189.167     340541  0.000e+00
     47.925    36.9333    36.9229    20.6961    20.6961    202.833    208.987     0.1161 1.0000e-12     0.1470  661234901   236.4868         21     48.264  14189.208     340542  0.000e+00
     47.874    36.9333    36.9228    20.6962    20.6961    202.821    208.976     0.1161 1.0000e-12     0.1470  661234901   236.4875         21     48.213  14189.250     340543  0.000e+00
     47.829    36.9331    36.9223    20.6960    20.6964    202.812    208.965     0.1161 1.0000e-12     0.1470  661234901   236.4882         21     48.168  14189.292     340544  0.000e+00
     47.823    36.9331    36.9225    20.6963    20.6964    202.809    208.954     0.1161 1.0000e-12     0.1470  661234901   236.4889         21     48.161  14189.333     340545  0.000e+00
     47.785    36.9330    36.9227    20.6962    20.6962    202.807    208.943     0.1161 1.0000e-12     0.1470  661234901   236.4896         21     48.123  14189.375     340546  0.000e+00
     47.785    36.9333    36.9225    20.6961    20.6962    202.807    208.934     0.1161 1.0000e-12     0.1470  661234901   236.4903         21     48.123  14189.417     340547  0.000e+00
     47.728    36.9332    36.9228    20.6960    20.6964    202.807    208.921     0.1161 1.0000e-12     0.1470  661234901   236.4910         21     48.065  14189.458     340548  0.000e+00
     47.689    36.9336    36.9226    20.6961    20.6962    202.800    208.911     0.1161 1.0000e-12     0.1470  661234901   236.4917         21     48.027  14189.500     340549  0.000e+00
     47.645    36.9332    36.9227    20.6962    20.6962    202.801    209.036     0.1161 1.0000e-12     0.1470  661234901   236.4924         21     47.982  14189.542     340550  0.000e+00
     47.543    36.9333    36.9227    20.6961    20.6964    202.802    208.908     0.1161 1.0000e-12     0.1470  661234901   236.4931         21     47.879  14189.583     340551  0.000e+00
     47.689    36.9331    36.9227    20.6962    20.6964    202.802    209.048     0.1161 1.0000e-12     0.1470  661234901   236.4938         21     48.026  14189.625     340552  0.000e+00
     47.645    36.9335    36.9229    20.6959    20.6964    202.922    208.922     0.1161 1.0000e-12     0.1470  661234901   236.4944         21     47.982  14189.667     340553  0.000e+00
     47.549    36.9331    36.9229    20.6960    20.6962    202.924    208.921     0.1161 1.0000e-12     0.1470  661234902   236.4951         21     47.885  14189.708     340554  0.000e+00
     47.543    36.9332    36.9227    20.6962    20.6964    202.805    208.912     0.1161 1.0000e-12     0.1470  661234902   236.4958         21     47.879  14189.750     340555  0.000e+00
     47.505    36.9333    36.9227    20.6960    20.6961    202.926    208.913     0.1161 1.0000e-12     0.1470  661234902   236.4965         21     47.841  14189.792     340556  0.000e+00
     47.505    36.9332    36.9228    20.6960    20.6962    202.932    208.915     0.1161 1.0000e-12     0.1470  661234902   236.4972         21     47.840  14189.833     340557  0.000e+00
     47.447    36.9334    36.9229    20.6961    20.6962    202.943    209.052     0.1161 1.0000e-12     0.1470  661234902   236.4979         21     47.783  14189.875     340558  0.000e+00
     47.454    36.9330    36.9226    20.6960    20.6962    203.079    209.065     0.1161 1.0000e-12     0.1470  661234902   236.4986         21     47.789  14189.917     340559  0.000e+00
     47.409    36.9333    36.9229    20.6959    20.6961    203.099    209.077     0.1161 1.0000e-12     0.1470  661234902   236.4993         21     47.744  14189.958     340560  0.000e+00
     47.403    36.9331    36.9229    20.6960    20.6962    203.120    209.089     0.1161 1.0000e-12     0.1470  661234902   236.5000         21     47.738  14190.000     340561  0.000e+00
     47.409    36.9335    36.9225    20.6959    20.6961    203.141    209.103     0.1161 1.0000e-12     0.1470  661234902   236.5007         21     47.744  14190.042     340562  0.000e+00
     47.313    36.9332    36.9226    20.6960    20.6961    203.160    209.114     0.1161 1.0000e-12     0.1470  661234902   236.5014         21     47.648  14190.083     340563  0.000e+00
     47.364    36.9333    36.9224    20.6959    20.6961    203.176    209.128     0.1161 1.0000e-12     0.1470  661234902   236.5021         21     47.699  14190.125     340564  0.000e+00
     47.352    36.9333    36.9223    20.6960    20.6961    203.313    209.152     0.1088 1.0000e-12     0.1470  661234902   236.5028         21     47.686  14190.167     340565  0.000e+00
     47.269    36.9330    36.9227    20.6957    20.6957    203.333    209.164     0.1015 1.0000e-12     0.1446  661234902   236.5035         21     47.603  14190.208     340566  0.000e+00
     47.313    36.9329    36.9226    20.6959    20.6958    203.355    209.178     0.0941 1.0000e-12     0.1446  661234902   236.5042         21     47.648  14190.250     340567  0.000e+00
     47.262    36.9334    36.9227    20.6955    20.6957    203.375    209.190     0.0941 1.0000e-12     0.1446  661234902   236.5049         21     47.597  14190.292     340568  0.000e+00
     47.224    36.9329    36.9227    20.6957    20.6957    203.516    209.203     0.0941 1.0000e-12     0.1446  661234902   236.5056         21     47.558  14190.333     340569  0.000e+00
     47.269    36.9332    36.9226    20.6956    20.6958    203.537    209.217     0.1015 1.0000e-12     0.1446  661234902   236.5062         21     47.603  14190.375     340570  0.000e+00
     47.211    36.9329    36.9224    20.6955    20.6958    203.432    209.229     0.1015 1.0000e-12     0.1446  661234902   236.5069         21     47.545  14190.417     340571  0.000e+00
     47.224    36.9330    36.9223    20.6955    20.6961    203.574    209.242     0.0941 1.0000e-12     0.1446  661234902   236.5076         21     47.558  14190.458     340572  0.000e+00
     47.173    36.9326    36.9221    20.6955    20.6961    203.597    209.254     0.1015 1.0000e-12     0.1446  661234902   236.5083         21     47.507  14190.500     340573  0.000e+00
     47.167    36.9330    36.9223    20.6955    20.6958    203.621    209.257     0.1015 1.0000e-12     0.1446  661234902   236.5090         21     47.500  14190.542     340574  0.000e+00
     47.224    36.9330    36.9226    20.6955    20.6957    203.768    209.136     0.1015 1.0000e-12     0.1446  661234902   236.5097         21     47.558  14190.583     340575  0.000e+00
     47.129    36.9328    36.9227    20.6955    20.6958    203.795    209.125     0.1015 1.0000e-12     0.1446  661234902   236.5104         21     47.462  14190.625     340576  0.000e+00
     47.071    36.9329    36.9228    20.6956    20.6958    203.815    209.116     0.1015 1.0000e-12     0.1446  661234902   236.5111         21     47.404  14190.667     340577  0.000e+00
     47.269    36.9330    36.9223    20.6955    20.6962    203.840    209.248     0.1015 1.0000e-12     0.1446  661234903   236.5118         21     47.603  14190.708     340578  0.000e+00
     47.129    36.9331    36.9223    20.6958    20.6962    203.855    209.246     0.0941 1.0000e-12     0.1446  661234903   236.5125         21     47.462  14190.750     340579  0.000e+00
     47.129    36.9332    36.9227    20.6955    20.6958    203.989    209.249     0.1015 1.0000e-12     0.1446  661234903   236.5132         21     47.462  14190.792     340580  0.000e+00
     47.122    36.9331    36.9227    20.6958    20.6961    203.889    209.249     0.1015 1.0000e-12     0.1446  661234903   236.5139         21     47.455  14190.833     340581  0.000e+00
     47.084    36.9334    36.9223    20.6959    20.6961    203.902    209.386     0.1015 1.0000e-12     0.1446  661234903   236.5146         21     47.417  14190.875     340582  0.000e+00
     47.128    36.9331    36.9228    20.6957    20.6958    204.041    209.397     0.0941 1.0000e-12     0.1446  661234903   236.5153         21     47.462  14190.917     340583  0.000e+00
     47.122    36.9331    36.9225    20.6958    20.6961    204.060    209.406     0.0941 1.0000e-12     0.1446  661234903   236.5160         21     47.455  14190.958     340584  0.000e+00
     47.084    36.9329    36.9227    20.6959    20.6958    204.070    209.414     0.1015 1.0000e-12     0.1446  661234903   236.5167         21     47.417  14191.000     340585  0.000e+00
     47.084    36.9332    36.9226    20.6956    20.6958    204.080    209.286     0.1015 1.0000e-12     0.1446  661234903   236.5174         21     47.417  14191.042     340586  0.000e+00
     47.122    36.9333    36.9222    20.6957    20.6961    204.210    209.273     0.0941 1.0000e-12     0.1446  661234903   236.5181         21     47.455  14191.083     340587  0.000e+00
     47.084    36.9332    36.9224    20.6958    20.6958    204.099    209.269     0.1015 1.0000e-12     0.1446  661234903   236.5188         21     47.417  14191.125     340588  0.000e+00
     47.084    36.9330    36.9224    20.6957    20.6961    204.103    209.264     0.1015 1.0000e-12     0.1446  661234903   236.5194         21     47.417  14191.167     340589  0.000e+00
     47.071    36.9331    36.9222    20.6959    20.6961    204.227    209.395     0.1015 1.0000e-12     0.1446  661234903   236.5201         21     47.404  14191.208     340590  0.000e+00
     47.084    36.9332    36.9227    20.6958    20.6957    204.112    209.400     0.1015 1.0000e-12     0.1422  661234903   236.5208         21     47.416  14191.250     340591  0.000e+00
     47.084    36.9331    36.9224    20.6957    20.6958    204.111    209.404     0.1088 1.0000e-12     0.1422  661234903   236.5215         21     47.416  14191.292     340592  0.000e+00
     47.122    36.9331    36.9228    20.6958    20.6955    204.109    209.408     0.1088 1.0000e-12     0.1422  661234903   236.5222         21     47.455  14191.333     340593  0.000e+00
     47.083    36.9334    36.9228    20.6955    20.6957    204.103    209.409     0.1088 1.0000e-12     0.1422  661234903   236.5229         21     47.416  14191.375     340594  0.000e+00
     47.083    36.9335    36.9228    20.6955    20.6958    204.097    209.410     0.1088 1.0000e-12     0.1422  661234903   236.5236         21     47.416  14191.417     340595  0.000e+00
     47.083    36.9331    36.9226    20.6955    20.6957    204.089    209.411     0.1088 1.0000e-12     0.1422  661234903   236.5243         21     47.416  14191.458     340596  0.000e+00
     47.121    36.9334    36.9230    20.6955    20.6957    204.080    209.411     0.1161 1.0000e-12     0.1422  661234903   236.5250         21     47.455  14191.500     340597  0.000e+00
     47.083    36.9331    36.9233    20.6955    20.6955    204.190    209.409     0.1088 1.0000e-12     0.1422  661234903   236.5257         21     47.416  14191.542     340598  0.000e+00
     47.128    36.9330    36.9228    20.6954    20.6957    204.062    209.419     0.1088 1.0000e-12     0.1422  661234903   236.5264         21     47.461  14191.583     340599  0.000e+00
     47.121    36.9332    36.9226    20.6956    20.6958    204.168    209.415     0.1088 1.0000e-12     0.1422  661234903   236.5271         21     47.455  14191.625     340600  0.000e+00
     47.083    36.9336    36.9228    20.6954    20.6957    204.157    209.422     0.1088 1.0000e-12     0.1422  661234903   236.5278         21     47.416  14191.667     340601  0.000e+00
     47.172    36.9331    36.9226    20.6956    20.6958    204.154    209.420     0.1088 1.0000e-12     0.1422  661234904   236.5285         21     47.506  14191.708     340602  0.000e+00
     24.335    36.9330    36.9227    20.6886    20.6908    202.870    208.839     0.0868 1.0000e-12     0.1422  661234951   237.3125         22     24.506  14238.750     341731  0.000e+00
     24.291    36.9332    36.9225    20.6890    20.6908    202.860    208.834     0.0868 1.0000e-12     0.1422  661234951   237.3132         22     24.461  14238.792     341732  0.000e+00
     24.195    36.9328    36.9231    20.6893    20.6906    202.852    208.828     0.0868 1.0000e-12     0.1422  661234951   237.3139         22     24.365  14238.833     341733  0.000e+00
     24.240    36.9332    36.9233    20.6891    20.6906    202.850    208.691     0.0941 1.0000e-12     0.1422  661234951   237.3146         22     24.410  14238.875     341734  0.000e+00
     24.151    36.9329    36.9229    20.6892    20.6904    202.717    208.678     0.0868 1.0000e-12     0.1422  661234951   237.3153         22     24.320  14238.917     341735  0.000e+00
     24.100    36.9325    36.9224    20.6896    20.6903    202.708    208.667     0.0868 1.0000e-12     0.1422  661234951   237.3160         22     24.269  14238.958     341736  0.000e+00
     24.055    36.9330    36.9229    20.6897    20.6892    202.701    208.659     0.0868 1.0000e-12     0.1422  661234951   237.3167         22     24.224  14239.000     341737  0.000e+00
     23.960    36.9331    36.9222    20.6898    20.6890    202.695    208.648     0.0868 1.0000e-12     0.1422  661234951   237.3174         22     24.128  14239.042     341738  0.000e+00
     23.941    36.9328    36.9227    20.6899    20.6885    202.694    208.640     0.0868 1.0000e-12     0.1422  661234951   237.3181         22     24.109  14239.083     341739  0.000e+00
     23.915    36.9329    36.9227    20.6900    20.6883    202.816    208.632     0.0795 1.0000e-12     0.1446  661234951   237.3187         22     24.083  14239.125     341740  0.000e+00
