data/UWS/CTD_bulk_raw/SO279/SO279_CTD_processed/SO279_69-1_CTD-05_processed_DepthAVG.cnv
* Sea-Bird SBE 9 Data File:
* FileName = D:\CTDData\SO279\SO279_69-1_CTD-05.hex
* Software Version Seasave V 7.26.1.8
* Temperature SN = 5938
* Conductivity SN = 4108
* Number of Bytes Per Scan = 41
* Number of Voltage Words = 4
* Number of Scans Averaged by the Deck Unit = 1
* NMEA Latitude = 33 17.59 N
* NMEA Longitude = 034 29.50 W
* NMEA UTC (Time) = Dec 20 2020  06:37:33
* NMEA baud rate = 4800
# nquan = 16
# nvalues = 710                         
# units = specified
# name 0 = depSM: Depth [salt water, m]
# name 1 = sal00: Salinity, Practical [PSU]
# name 2 = sal11: Salinity, Practical, 2 [PSU]
# name 3 = t090C: Temperature [ITS-90, deg C]
# name 4 = t190C: Temperature, 2 [ITS-90, deg C]
# name 5 = sbeox0Mm/L: Oxygen, SBE 43 [umol/l]
# name 6 = sbeox1Mm/L: Oxygen, SBE 43, 2 [umol/l]
# name 7 = flECO-AFL: Fluorescence, WET Labs ECO-AFL/FL [mg/m^3]
# name 8 = par: PAR/Irradiance, Biospherical/Licor
# name 9 = turbWETntu0: Turbidity, WET Labs ECO [NTU]
# name 10 = timeQ: Time, NMEA [seconds]
# name 11 = timeM: Time, Elapsed [minutes]
# name 12 = nbf: Bottles Fired
# name 13 = prDM: Pressure, Digiquartz [db]
# name 14 = timeS: Time, Elapsed [seconds]
# name 15 = flag: flag
# span 0 =     10.000,   3555.000       
# span 1 =    34.9375,    37.0548       
# span 2 =    34.9236,    37.2139       
# span 3 =     2.6741,    21.9689       
# span 4 =     2.6751,    21.9694       
# span 5 =     98.832,    237.454       
# span 6 =     83.185,    243.748       
# span 7 =    -0.1061,     0.1370       
# span 8 = -2.246e-05, 1.7814e-03       
# span 9 =     0.1157,     0.1390       
# span 10 =  661761353,  661766945      
# span 11 =    -1.6850,    91.5145      
# span 12 =          0,          0      
# span 13 =     10.072,   3610.878      
# span 14 =   -101.099,   5490.869      
# span 15 = 0.0000e+00, 0.0000e+00      
# interval = meters: 5                  
# start_time = Dec 20 2020 06:37:34 [NMEA time, first data scan]
# bad_flag = -9.990e-29
*END*
[from data line 181]
    915.000    35.4375    35.4251     8.6749     8.6696    191.223    174.311    -0.0014 1.0000e-12     0.1265  661762985    25.5163          0    923.570   1530.975 0.0000e+00
    920.000    35.4244    35.4130     8.5494     8.5511    190.716    174.206     0.0009 1.0000e-12     0.1261  661762992    25.6369          0    928.629   1538.215 0.0000e+00
    925.000    35.4215    35.4093     8.5195     8.5184    192.058    174.163    -0.0023 1.0000e-12     0.1266  661762999    25.7555          0    933.687   1545.333 0.0000e+00
    930.000    35.4207    35.4090     8.4565     8.4584    190.633    174.167    -0.0019 1.0000e-12     0.1266  661763006    25.8704          0    938.745   1552.224 0.0000e+00
    935.000    35.4202    35.4083     8.4525     8.4537    192.235    174.752    -0.0034 1.0000e-12     0.1274  661763013    25.9857          0    943.803   1559.141 0.0000e+00
    940.000    35.4212    35.4095     8.3930     8.3952    191.970    174.874     0.0003 1.0000e-12     0.1274  661763021    26.1178          0    948.862   1567.067 0.0000e+00
    945.000    35.4211    35.4096     8.3530     8.3531    192.785    175.875    -0.0032 1.0000e-12     0.1275  661763027    26.2270          0    953.921   1573.620 0.0000e+00
    950.000    35.4213    35.4096     8.2942     8.2963    193.504    176.946    -0.0027 1.0000e-12     0.1262  661763035    26.3533          0    958.979   1581.198 0.0000e+00
    955.000    35.4230    35.4113     8.2285     8.2305    194.864    178.124    -0.0014 1.0000e-12     0.1266  661763042    26.4688          0    964.038   1588.129 0.0000e+00
    960.000    35.4237    35.4120     8.2100     8.2149    195.673    178.650    -0.0023 1.0000e-12     0.1267  661763049    26.5922          0    969.097   1595.532 0.0000e+00
    965.000    35.4306    35.4189     8.2152     8.2169    194.629    178.480    -0.0012 1.0000e-12     0.1277  661763057    26.7167          0    974.156   1603.002 0.0000e+00
    970.000    35.4300    35.4183     8.2083     8.2095    195.340    178.584    -0.0023 1.0000e-12     0.1265  661763064    26.8285          0    979.216   1609.709 0.0000e+00
    975.000    35.4288    35.4172     8.1910     8.1931    194.545    178.564    -0.0002 1.0000e-12     0.1253  661763071    26.9457          0    984.275   1616.741 0.0000e+00
    980.000    35.4337    35.4214     8.1859     8.1877    194.328    178.804    -0.0005 1.0000e-12     0.1271  661763078    27.0708          0    989.335   1624.248 0.0000e+00
    985.000    35.4426    35.4308     8.1981     8.2001    192.561    178.700    -0.0001 1.0000e-12     0.1268  661763085    27.1855          0    994.394   1631.129 0.0000e+00
    990.000    35.4491    35.4374     8.2062     8.2082    192.220    178.429    -0.0016 1.0000e-12     0.1272  661763093    27.3177          0    999.454   1639.061 0.0000e+00
    995.000    35.4500    35.4382     8.1984     8.1996    191.963    178.575    -0.0014 1.0000e-12     0.1281  661763100    27.4365          0   1004.514   1646.187 0.0000e+00
   1000.000    35.4476    35.4359     8.1381     8.1389    191.485    178.789    -0.0013 1.0000e-12     0.1280  661763106    27.5382          0   1009.574   1652.293 0.0000e+00
   1005.000    35.4469    35.4350     8.1209     8.1229    193.131    180.202    -0.0018 1.0000e-12     0.1277  661763114    27.6761          0   1014.634   1660.567 0.0000e+00
   1010.000    35.4470    35.4349     8.1160     8.1179    191.765    180.185    -0.0005 1.0000e-12     0.1274  661763120    27.7756          0   1019.694   1666.535 0.0000e+00
   1015.000    35.4478    35.4357     8.1191     8.1210    191.953    179.967    -0.0021 1.0000e-12     0.1259  661763129    27.9197          0   1024.755   1675.179 0.0000e+00
   1020.000    35.4488    35.4367     8.1118     8.1139    191.369    180.244     0.0000 1.0000e-12     0.1263  661763136    28.0310          0   1029.815   1681.862 0.0000e+00
   1025.000    35.4486    35.4365     8.1098     8.1116    190.064    180.572    -0.0012 1.0000e-12     0.1266  661763142    28.1399          0   1034.876   1688.392 0.0000e+00
   1030.000    35.4490    35.4368     8.1107     8.1125    191.162    180.306    -0.0003 1.0000e-12     0.1256  661763150    28.2754          0   1039.936   1696.525 0.0000e+00
   1035.000    35.4499    35.4378     8.1091     8.1111    189.685    180.157    -0.0000 1.0000e-12     0.1271  661763157    28.3813          0   1044.997   1702.879 0.0000e+00
   1040.000    35.4499    35.4376     8.0983     8.0999    189.402    180.645    -0.0017 1.0000e-12     0.1262  661763165    28.5157          0   1050.058   1710.941 0.0000e+00
   1045.000    35.4518    35.4396     8.0857     8.0871    188.981    180.714    -0.0012 1.0000e-12     0.1279  661763172    28.6295          0   1055.119   1717.772 0.0000e+00
   1050.000    35.4561    35.4437     8.0816     8.0836    188.651    180.881    -0.0031 1.0000e-12     0.1267  661763179    28.7502          0   1060.180   1725.015 0.0000e+00
   1055.000    35.4664    35.4537     8.0841     8.0859    188.105    181.256    -0.0013 1.0000e-12     0.1282  661763186    28.8741          0   1065.242   1732.444 0.0000e+00
   1060.000    35.4731    35.4610     8.0681     8.0697    188.279    181.937    -0.0002 1.0000e-12     0.1261  661763193    28.9885          0   1070.303   1739.309 0.0000e+00
   1065.000    35.4785    35.4659     8.0577     8.0598    188.696    183.159    -0.0014 1.0000e-12     0.1271  661763201    29.1181          0   1075.365   1747.084 0.0000e+00
   1070.000    35.4820    35.4692     8.0241     8.0278    189.225    183.885    -0.0036 1.0000e-12     0.1280  661763208    29.2285          0   1080.426   1753.708 0.0000e+00
   1075.000    35.4806    35.4681     7.9985     7.9998    189.965    184.910    -0.0023 1.0000e-12     0.1282  661763215    29.3607          0   1085.488   1761.640 0.0000e+00
   1080.000    35.4776    35.4651     7.9422     7.9443    190.048    186.374    -0.0014 1.0000e-12     0.1263  661763222    29.4725          0   1090.550   1768.350 0.0000e+00
   1085.000    35.4765    35.4637     7.9304     7.9321    191.118    187.202     0.0005 1.0000e-12     0.1279  661763230    29.6014          0   1095.612   1776.083 0.0000e+00
   1090.000    35.4758    35.4631     7.9220     7.9239    189.980    187.384     0.0001 1.0000e-12     0.1278  661763237    29.7189          0   1100.674   1783.133 0.0000e+00
   1095.000    35.4753    35.4624     7.9117     7.9142    190.195    187.593    -0.0003 1.0000e-12     0.1275  661763244    29.8431          0   1105.737   1790.587 0.0000e+00
   1100.000    35.4750    35.4625     7.8591     7.8609    188.812    187.695     0.0020 1.0000e-12     0.1286  661763251    29.9607          0   1110.799   1797.640 0.0000e+00
   1105.000    35.4745    35.4613     7.8053     7.8072    191.354    189.357    -0.0010 1.0000e-12     0.1282  661763259    30.0856          0   1115.862   1805.135 0.0000e+00
   1110.000    35.4733    35.4605     7.7793     7.7811    188.855    189.317     0.0011 1.0000e-12     0.1271  661763266    30.2033          0   1120.924   1812.199 0.0000e+00
   1115.000    35.4725    35.4596     7.7809     7.7827    190.969    189.891     0.0009 1.0000e-12     0.1275  661763273    30.3266          0   1125.987   1819.597 0.0000e+00
   1120.000    35.4703    35.4577     7.7209     7.7225    188.888    190.324     0.0009 1.0000e-12     0.1291  661763280    30.4327          0   1131.050   1825.963 0.0000e+00
   1125.000    35.4685    35.4555     7.6809     7.6816    191.595    191.225     0.0003 1.0000e-12     0.1283  661763288    30.5706          0   1136.113   1834.237 0.0000e+00
   1130.000    35.4645    35.4524     7.5981     7.6009    192.365    192.680     0.0001 1.0000e-12     0.1280  661763294    30.6773          0   1141.176   1840.638 0.0000e+00
   1135.000    35.4583    35.4452     7.5186     7.5195    194.893    193.587     0.0008 1.0000e-12     0.1268  661763303    30.8192          0   1146.239   1849.153 0.0000e+00
   1140.000    35.4559    35.4430     7.4933     7.4950    194.167    194.296    -0.0013 1.0000e-12     0.1287  661763309    30.9261          0   1151.303   1855.564 0.0000e+00
   1145.000    35.4547    35.4417     7.4847     7.4866    194.466    194.423    -0.0013 1.0000e-12     0.1271  661763317    31.0577          0   1156.366   1863.464 0.0000e+00
   1150.000    35.4536    35.4409     7.4751     7.4740    193.374    194.375    -0.0006 1.0000e-12     0.1278  661763324    31.1656          0   1161.430   1869.935 0.0000e+00
   1155.000    35.4502    35.4373     7.4347     7.4375    193.633    194.903     0.0016 1.0000e-12     0.1272  661763332    31.2974          0   1166.494   1877.847 0.0000e+00
   1160.000    35.4483    35.4356     7.4178     7.4190    193.562    195.482    -0.0006 1.0000e-12     0.1289  661763339    31.4186          0   1171.557   1885.114 0.0000e+00
   1165.000    35.4474    35.4345     7.4094     7.4105    193.660    195.517    -0.0002 1.0000e-12     0.1269  661763346    31.5431          0   1176.621   1892.585 0.0000e+00
   1170.000    35.4426    35.4297     7.3417     7.3434    193.237    195.617    -0.0012 1.0000e-12     0.1276  661763353    31.6554          0   1181.685   1899.323 0.0000e+00
   1175.000    35.4382    35.4253     7.3083     7.3074    195.706    197.002     0.0016 1.0000e-12     0.1270  661763361    31.7937          0   1186.750   1907.620 0.0000e+00
   1180.000    35.4365    35.4237     7.2915     7.2933    194.485    197.096    -0.0025 1.0000e-12     0.1281  661763368    31.9068          0   1191.814   1914.410 0.0000e+00
   1185.000    35.4353    35.4225     7.2836     7.2860    194.672    197.334     0.0032 1.0000e-12     0.1275  661763376    32.0407          0   1196.879   1922.444 0.0000e+00
   1190.000    35.4350    35.4222     7.2821     7.2839    194.093    197.309    -0.0008 1.0000e-12     0.1289  661763384    32.1627          0   1201.943   1929.761 0.0000e+00
   1195.000    35.4343    35.4216     7.2768     7.2787    193.897    197.210     0.0015 1.0000e-12     0.1274  661763391    32.2880          0   1207.008   1937.282 0.0000e+00
   1200.000    35.4320    35.4193     7.2522     7.2532    194.169    197.447    -0.0011 1.0000e-12     0.1282  661763399    32.4125          0   1212.073   1944.751 0.0000e+00
   1205.000    35.4262    35.4136     7.1896     7.1924    194.655    197.897    -0.0013 1.0000e-12     0.1270  661763406    32.5306          0   1217.138   1951.838 0.0000e+00
   1210.000    35.4155    35.4029     7.0800     7.0848    196.782    199.632    -0.0030 1.0000e-12     0.1278  661763414    32.6745          0   1222.203   1960.472 0.0000e+00
   1215.000    35.4145    35.4016     7.0775     7.0803    196.810    199.823    -0.0020 1.0000e-12     0.1271  661763421    32.7788          0   1227.268   1966.729 0.0000e+00
   1220.000    35.4113    35.3987     7.0475     7.0490    196.072    200.290     0.0022 1.0000e-12     0.1299  661763429    32.9170          0   1232.333   1975.022 0.0000e+00
   1225.000    35.4081    35.3955     7.0167     7.0225    197.474    200.648     0.0002 1.0000e-12     0.1275  661763436    33.0342          0   1237.399   1982.053 0.0000e+00
   1230.000    35.4062    35.3934     7.0005     7.0023    195.797    200.793     0.0015 1.0000e-12     0.1307  661763443    33.1534          0   1242.464   1989.207 0.0000e+00
   1235.000    35.4051    35.3921     6.9948     6.9960    197.506    201.051     0.0001 1.0000e-12     0.1270  661763450    33.2753          0   1247.530   1996.515 0.0000e+00
   1240.000    35.3995    35.3869     6.9376     6.9382    197.267    201.665     0.0005 1.0000e-12     0.1267  661763458    33.4003          0   1252.596   2004.020 0.0000e+00
   1245.000    35.3934    35.3804     6.8784     6.8791    198.961    202.720     0.0002 1.0000e-12     0.1274  661763465    33.5268          0   1257.662   2011.605 0.0000e+00
   1250.000    35.3911    35.3783     6.8625     6.8642    198.299    202.620     0.0005 1.0000e-12     0.1270  661763473    33.6487          0   1262.728   2018.921 0.0000e+00
   1255.000    35.3888    35.3762     6.8426     6.8461    199.369    203.309     0.0010 1.0000e-12     0.1280  661763480    33.7735          0   1267.794   2026.408 0.0000e+00
   1260.000    35.3859    35.3733     6.8179     6.8194    198.777    203.516     0.0004 1.0000e-12     0.1281  661763487    33.8917          0   1272.860   2033.504 0.0000e+00
   1265.000    35.3814    35.3681     6.7730     6.7700    200.135    204.699    -0.0004 1.0000e-12     0.1280  661763495    34.0211          0   1277.926   2041.267 0.0000e+00
   1270.000    35.3766    35.3638     6.7310     6.7322    200.068    205.176    -0.0006 1.0000e-12     0.1286  661763503    34.1456          0   1282.993   2048.739 0.0000e+00
   1275.000    35.3736    35.3608     6.7092     6.7104    200.998    205.428     0.0009 1.0000e-12     0.1274  661763510    34.2650          0   1288.060   2055.899 0.0000e+00
   1280.000    35.3708    35.3582     6.6862     6.6880    200.679    205.786    -0.0014 1.0000e-12     0.1262  661763518    34.4078          0   1293.126   2064.470 0.0000e+00
   1285.000    35.3621    35.3494     6.6266     6.6282    202.023    206.509     0.0025 1.0000e-12     0.1273  661763525    34.5156          0   1298.193   2070.937 0.0000e+00
   1290.000    35.3521    35.3388     6.5576     6.5561    201.612    206.673     0.0011 1.0000e-12     0.1295  661763532    34.6372          0   1303.260   2078.230 0.0000e+00
   1295.000    35.3452    35.3325     6.5195     6.5216    203.015    207.863     0.0003 1.0000e-12     0.1288  661763539    34.7596          0   1308.327   2085.576 0.0000e+00
   1300.000    35.3394    35.3268     6.4781     6.4801    202.797    207.900    -0.0012 1.0000e-12     0.1299  661763547    34.8823          0   1313.395   2092.936 0.0000e+00
   1305.000    35.3364    35.3238     6.4546     6.4578    203.857    208.779    -0.0005 1.0000e-12     0.1270  661763554    35.0014          0   1318.462   2100.087 0.0000e+00
   1310.000    35.3371    35.3245     6.4523     6.4540    203.506    209.220     0.0003 1.0000e-12     0.1303  661763561    35.1197          0   1323.529   2107.182 0.0000e+00
   1315.000    35.3337    35.3210     6.4260     6.4266    203.935    209.037     0.0008 1.0000e-12     0.1328  661763569    35.2463          0   1328.597   2114.777 0.0000e+00
   1320.000    35.3292    35.3165     6.3910     6.3925    204.140    209.556     0.0033 1.0000e-12     0.1299  661763576    35.3681          0   1333.665   2122.083 0.0000e+00
   1325.000    35.3203    35.3079     6.3243     6.3272    205.429    210.694     0.0016 1.0000e-12     0.1284  661763583    35.4933          0   1338.733   2129.600 0.0000e+00
   1330.000    35.3168    35.3042     6.3016     6.3035    205.724    211.243     0.0003 1.0000e-12     0.1282  661763590    35.6098          0   1343.801   2136.589 0.0000e+00
   1335.000    35.3131    35.3004     6.2793     6.2811    206.206    211.412     0.0017 1.0000e-12     0.1288  661763598    35.7403          0   1348.869   2144.415 0.0000e+00
   1340.000    35.3121    35.2995     6.2745     6.2765    206.335    211.809     0.0041 1.0000e-12     0.1283  661763605    35.8588          0   1353.937   2151.529 0.0000e+00
   1345.000    35.3108    35.2982     6.2656     6.2675    206.198    212.011     0.0042 1.0000e-12     0.1291  661763613    35.9811          0   1359.005   2158.866 0.0000e+00
   1350.000    35.3091    35.2966     6.2515     6.2530    206.490    212.180     0.0016 1.0000e-12     0.1294  661763621    36.1112          0   1364.074   2166.675 0.0000e+00
   1355.000    35.3058    35.2931     6.2183     6.2199    206.988    212.442     0.0000 1.0000e-12     0.1277  661763628    36.2292          0   1369.142   2173.753 0.0000e+00
   1360.000    35.3029    35.2907     6.1989     6.2012    207.098    213.151     0.0019 1.0000e-12     0.1271  661763635    36.3573          0   1374.211   2181.439 0.0000e+00
