data/UWS/CTD_bulk_raw/SO279/SO279_CTD_processed/SO279_53-1_CTD-04_processed_DepthAVG.cnv
* Sea-Bird SBE 9 Data File:
* FileName = D:\CTDData\SO279\SO279_53-1_CTD-04.hex
* Software Version Seasave V 7.26.1.8
* Temperature SN = 5938
* Conductivity SN = 4108
* Number of Bytes Per Scan = 41
* Number of Voltage Words = 4
* Number of Scans Averaged by the Deck Unit = 1
* NMEA Latitude = 31 07.08 N
* NMEA Longitude = 033 48.97 W
* NMEA UTC (Time) = Dec 18 2020  11:51:30
* NMEA baud rate = 4800
# nquan = 16
# nvalues = 871                         
# units = specified
# name 0 = depSM: Depth [salt water, m]
# name 1 = sal00: Salinity, Practical [PSU]
# name 2 = sal11: Salinity, Practical, 2 [PSU]
# name 3 = t090C: Temperature [ITS-90, deg C]
# name 4 = t190C: Temperature, 2 [ITS-90, deg C]
# name 5 = sbeox0Mm/L: Oxygen, SBE 43 [umol/l]
# name 6 = sbeox1Mm/L: Oxygen, SBE 43, 2 [umol/l]
# name 7 = flECO-AFL: Fluorescence, WET Labs ECO-AFL/FL [mg/m^3]
# name 8 = par: PAR/Irradiance, Biospherical/Licor
# name 9 = turbWETntu0: Turbidity, WET Labs ECO [NTU]
# name 10 = timeQ: Time, NMEA [seconds]
# name 11 = timeM: Time, Elapsed [minutes]
# name 12 = nbf: Bottles Fired
# name 13 = prDM: Pressure, Digiquartz [db]
# name 14 = timeS: Time, Elapsed [seconds]
# name 15 = flag: flag
# span 0 =     10.000,   4360.000       
# span 1 =    31.7141,    37.6030       
# span 2 =    34.9016,    37.2049       
# span 3 =     2.4786,    21.7137       
# span 4 =     2.4796,    21.7141       
# span 5 =    116.887,    231.476       
# span 6 =    125.038,    236.555       
# span 7 =    -0.0648,     0.0837       
# span 8 = 1.0000e-12, 2.2006e-04       
# span 9 =     0.1162,     0.1372       
# span 10 =  661607430,  661614181      
# span 11 =    -1.0051,   111.5002      
# span 12 =          0,          0      
# span 13 =     10.070,   4436.015      
# span 14 =    -60.306,   6690.013      
# span 15 = 0.0000e+00, 0.0000e+00      
# interval = meters: 5                  
# start_time = Dec 18 2020 11:51:31 [NMEA time, first data scan]
# bad_flag = -9.990e-29
*END*
[from data line 272]
   1370.000    35.3686    35.3551     6.6025     6.6039    198.977    203.755     0.0062 1.0000e-12     0.1284  661609679    36.4682          0   1384.098   2188.092 0.0000e+00
   1375.000    35.3656    35.3524     6.5703     6.5738    199.263    203.780     0.0010 1.0000e-12     0.1284  661609686    36.5923          0   1389.166   2195.540 0.0000e+00
   1380.000    35.3608    35.3473     6.5256     6.5273    198.647    203.959     0.0010 1.0000e-12     0.1270  661609693    36.6994          0   1394.234   2201.962 0.0000e+00
   1385.000    35.3580    35.3451     6.5068     6.5110    199.990    204.843     0.0038 1.0000e-12     0.1285  661609701    36.8353          0   1399.302   2210.116 0.0000e+00
   1390.000    35.3538    35.3402     6.4601     6.4618    200.122    205.050     0.0045 1.0000e-12     0.1280  661609708    36.9498          0   1404.371   2216.990 0.0000e+00
   1395.000    35.3477    35.3346     6.4066     6.4100    200.896    205.465     0.0018 1.0000e-12     0.1292  661609715    37.0774          0   1409.439   2224.642 0.0000e+00
   1400.000    35.3440    35.3304     6.3809     6.3825    201.506    206.414     0.0057 1.0000e-12     0.1284  661609723    37.2150          0   1414.508   2232.899 0.0000e+00
   1405.000    35.3420    35.3284     6.3652     6.3662    201.765    206.585     0.0017 1.0000e-12     0.1275  661609730    37.3239          0   1419.577   2239.435 0.0000e+00
   1410.000    35.3404    35.3268     6.3498     6.3515    201.932    206.772     0.0047 1.0000e-12     0.1287  661609738    37.4489          0   1424.646   2246.932 0.0000e+00
   1415.000    35.3361    35.3227     6.3098     6.3123    202.224    206.940    -0.0004 1.0000e-12     0.1306  661609745    37.5722          0   1429.715   2254.335 0.0000e+00
   1420.000    35.3326    35.3190     6.2716     6.2775    203.202    207.804     0.0046 1.0000e-12     0.1285  661609753    37.7086          0   1434.784   2262.518 0.0000e+00
   1425.000    35.3297    35.3160     6.2539     6.2560    203.452    208.286     0.0018 1.0000e-12     0.1293  661609760    37.8242          0   1439.854   2269.450 0.0000e+00
   1430.000    35.3267    35.3133     6.2268     6.2278    202.609    208.479    -0.0011 1.0000e-12     0.1282  661609768    37.9622          0   1444.923   2277.734 0.0000e+00
   1435.000    35.3253    35.3115     6.2186     6.2188    203.827    208.781     0.0030 1.0000e-12     0.1297  661609775    38.0669          0   1449.993   2284.016 0.0000e+00
   1440.000    35.3204    35.3070     6.1720     6.1737    203.490    208.720     0.0039 1.0000e-12     0.1282  661609783    38.1996          0   1455.062   2291.975 0.0000e+00
   1445.000    35.3184    35.3048     6.1600     6.1617    204.773    209.653     0.0062 1.0000e-12     0.1293  661609789    38.3142          0   1460.132   2298.851 0.0000e+00
   1450.000    35.3151    35.3017     6.1309     6.1325    204.690    209.773     0.0032 1.0000e-12     0.1280  661609797    38.4387          0   1465.202   2306.324 0.0000e+00
   1455.000    35.3105    35.2971     6.0932     6.0953    205.445    210.577     0.0044 1.0000e-12     0.1285  661609805    38.5658          0   1470.272   2313.951 0.0000e+00
   1460.000    35.3085    35.2949     6.0787     6.0811    205.938    211.089     0.0030 1.0000e-12     0.1281  661609812    38.6959          0   1475.342   2321.757 0.0000e+00
   1465.000    35.3060    35.2927     6.0561     6.0578    205.338    211.006     0.0080 1.0000e-12     0.1278  661609819    38.8101          0   1480.413   2328.605 0.0000e+00
   1470.000    35.3038    35.2905     6.0394     6.0431    206.736    211.569     0.0053 1.0000e-12     0.1299  661609827    38.9410          0   1485.483   2336.457 0.0000e+00
   1475.000    35.2986    35.2853     5.9885     5.9903    206.540    211.589     0.0027 1.0000e-12     0.1319  661609834    39.0536          0   1490.554   2343.215 0.0000e+00
   1480.000    35.2962    35.2828     5.9741     5.9768    207.463    212.504     0.0025 1.0000e-12     0.1294  661609842    39.1869          0   1495.624   2351.212 0.0000e+00
   1485.000    35.2920    35.2786     5.9364     5.9381    207.777    212.558     0.0018 1.0000e-12     0.1269  661609849    39.3065          0   1500.695   2358.391 0.0000e+00
   1490.000    35.2895    35.2762     5.9185     5.9209    208.452    213.653     0.0025 1.0000e-12     0.1291  661609856    39.4294          0   1505.766   2365.764 0.0000e+00
   1495.000    35.2820    35.2685     5.8527     5.8543    209.086    214.105     0.0019 1.0000e-12     0.1281  661609864    39.5624          0   1510.837   2373.743 0.0000e+00
   1500.000    35.2803    35.2668     5.8440     5.8458    209.729    215.083     0.0010 1.0000e-12     0.1302  661609871    39.6755          0   1515.908   2380.527 0.0000e+00
   1505.000    35.2774    35.2639     5.8206     5.8220    209.912    215.379     0.0018 1.0000e-12     0.1281  661609879    39.8040          0   1520.979   2388.239 0.0000e+00
   1510.000    35.2734    35.2599     5.7864     5.7880    210.600    215.586     0.0009 1.0000e-12     0.1281  661609887    39.9374          0   1526.051   2396.242 0.0000e+00
   1515.000    35.2724    35.2589     5.7804     5.7825    210.678    215.865     0.0045 1.0000e-12     0.1284  661609893    40.0424          0   1531.122   2402.543 0.0000e+00
   1520.000    35.2710    35.2576     5.7693     5.7710    210.468    215.967     0.0010 1.0000e-12     0.1283  661609902    40.1950          0   1536.194   2411.698 0.0000e+00
   1525.000    35.2697    35.2563     5.7572     5.7588    210.770    215.829     0.0016 1.0000e-12     0.1291  661609908    40.2839          0   1541.266   2417.033 0.0000e+00
   1530.000    35.2662    35.2525     5.7266     5.7276    211.037    216.161     0.0033 1.0000e-12     0.1286  661609917    40.4365          0   1546.337   2426.189 0.0000e+00
   1535.000    35.2619    35.2485     5.6903     5.6919    211.350    216.627     0.0016 1.0000e-12     0.1288  661609923    40.5359          0   1551.409   2432.156 0.0000e+00
   1540.000    35.2597    35.2461     5.6744     5.6761    211.884    217.030     0.0013 1.0000e-12     0.1277  661609931    40.6725          0   1556.481   2440.348 0.0000e+00
   1545.000    35.2569    35.2435     5.6507     5.6523    211.894    217.087    -0.0013 1.0000e-12     0.1284  661609938    40.7884          0   1561.554   2447.302 0.0000e+00
   1550.000    35.2549    35.2413     5.6356     5.6365    212.510    217.783     0.0049 1.0000e-12     0.1295  661609946    40.9255          0   1566.626   2455.531 0.0000e+00
   1555.000    35.2533    35.2399     5.6206     5.6211    212.542    217.715     0.0042 1.0000e-12     0.1292  661609953    41.0374          0   1571.698   2462.245 0.0000e+00
   1560.000    35.2518    35.2383     5.5982     5.5998    212.503    217.761     0.0018 1.0000e-12     0.1275  661609961    41.1767          0   1576.771   2470.601 0.0000e+00
   1565.000    35.2503    35.2368     5.5841     5.5848    212.620    218.134     0.0037 1.0000e-12     0.1294  661609968    41.2947          0   1581.844   2477.682 0.0000e+00
   1570.000    35.2471    35.2334     5.5559     5.5550    213.072    218.473     0.0032 1.0000e-12     0.1293  661609976    41.4242          0   1586.917   2485.450 0.0000e+00
   1575.000    35.2435    35.2300     5.5226     5.5242    213.042    218.797     0.0063 1.0000e-12     0.1285  661609984    41.5559          0   1591.990   2493.355 0.0000e+00
   1580.000    35.2422    35.2287     5.5154     5.5175    213.744    219.257     0.0030 1.0000e-12     0.1290  661609991    41.6745          0   1597.063   2500.468 0.0000e+00
   1585.000    35.2399    35.2266     5.4943     5.4959    213.401    219.054     0.0013 1.0000e-12     0.1291  661609999    41.8082          0   1602.136   2508.495 0.0000e+00
   1590.000    35.2374    35.2237     5.4722     5.4713    214.135    219.642     0.0006 1.0000e-12     0.1291  661610005    41.9135          0   1607.209   2514.812 0.0000e+00
   1595.000    35.2350    35.2215     5.4519     5.4535    214.531    220.001     0.0018 1.0000e-12     0.1292  661610014    42.0546          0   1612.283   2523.274 0.0000e+00
   1600.000    35.2338    35.2203     5.4375     5.4391    214.694    220.027     0.0010 1.0000e-12     0.1286  661610021    42.1741          0   1617.356   2530.448 0.0000e+00
   1605.000    35.2329    35.2192     5.4302     5.4313    214.701    220.181     0.0031 1.0000e-12     0.1286  661610029    42.3107          0   1622.430   2538.641 0.0000e+00
   1610.000    35.2323    35.2188     5.4263     5.4279    214.780    220.159     0.0037 1.0000e-12     0.1307  661610036    42.4203          0   1627.503   2545.218 0.0000e+00
   1615.000    35.2322    35.2187     5.4178     5.4194    214.704    219.947     0.0009 1.0000e-12     0.1280  661610044    42.5582          0   1632.577   2553.490 0.0000e+00
   1620.000    35.2300    35.2167     5.3992     5.4010    214.721    220.200     0.0018 1.0000e-12     0.1302  661610052    42.6846          0   1637.651   2561.077 0.0000e+00
   1625.000    35.2290    35.2155     5.3914     5.3931    214.805    220.030     0.0023 1.0000e-12     0.1285  661610058    42.7962          0   1642.726   2567.775 0.0000e+00
   1630.000    35.2280    35.2143     5.3831     5.3841    214.982    220.588     0.0023 1.0000e-12     0.1281  661610068    42.9500          0   1647.800   2577.002 0.0000e+00
   1635.000    35.2256    35.2122     5.3573     5.3590    214.890    220.582     0.0037 1.0000e-12     0.1302  661610073    43.0433          0   1652.874   2582.600 0.0000e+00
   1640.000    35.2227    35.2092     5.3373     5.3405    215.479    221.001     0.0051 1.0000e-12     0.1280  661610083    43.2023          0   1657.949   2592.140 0.0000e+00
   1645.000    35.2161    35.2023     5.2875     5.2872    216.030    221.416     0.0050 1.0000e-12     0.1286  661610089    43.3006          0   1663.023   2598.033 0.0000e+00
   1650.000    35.2126    35.1988     5.2627     5.2631    216.496    222.257     0.0045 1.0000e-12     0.1287  661610097    43.4383          0   1668.098   2606.301 0.0000e+00
   1655.000    35.2113    35.1976     5.2529     5.2546    216.700    222.094    -0.0003 1.0000e-12     0.1308  661610105    43.5775          0   1673.173   2614.649 0.0000e+00
   1660.000    35.2133    35.1998     5.2634     5.2657    216.417    221.927     0.0013 1.0000e-12     0.1290  661610111    43.6795          0   1678.248   2620.768 0.0000e+00
   1665.000    35.2129    35.1993     5.2569     5.2585    216.168    221.470     0.0016 1.0000e-12     0.1276  661610121    43.8324          0   1683.323   2629.943 0.0000e+00
   1670.000    35.2098    35.1962     5.2319     5.2330    216.682    221.837     0.0032 1.0000e-12     0.1282  661610127    43.9380          0   1688.398   2636.282 0.0000e+00
   1675.000    35.2104    35.1968     5.2288     5.2300    216.848    222.347     0.0025 1.0000e-12     0.1296  661610135    44.0672          0   1693.474   2644.030 0.0000e+00
   1680.000    35.2046    35.1909     5.1806     5.1817    216.699    222.273     0.0019 1.0000e-12     0.1296  661610143    44.2024          0   1698.549   2652.145 0.0000e+00
   1685.000    35.1977    35.1839     5.1284     5.1291    217.903    223.179     0.0002 1.0000e-12     0.1287  661610149    44.3099          0   1703.625   2658.596 0.0000e+00
   1690.000    35.1980    35.1842     5.1303     5.1320    218.003    223.795     0.0044 1.0000e-12     0.1286  661610158    44.4599          0   1708.700   2667.592 0.0000e+00
   1695.000    35.1993    35.1856     5.1371     5.1390    217.759    223.237     0.0047 1.0000e-12     0.1301  661610165    44.5699          0   1713.776   2674.195 0.0000e+00
   1700.000    35.2000    35.1867     5.1342     5.1366    217.524    222.867     0.0022 1.0000e-12     0.1288  661610172    44.6933          0   1718.852   2681.599 0.0000e+00
   1705.000    35.1935    35.1797     5.0827     5.0827    217.909    223.162     0.0000 1.0000e-12     0.1296  661610180    44.8291          0   1723.928   2689.744 0.0000e+00
   1710.000    35.1886    35.1747     5.0450     5.0454    218.850    224.560     0.0026 1.0000e-12     0.1285  661610188    44.9618          0   1729.004   2697.711 0.0000e+00
   1715.000    35.1831    35.1699     5.0084     5.0132    219.432    224.819     0.0021 1.0000e-12     0.1292  661610196    45.0822          0   1734.081   2704.933 0.0000e+00
   1720.000    35.1811    35.1673     4.9868     4.9888    219.329    224.630     0.0047 1.0000e-12     0.1281  661610203    45.2001          0   1739.157   2712.005 0.0000e+00
   1725.000    35.1837    35.1700     4.9999     5.0011    219.335    224.971     0.0017 1.0000e-12     0.1301  661610210    45.3256          0   1744.234   2719.537 0.0000e+00
   1730.000    35.1801    35.1665     4.9610     4.9627    219.451    224.997    -0.0006 1.0000e-12     0.1299  661610218    45.4519          0   1749.310   2727.111 0.0000e+00
   1735.000    35.1776    35.1640     4.9463     4.9487    220.101    225.414     0.0024 1.0000e-12     0.1288  661610225    45.5806          0   1754.387   2734.837 0.0000e+00
   1740.000    35.1740    35.1600     4.9219     4.9195    220.234    225.759     0.0011 1.0000e-12     0.1299  661610233    45.7101          0   1759.464   2742.605 0.0000e+00
   1745.000    35.1671    35.1534     4.8777     4.8796    220.376    226.276     0.0033 1.0000e-12     0.1292  661610242    45.8507          0   1764.541   2751.039 0.0000e+00
   1750.000    35.1665    35.1529     4.8773     4.8788    220.858    226.394     0.0018 1.0000e-12     0.1299  661610248    45.9596          0   1769.618   2757.576 0.0000e+00
   1755.000    35.1626    35.1491     4.8481     4.8501    220.562    226.329    -0.0013 1.0000e-12     0.1283  661610257    46.1009          0   1774.695   2766.051 0.0000e+00
   1760.000    35.1622    35.1485     4.8507     4.8524    221.455    226.763     0.0019 1.0000e-12     0.1280  661610263    46.2059          0   1779.773   2772.354 0.0000e+00
   1765.000    35.1575    35.1439     4.8100     4.8110    221.356    226.666     0.0002 1.0000e-12     0.1290  661610271    46.3381          0   1784.850   2780.287 0.0000e+00
   1770.000    35.1561    35.1416     4.7858     4.7870    222.353    227.896     0.0022 1.0000e-12     0.1297  661610278    46.4553          0   1789.928   2787.317 0.0000e+00
   1775.000    35.1524    35.1386     4.7639     4.7654    222.548    228.262     0.0018 1.0000e-12     0.1307  661610286    46.5905          0   1795.006   2795.431 0.0000e+00
   1780.000    35.1517    35.1382     4.7559     4.7574    222.719    228.197     0.0013 1.0000e-12     0.1305  661610293    46.7156          0   1800.083   2802.936 0.0000e+00
   1785.000    35.1510    35.1374     4.7490     4.7517    222.670    228.292     0.0037 1.0000e-12     0.1297  661610301    46.8446          0   1805.161   2810.674 0.0000e+00
   1790.000    35.1477    35.1342     4.7150     4.7165    222.530    228.320     0.0039 1.0000e-12     0.1308  661610309    46.9659          0   1810.240   2817.956 0.0000e+00
   1795.000    35.1472    35.1335     4.7159     4.7178    222.918    228.342     0.0050 1.0000e-12     0.1291  661610316    47.0902          0   1815.318   2825.414 0.0000e+00
   1800.000    35.1464    35.1327     4.6997     4.7005    222.862    228.216     0.0057 1.0000e-12     0.1289  661610323    47.2068          0   1820.396   2832.410 0.0000e+00
   1805.000    35.1452    35.1315     4.6860     4.6871    222.923    228.605     0.0015 1.0000e-12     0.1286  661610331    47.3474          0   1825.475   2840.843 0.0000e+00
   1810.000    35.1432    35.1296     4.6714     4.6729    222.966    228.538     0.0052 1.0000e-12     0.1282  661610339    47.4726          0   1830.553   2848.357 0.0000e+00
