data/UWS/CTD_bulk_raw/SO279/SO279_CTD_processed/SO279_22-1_CTD-02_processed.ros
* Sea-Bird SBE 9 Data File:
* FileName = D:\CTDData\SO279\SO279_22-1_CTD-01.hex
* Software Version Seasave V 7.26.1.8
* Temperature SN = 5938
* Conductivity SN = 4108
* Number of Bytes Per Scan = 41
* Number of Voltage Words = 4
* Number of Scans Averaged by the Deck Unit = 1
* NMEA Latitude = 31 16.05 N
* NMEA Longitude = 024 48.73 W
* NMEA UTC (Time) = Dec 14 2020  00:25:11
* NMEA baud rate = 4800
# nquan = 17
# nvalues = 1450                                  
# units = specified
# name 0 = depSM: Depth [salt water, m]
# name 1 = sal00: Salinity, Practical [PSU]
# name 2 = sal11: Salinity, Practical, 2 [PSU]
# name 3 = t090C: Temperature [ITS-90, deg C]
# name 4 = t190C: Temperature, 2 [ITS-90, deg C]
# name 5 = sbeox0Mm/L: Oxygen, SBE 43 [umol/l]
# name 6 = sbeox1Mm/L: Oxygen, SBE 43, 2 [umol/l]
# name 7 = flECO-AFL: Fluorescence, WET Labs ECO-AFL/FL [mg/m^3]
# name 8 = par: PAR/Irradiance, Biospherical/Licor
# name 9 = turbWETntu0: Turbidity, WET Labs ECO [NTU]
# name 10 = timeQ: Time, NMEA [seconds]
# name 11 = timeM: Time, Elapsed [minutes]
# name 12 = nbf: Bottles Fired
# name 13 = prDM: Pressure, Digiquartz [db]
# name 14 = timeS: Time, Elapsed [seconds]
# name 15 = scan: Scan Count
# name 16 = flag:  0.000e+00
# interval = seconds: 0.0416667
# start_time = Dec 14 2020 00:25:12 [NMEA time, first data scan]
# bad_flag = -9.990e-29
*END*
[from data line 1362]
     21.300    36.9328    36.9226    20.6880    20.6887    203.479    209.453     0.1015 1.0000e-12     0.1446  661234955   237.3792         23     21.449  14242.750     341827  0.000e+00
     21.300    36.9330    36.9226    20.6879    20.6887    203.488    209.451     0.0941 1.0000e-12     0.1446  661234955   237.3799         23     21.449  14242.792     341828  0.000e+00
     21.300    36.9325    36.9224    20.6882    20.6885    203.373    209.449     0.0941 1.0000e-12     0.1446  661234955   237.3806         23     21.449  14242.833     341829  0.000e+00
     21.249    36.9325    36.9223    20.6883    20.6883    203.379    209.445     0.1015 1.0000e-12     0.1446  661234955   237.3812         23     21.398  14242.875     341830  0.000e+00
     21.300    36.9328    36.9223    20.6882    20.6882    203.504    209.442     0.0941 1.0000e-12     0.1446  661234955   237.3819         23     21.449  14242.917     341831  0.000e+00
     21.204    36.9327    36.9224    20.6883    20.6882    203.387    209.297     0.1015 1.0000e-12     0.1446  661234955   237.3826         23     21.353  14242.958     341832  0.000e+00
     21.249    36.9328    36.9222    20.6882    20.6880    203.390    209.271     0.1015 1.0000e-12     0.1446  661234955   237.3833         23     21.398  14243.000     341833  0.000e+00
     21.204    36.9327    36.9226    20.6883    20.6878    203.389    209.240     0.0941 1.0000e-12     0.1446  661234955   237.3840         23     21.353  14243.042     341834  0.000e+00
     21.160    36.9329    36.9225    20.6881    20.6880    203.390    209.218     0.0941 1.0000e-12     0.1446  661234955   237.3847         23     21.308  14243.083     341835  0.000e+00
     21.160    36.9327    36.9229    20.6880    20.6878    203.391    209.198     0.0941 1.0000e-12     0.1446  661234955   237.3854         23     21.308  14243.125     341836  0.000e+00
     21.185    36.9327    36.9227    20.6879    20.6878    203.393    209.312     0.0941 1.0000e-12     0.1446  661234955   237.3861         23     21.333  14243.167     341837  0.000e+00
     21.109    36.9330    36.9224    20.6877    20.6882    203.393    209.161     0.1015 1.0000e-12     0.1446  661234955   237.3868         23     21.257  14243.208     341838  0.000e+00
     21.160    36.9329    36.9226    20.6877    20.6882    203.395    209.138     0.1015 1.0000e-12     0.1446  661234955   237.3875         23     21.308  14243.250     341839  0.000e+00
     21.109    36.9331    36.9226    20.6875    20.6880    203.396    209.112     0.1015 1.0000e-12     0.1446  661234955   237.3882         23     21.257  14243.292     341840  0.000e+00
     21.109    36.9327    36.9228    20.6874    20.6880    203.276    209.097     0.0941 1.0000e-12     0.1568  661234955   237.3889         23     21.257  14243.333     341841  0.000e+00
     13.691    36.9318    36.9221    20.6865    20.6866    204.059    207.506     0.0941 1.0000e-12     0.1422  661234982   237.8389         24     13.787  14270.333     342489  0.000e+00
     13.627    36.9323    36.9225    20.6866    20.6864    203.948    207.503     0.0941 1.0000e-12     0.1422  661234982   237.8396         24     13.723  14270.375     342490  0.000e+00
     13.723    36.9321    36.9223    20.6864    20.6867    203.958    207.507     0.1015 1.0000e-12     0.1422  661234982   237.8403         24     13.819  14270.417     342491  0.000e+00
     13.723    36.9319    36.9226    20.6864    20.6866    203.964    207.513     0.1015 1.0000e-12     0.1422  661234982   237.8410         24     13.819  14270.458     342492  0.000e+00
     13.678    36.9320    36.9223    20.6865    20.6871    203.968    207.508     0.1015 1.0000e-12     0.1422  661234982   237.8417         24     13.774  14270.500     342493  0.000e+00
     13.723    36.9319    36.9220    20.6865    20.6871    204.219    207.511     0.1015 1.0000e-12     0.1422  661234982   237.8424         24     13.819  14270.542     342494  0.000e+00
     13.691    36.9319    36.9222    20.6864    20.6871    204.114    207.379     0.1015 1.0000e-12     0.1422  661234982   237.8431         24     13.787  14270.583     342495  0.000e+00
     13.767    36.9321    36.9224    20.6864    20.6869    204.127    207.525     0.0941 1.0000e-12     0.1422  661234982   237.8438         24     13.863  14270.625     342496  0.000e+00
     13.723    36.9319    36.9223    20.6863    20.6867    204.259    207.535     0.1015 1.0000e-12     0.1422  661234982   237.8444         24     13.819  14270.667     342497  0.000e+00
     13.723    36.9321    36.9226    20.6864    20.6866    204.146    207.550     0.1015 1.0000e-12     0.1422  661234982   237.8451         24     13.819  14270.708     342498  0.000e+00
     13.767    36.9324    36.9222    20.6863    20.6866    204.270    207.579     0.1015 1.0000e-12     0.1422  661234983   237.8458         24     13.863  14270.750     342499  0.000e+00
     13.767    36.9322    36.9223    20.6862    20.6866    204.278    207.599     0.0941 1.0000e-12     0.1422  661234983   237.8465         24     13.863  14270.792     342500  0.000e+00
     13.780    36.9319    36.9222    20.6864    20.6864    204.040    207.624     0.1015 1.0000e-12     0.1422  661234983   237.8472         24     13.876  14270.833     342501  0.000e+00
     13.723    36.9322    36.9224    20.6864    20.6864    204.160    207.638     0.1015 1.0000e-12     0.1422  661234983   237.8479         24     13.819  14270.875     342502  0.000e+00
     13.767    36.9321    36.9224    20.6866    20.6862    204.280    207.658     0.0941 1.0000e-12     0.1422  661234983   237.8486         24     13.863  14270.917     342503  0.000e+00
     13.818    36.9317    36.9224    20.6864    20.6862    204.165    207.681     0.0941 1.0000e-12     0.1422  661234983   237.8493         24     13.915  14270.958     342504  0.000e+00
     13.818    36.9320    36.9220    20.6864    20.6862    204.160    207.704     0.0941 1.0000e-12     0.1470  661234983   237.8500         24     13.914  14271.000     342505  0.000e+00
     13.767    36.9326    36.9221    20.6862    20.6860    204.155    207.730     0.0868 1.0000e-12     0.1470  661234983   237.8507         24     13.863  14271.042     342506  0.000e+00
     13.831    36.9319    36.9224    20.6866    20.6860    204.272    207.749     0.0941 1.0000e-12     0.1470  661234983   237.8514         24     13.927  14271.083     342507  0.000e+00
     13.767    36.9320    36.9222    20.6865    20.6860    204.149    207.767     0.0868 1.0000e-12     0.1470  661234983   237.8521         24     13.863  14271.125     342508  0.000e+00
     13.862    36.9320    36.9223    20.6866    20.6859    204.144    207.793     0.0868 1.0000e-12     0.1470  661234983   237.8528         24     13.959  14271.167     342509  0.000e+00
     13.818    36.9319    36.9223    20.6865    20.6859    204.135    207.816     0.0868 1.0000e-12     0.1470  661234983   237.8535         24     13.914  14271.208     342510  0.000e+00
     13.818    36.9321    36.9221    20.6864    20.6857    204.126    207.978     0.0868 1.0000e-12     0.1470  661234983   237.8542         24     13.914  14271.250     342511  0.000e+00
     13.818    36.9322    36.9220    20.6864    20.6860    204.116    208.016     0.0941 1.0000e-12     0.1470  661234983   237.8549         24     13.914  14271.292     342512  0.000e+00
     13.831    36.9319    36.9223    20.6864    20.6859    204.235    208.057     0.0941 1.0000e-12     0.1470  661234983   237.8556         24     13.927  14271.333     342513  0.000e+00
     13.862    36.9320    36.9224    20.6863    20.6857    204.110    208.089     0.0868 1.0000e-12     0.1470  661234983   237.8562         24     13.959  14271.375     342514  0.000e+00
     13.818    36.9322    36.9223    20.6860    20.6859    204.226    208.120     0.0868 1.0000e-12     0.1470  661234983   237.8569         24     13.914  14271.417     342515  0.000e+00
     13.862    36.9319    36.9223    20.6861    20.6859    204.221    208.155     0.0941 1.0000e-12     0.1470  661234983   237.8576         24     13.959  14271.458     342516  0.000e+00
     13.862    36.9323    36.9220    20.6860    20.6861    204.220    208.179     0.0868 1.0000e-12     0.1470  661234983   237.8583         24     13.959  14271.500     342517  0.000e+00
     13.862    36.9321    36.9220    20.6859    20.6859    204.097    208.205     0.0868 1.0000e-12     0.1470  661234983   237.8590         24     13.959  14271.542     342518  0.000e+00
     13.830    36.9321    36.9223    20.6860    20.6857    204.087    208.365     0.0868 1.0000e-12     0.1470  661234983   237.8597         24     13.927  14271.583     342519  0.000e+00
     13.907    36.9323    36.9221    20.6859    20.6857    204.080    208.404     0.0868 1.0000e-12     0.1470  661234983   237.8604         24     14.004  14271.625     342520  0.000e+00
     13.862    36.9322    36.9222    20.6860    20.6855    203.940    208.441     0.0941 1.0000e-12     0.1470  661234983   237.8611         24     13.959  14271.667     342521  0.000e+00
     13.862    36.9320    36.9225    20.6859    20.6855    203.923    208.478     0.0941 1.0000e-12     0.1470  661234983   237.8618         24     13.959  14271.708     342522  0.000e+00
     13.862    36.9323    36.9222    20.6860    20.6855    204.027    208.506     0.0868 1.0000e-12     0.1470  661234984   237.8625         24     13.959  14271.750     342523  0.000e+00
     13.907    36.9323    36.9222    20.6859    20.6852    203.895    208.535     0.0868 1.0000e-12     0.1470  661234984   237.8632         24     14.004  14271.792     342524  0.000e+00
     13.830    36.9321    36.9224    20.6858    20.6852    204.005    208.561     0.0941 1.0000e-12     0.1470  661234984   237.8639         24     13.927  14271.833     342525  0.000e+00
     13.907    36.9321    36.9227    20.6857    20.6852    204.002    208.725     0.0868 1.0000e-12     0.1470  661234984   237.8646         24     14.004  14271.875     342526  0.000e+00
     13.862    36.9320    36.9222    20.6858    20.6854    203.989    208.750     0.0868 1.0000e-12     0.1470  661234984   237.8653         24     13.959  14271.917     342527  0.000e+00
     13.862    36.9321    36.9221    20.6857    20.6855    203.862    208.775     0.0868 1.0000e-12     0.1470  661234984   237.8660         24     13.959  14271.958     342528  0.000e+00
     13.907    36.9321    36.9224    20.6857    20.6855    203.850    208.801     0.0868 1.0000e-12     0.1470  661234984   237.8667         24     14.004  14272.000     342529  0.000e+00
     13.862    36.9320    36.9225    20.6855    20.6855    203.960    208.823     0.1015 1.0000e-12     0.1470  661234984   237.8674         24     13.959  14272.042     342530  0.000e+00
     13.862    36.9322    36.9224    20.6856    20.6857    203.831    208.846     0.1088 1.0000e-12     0.1446  661234984   237.8681         24     13.959  14272.083     342531  0.000e+00
     13.875    36.9320    36.9223    20.6855    20.6855    203.827    208.869     0.1088 1.0000e-12     0.1446  661234984   237.8688         24     13.972  14272.125     342532  0.000e+00
     13.862    36.9321    36.9222    20.6854    20.6855    203.943    209.026     0.1088 1.0000e-12     0.1446  661234984   237.8694         24     13.959  14272.167     342533  0.000e+00
     13.907    36.9319    36.9225    20.6851    20.6855    203.818    209.057     0.1088 1.0000e-12     0.1446  661234984   237.8701         24     14.004  14272.208     342534  0.000e+00
     13.862    36.9322    36.9221    20.6854    20.6857    203.803    209.085     0.1088 1.0000e-12     0.1446  661234984   237.8708         24     13.959  14272.250     342535  0.000e+00
     13.817    36.9326    36.9223    20.6851    20.6857    203.790    209.111     0.1088 1.0000e-12     0.1446  661234984   237.8715         24     13.914  14272.292     342536  0.000e+00
     13.906    36.9323    36.9224    20.6852    20.6857    203.787    209.140     0.1088 1.0000e-12     0.1446  661234984   237.8722         24     14.004  14272.333     342537  0.000e+00
     13.830    36.9320    36.9221    20.6851    20.6857    203.781    209.288     0.1088 1.0000e-12     0.1446  661234984   237.8729         24     13.927  14272.375     342538  0.000e+00
     13.862    36.9323    36.9223    20.6850    20.6857    203.770    209.311     0.1088 1.0000e-12     0.1446  661234984   237.8736         24     13.959  14272.417     342539  0.000e+00
     13.817    36.9323    36.9224    20.6853    20.6857    203.756    209.195     0.1088 1.0000e-12     0.1446  661234984   237.8743         24     13.914  14272.458     342540  0.000e+00
     13.817    36.9320    36.9218    20.6850    20.6855    203.745    209.205     0.1088 1.0000e-12     0.1446  661234984   237.8750         24     13.914  14272.500     342541  0.000e+00
     13.862    36.9322    36.9222    20.6850    20.6855    203.735    209.347     0.1088 1.0000e-12     0.1446  661234984   237.8757         24     13.959  14272.542     342542  0.000e+00
     13.862    36.9322    36.9221    20.6852    20.6857    203.736    209.362     0.1088 1.0000e-12     0.1446  661234984   237.8764         24     13.959  14272.583     342543  0.000e+00
     13.830    36.9321    36.9223    20.6850    20.6857    203.610    209.363     0.1088 1.0000e-12     0.1446  661234984   237.8771         24     13.927  14272.625     342544  0.000e+00
     13.817    36.9320    36.9223    20.6854    20.6859    203.598    209.372     0.1088 1.0000e-12     0.1446  661234984   237.8778         24     13.914  14272.667     342545  0.000e+00
     13.817    36.9323    36.9223    20.6851    20.6859    203.717    209.245     0.1088 1.0000e-12     0.1446  661234984   237.8785         24     13.914  14272.708     342546  0.000e+00
     13.817    36.9321    36.9221    20.6854    20.6860    203.592    209.241     0.1088 1.0000e-12     0.1446  661234985   237.8792         24     13.914  14272.750     342547  0.000e+00
     13.817    36.9320    36.9222    20.6855    20.6859    203.590    209.371     0.1088 1.0000e-12     0.1446  661234985   237.8799         24     13.914  14272.792     342548  0.000e+00
     13.817    36.9322    36.9225    20.6855    20.6859    203.589    209.373     0.1088 1.0000e-12     0.1446  661234985   237.8806         24     13.914  14272.833     342549  0.000e+00
     13.779    36.9325    36.9222    20.6859    20.6860    203.572    209.372     0.1088 1.0000e-12     0.1446  661234985   237.8812         24     13.875  14272.875     342550  0.000e+00
     13.817    36.9324    36.9222    20.6858    20.6862    203.567    209.371     0.1088 1.0000e-12     0.1446  661234985   237.8819         24     13.914  14272.917     342551  0.000e+00
     13.766    36.9323    36.9226    20.6859    20.6862    203.566    209.230     0.1088 1.0000e-12     0.1446  661234985   237.8826         24     13.863  14272.958     342552  0.000e+00
     13.766    36.9315    36.9220    20.6862    20.6864    203.561    209.349     0.1088 1.0000e-12     0.1446  661234985   237.8833         24     13.863  14273.000     342553  0.000e+00
     13.766    36.9320    36.9222    20.6861    20.6866    203.556    209.341     0.1088 1.0000e-12     0.1446  661234985   237.8840         24     13.862  14273.042     342554  0.000e+00
     13.766    36.9321    36.9221    20.6858    20.6866    203.552    209.331     0.1088 1.0000e-12     0.1446  661234985   237.8847         24     13.862  14273.083     342555  0.000e+00
     13.779    36.9321    36.9223    20.6861    20.6866    203.677    209.184     0.0941 1.0000e-12     0.1422  661234985   237.8854         24     13.875  14273.125     342556  0.000e+00
     13.722    36.9322    36.9221    20.6860    20.6866    203.557    209.159     0.0868 1.0000e-12     0.1422  661234985   237.8861         24     13.818  14273.167     342557  0.000e+00
