data/UWS/CTD_bulk_raw/SO279/SO279_CTD_processed/SO279_69-1_CTD-05_processed_DepthAVG.cnv
* Sea-Bird SBE 9 Data File:
* FileName = D:\CTDData\SO279\SO279_69-1_CTD-05.hex
* Software Version Seasave V 7.26.1.8
* Temperature SN = 5938
* Conductivity SN = 4108
* Number of Bytes Per Scan = 41
* Number of Voltage Words = 4
* Number of Scans Averaged by the Deck Unit = 1
* NMEA Latitude = 33 17.59 N
* NMEA Longitude = 034 29.50 W
* NMEA UTC (Time) = Dec 20 2020  06:37:33
* NMEA baud rate = 4800
# nquan = 16
# nvalues = 710                         
# units = specified
# name 0 = depSM: Depth [salt water, m]
# name 1 = sal00: Salinity, Practical [PSU]
# name 2 = sal11: Salinity, Practical, 2 [PSU]
# name 3 = t090C: Temperature [ITS-90, deg C]
# name 4 = t190C: Temperature, 2 [ITS-90, deg C]
# name 5 = sbeox0Mm/L: Oxygen, SBE 43 [umol/l]
# name 6 = sbeox1Mm/L: Oxygen, SBE 43, 2 [umol/l]
# name 7 = flECO-AFL: Fluorescence, WET Labs ECO-AFL/FL [mg/m^3]
# name 8 = par: PAR/Irradiance, Biospherical/Licor
# name 9 = turbWETntu0: Turbidity, WET Labs ECO [NTU]
# name 10 = timeQ: Time, NMEA [seconds]
# name 11 = timeM: Time, Elapsed [minutes]
# name 12 = nbf: Bottles Fired
# name 13 = prDM: Pressure, Digiquartz [db]
# name 14 = timeS: Time, Elapsed [seconds]
# name 15 = flag: flag
# span 0 =     10.000,   3555.000       
# span 1 =    34.9375,    37.0548       
# span 2 =    34.9236,    37.2139       
# span 3 =     2.6741,    21.9689       
# span 4 =     2.6751,    21.9694       
# span 5 =     98.832,    237.454       
# span 6 =     83.185,    243.748       
# span 7 =    -0.1061,     0.1370       
# span 8 = -2.246e-05, 1.7814e-03       
# span 9 =     0.1157,     0.1390       
# span 10 =  661761353,  661766945      
# span 11 =    -1.6850,    91.5145      
# span 12 =          0,          0      
# span 13 =     10.072,   3610.878      
# span 14 =   -101.099,   5490.869      
# span 15 = 0.0000e+00, 0.0000e+00      
# interval = meters: 5                  
# start_time = Dec 20 2020 06:37:34 [NMEA time, first data scan]
# bad_flag = -9.990e-29
*END*
[from data line 633]
   3175.000    34.9491    34.9352     2.8275     2.8286    231.049    236.101     0.0070 1.0000e-12     0.1337  661766305    80.8443          0   3222.036   4850.658 0.0000e+00
   3180.000    34.9491    34.9351     2.8276     2.8288    231.005    236.242     0.0078 1.0000e-12     0.1327  661766312    80.9709          0   3227.148   4858.251 0.0000e+00
   3185.000    34.9491    34.9351     2.8268     2.8278    231.058    235.980     0.0071 1.0000e-12     0.1332  661766319    81.0787          0   3232.260   4864.721 0.0000e+00
   3190.000    34.9490    34.9351     2.8260     2.8273    231.021    235.954     0.0085 1.0000e-12     0.1327  661766328    81.2342          0   3237.372   4874.055 0.0000e+00
   3195.000    34.9489    34.9350     2.8256     2.8269    231.005    235.984     0.0091 1.0000e-12     0.1323  661766334    81.3380          0   3242.484   4880.279 0.0000e+00
   3200.000    34.9489    34.9349     2.8250     2.8261    230.965    236.114     0.0086 1.0000e-12     0.1317  661766342    81.4734          0   3247.597   4888.406 0.0000e+00
   3205.000    34.9488    34.9349     2.8227     2.8238    230.857    235.924     0.0107 1.0000e-12     0.1314  661766350    81.5953          0   3252.709   4895.717 0.0000e+00
   3210.000    34.9487    34.9347     2.8207     2.8218    230.840    235.878     0.0118 1.0000e-12     0.1326  661766357    81.7136          0   3257.822   4902.813 0.0000e+00
   3215.000    34.9485    34.9345     2.8178     2.8188    230.925    235.774     0.0094 1.0000e-12     0.1337  661766365    81.8537          0   3262.935   4911.225 0.0000e+00
   3220.000    34.9484    34.9344     2.8148     2.8155    230.591    235.724     0.0101 1.0000e-12     0.1324  661766372    81.9689          0   3268.048   4918.135 0.0000e+00
   3225.000    34.9482    34.9342     2.8121     2.8132    230.669    235.656     0.0103 1.0000e-12     0.1333  661766381    82.1121          0   3273.161   4926.727 0.0000e+00
   3230.000    34.9480    34.9340     2.8101     2.8112    230.573    235.635     0.0099 1.0000e-12     0.1330  661766387    82.2223          0   3278.274   4933.339 0.0000e+00
   3235.000    34.9476    34.9337     2.8039     2.8049    230.572    235.474     0.0122 1.0000e-12     0.1336  661766395    82.3462          0   3283.387   4940.773 0.0000e+00
   3240.000    34.9474    34.9333     2.8026     2.8038    230.503    235.247     0.0081 1.0000e-12     0.1337  661766402    82.4763          0   3288.500   4948.578 0.0000e+00
   3245.000    34.9471    34.9331     2.7986     2.7999    230.419    235.285     0.0063 1.0000e-12     0.1333  661766410    82.5986          0   3293.614   4955.917 0.0000e+00
   3250.000    34.9470    34.9330     2.7979     2.7990    230.355    235.339     0.0058 1.0000e-12     0.1340  661766418    82.7308          0   3298.727   4963.846 0.0000e+00
   3255.000    34.9469    34.9329     2.7964     2.7975    230.318    235.296     0.0084 1.0000e-12     0.1335  661766425    82.8538          0   3303.841   4971.228 0.0000e+00
   3260.000    34.9467    34.9328     2.7930     2.7941    230.222    235.106     0.0075 1.0000e-12     0.1307  661766433    82.9817          0   3308.955   4978.904 0.0000e+00
   3265.000    34.9466    34.9327     2.7897     2.7911    230.141    234.999     0.0078 1.0000e-12     0.1323  661766440    83.1039          0   3314.069   4986.232 0.0000e+00
   3270.000    34.9465    34.9325     2.7891     2.7904    230.150    235.174     0.0110 1.0000e-12     0.1326  661766448    83.2382          0   3319.183   4994.290 0.0000e+00
   3275.000    34.9464    34.9324     2.7869     2.7880    230.046    234.951     0.0072 1.0000e-12     0.1336  661766455    83.3522          0   3324.297   5001.130 0.0000e+00
   3280.000    34.9462    34.9323     2.7862     2.7874    230.096    235.134     0.0033 1.0000e-12     0.1331  661766463    83.4920          0   3329.412   5009.519 0.0000e+00
   3285.000    34.9460    34.9320     2.7838     2.7849    230.024    234.996     0.0053 1.0000e-12     0.1327  661766470    83.6063          0   3334.526   5016.379 0.0000e+00
   3290.000    34.9458    34.9320     2.7811     2.7825    230.004    234.899     0.0055 1.0000e-12     0.1332  661766478    83.7381          0   3339.640   5024.284 0.0000e+00
   3295.000    34.9457    34.9317     2.7783     2.7793    229.843    234.821     0.0070 1.0000e-12     0.1329  661766486    83.8609          0   3344.755   5031.655 0.0000e+00
   3300.000    34.9455    34.9315     2.7749     2.7761    229.758    234.663     0.0070 1.0000e-12     0.1336  661766493    83.9884          0   3349.870   5039.302 0.0000e+00
   3305.000    34.9453    34.9314     2.7728     2.7739    229.835    234.749     0.0099 1.0000e-12     0.1332  661766501    84.1131          0   3354.985   5046.788 0.0000e+00
   3310.000    34.9452    34.9312     2.7717     2.7727    229.722    234.382     0.0102 1.0000e-12     0.1335  661766509    84.2457          0   3360.100   5054.745 0.0000e+00
   3315.000    34.9449    34.9310     2.7680     2.7690    229.662    234.627     0.0096 1.0000e-12     0.1330  661766516    84.3606          0   3365.215   5061.639 0.0000e+00
   3320.000    34.9448    34.9309     2.7661     2.7673    229.604    234.504     0.0063 1.0000e-12     0.1327  661766524    84.5004          0   3370.330   5070.021 0.0000e+00
   3325.000    34.9445    34.9306     2.7631     2.7643    229.508    234.171     0.0080 1.0000e-12     0.1342  661766531    84.6172          0   3375.445   5077.029 0.0000e+00
   3330.000    34.9444    34.9305     2.7600     2.7611    229.526    234.624     0.0115 1.0000e-12     0.1339  661766539    84.7500          0   3380.561   5085.001 0.0000e+00
   3335.000    34.9441    34.9302     2.7576     2.7584    229.389    234.383     0.0109 1.0000e-12     0.1359  661766546    84.8680          0   3385.676   5092.080 0.0000e+00
   3340.000    34.9440    34.9301     2.7544     2.7555    229.288    233.897     0.0063 1.0000e-12     0.1340  661766553    84.9910          0   3390.792   5099.462 0.0000e+00
   3345.000    34.9438    34.9298     2.7536     2.7546    229.273    234.320     0.0103 1.0000e-12     0.1341  661766561    85.1244          0   3395.908   5107.461 0.0000e+00
   3350.000    34.9436    34.9297     2.7494     2.7506    229.130    233.957     0.0042 1.0000e-12     0.1348  661766568    85.2327          0   3401.024   5113.959 0.0000e+00
   3355.000    34.9434    34.9294     2.7461     2.7476    229.237    234.007     0.0069 1.0000e-12     0.1331  661766576    85.3760          0   3406.140   5122.562 0.0000e+00
   3360.000    34.9432    34.9294     2.7458     2.7469    229.076    233.894     0.0097 1.0000e-12     0.1335  661766584    85.5035          0   3411.256   5130.208 0.0000e+00
   3365.000    34.9432    34.9293     2.7448     2.7457    229.099    233.762     0.0060 1.0000e-12     0.1340  661766590    85.6099          0   3416.372   5136.597 0.0000e+00
   3370.000    34.9430    34.9292     2.7423     2.7436    229.210    234.213     0.0101 1.0000e-12     0.1328  661766602    85.7965          0   3421.489   5147.790 0.0000e+00
   3375.000    34.9430    34.9291     2.7422     2.7431    228.945    233.781     0.0040 1.0000e-12     0.1336  661766607    85.8782          0   3426.605   5152.690 0.0000e+00
   3380.000    34.9429    34.9291     2.7405     2.7416    228.978    233.428     0.0080 1.0000e-12     0.1322  661766614    86.0066          0   3431.722   5160.393 0.0000e+00
   3385.000    34.9428    34.9289     2.7402     2.7413    228.863    233.713     0.0050 1.0000e-12     0.1353  661766621    86.1205          0   3436.839   5167.227 0.0000e+00
   3390.000    34.9426    34.9288     2.7368     2.7379    228.944    233.739     0.0090 1.0000e-12     0.1345  661766629    86.2488          0   3441.956   5174.927 0.0000e+00
   3395.000    34.9424    34.9285     2.7355     2.7367    228.875    233.678     0.0076 1.0000e-12     0.1343  661766636    86.3734          0   3447.073   5182.403 0.0000e+00
   3400.000    34.9423    34.9284     2.7339     2.7350    228.849    233.655     0.0056 1.0000e-12     0.1348  661766645    86.5110          0   3452.190   5190.662 0.0000e+00
   3405.000    34.9421    34.9282     2.7335     2.7345    228.909    233.606     0.0071 7.8031e-06     0.1340  661766679    87.0840          0   3457.307   5225.042 0.0000e+00
   3410.000    34.9420    34.9281     2.7306     2.7319    228.790    233.464     0.0112 5.0378e-07     0.1333  661766716    87.6988          0   3462.424   5261.929 0.0000e+00
   3415.000    34.9419    34.9280     2.7287     2.7297    228.736    233.430     0.0067 1.0000e-12     0.1337  661766726    87.8705          0   3467.542   5272.232 0.0000e+00
   3420.000    34.9417    34.9279     2.7271     2.7282    228.699    233.359     0.0065 1.0000e-12     0.1353  661766734    87.9973          0   3472.659   5279.835 0.0000e+00
   3425.000    34.9417    34.9278     2.7261     2.7272    228.668    233.150     0.0059 1.0000e-12     0.1352  661766741    88.1216          0   3477.777   5287.297 0.0000e+00
   3430.000    34.9415    34.9276     2.7239     2.7248    228.585    233.279     0.0088 1.0000e-12     0.1339  661766748    88.2396          0   3482.895   5294.374 0.0000e+00
   3435.000    34.9413    34.9274     2.7209     2.7219    228.624    233.333     0.0049 1.0000e-12     0.1340  661766757    88.3820          0   3488.013   5302.922 0.0000e+00
   3440.000    34.9412    34.9273     2.7199     2.7211    228.588    233.175     0.0093 1.0000e-12     0.1345  661766763    88.4881          0   3493.131   5309.287 0.0000e+00
   3445.000    34.9412    34.9274     2.7196     2.7208    228.538    233.299     0.0103 1.0000e-12     0.1353  661766772    88.6431          0   3498.249   5318.584 0.0000e+00
   3450.000    34.9410    34.9271     2.7170     2.7182    228.528    233.115     0.0097 1.0000e-12     0.1342  661766778    88.7279          0   3503.367   5323.673 0.0000e+00
   3455.000    34.9408    34.9269     2.7140     2.7149    228.615    233.101     0.0085 1.0000e-12     0.1347  661766787    88.8797          0   3508.486   5332.781 0.0000e+00
   3460.000    34.9406    34.9268     2.7126     2.7134    228.377    232.861     0.0091 1.0000e-12     0.1349  661766793    88.9796          0   3513.604   5338.779 0.0000e+00
   3465.000    34.9405    34.9266     2.7098     2.7106    228.454    233.066     0.0061 1.0000e-12     0.1340  661766801    89.1223          0   3518.723   5347.338 0.0000e+00
   3470.000    34.9403    34.9265     2.7081     2.7092    228.248    232.976     0.0064 1.0000e-12     0.1352  661766808    89.2280          0   3523.841   5353.678 0.0000e+00
   3475.000    34.9401    34.9263     2.7052     2.7063    228.280    232.938     0.0103 1.0000e-12     0.1359  661766816    89.3697          0   3528.960   5362.184 0.0000e+00
   3480.000    34.9401    34.9261     2.7033     2.7041    228.217    232.852     0.0112 1.0000e-12     0.1347  661766822    89.4759          0   3534.079   5368.552 0.0000e+00
   3485.000    34.9397    34.9259     2.7005     2.7017    228.162    232.697     0.0034 1.0000e-12     0.1390  661766831    89.6258          0   3539.198   5377.547 0.0000e+00
   3490.000    34.9397    34.9257     2.6994     2.7005    228.170    232.604     0.0066 1.0000e-12     0.1367  661766837    89.7261          0   3544.318   5383.568 0.0000e+00
   3495.000    34.9395    34.9256     2.6984     2.6995    228.114    232.488     0.0090 2.7476e-04     0.1347  661766845    89.8594          0   3549.437   5391.565 0.0000e+00
   3500.000    34.9395    34.9256     2.6982     2.6994    228.057    232.565     0.0027 1.6733e-04     0.1354  661766853    89.9818          0   3554.556   5398.905 0.0000e+00
   3505.000    34.9394    34.9255     2.6984     2.6995    228.135    232.602     0.0067 1.9258e-05     0.1348  661766860    90.1105          0   3559.676   5406.630 0.0000e+00
   3510.000    34.9392    34.9254     2.6951     2.6964    228.087    232.434     0.0064 2.8273e-06     0.1342  661766867    90.2219          0   3564.796   5413.315 0.0000e+00
   3515.000    34.9390    34.9251     2.6917     2.6928    227.996    232.655     0.0068 2.8512e-04     0.1353  661766875    90.3543          0   3569.915   5421.256 0.0000e+00
   3520.000    34.9388    34.9251     2.6892     2.6901    227.900    232.340     0.0089 4.9724e-04     0.1358  661766883    90.4805          0   3575.035   5428.831 0.0000e+00
   3525.000    34.9386    34.9247     2.6873     2.6884    227.829    232.102     0.0018 4.3739e-04     0.1356  661766890    90.6006          0   3580.155   5436.035 0.0000e+00
   3530.000    34.9384    34.9244     2.6825     2.6838    227.929    232.351    -0.0061 4.3583e-04     0.1369  661766898    90.7346          0   3585.275   5444.077 0.0000e+00
   3535.000    34.9382    34.9243     2.6823     2.6836    227.608    232.171    -0.0146 3.7397e-04     0.1372  661766905    90.8490          0   3590.396   5450.938 0.0000e+00
   3540.000    34.9380    34.9241     2.6790     2.6800    227.739    232.154    -0.0275 3.8388e-04     0.1367  661766912    90.9741          0   3595.516   5458.447 0.0000e+00
   3545.000    34.9379    34.9240     2.6764     2.6775    227.567    231.910    -0.0339 2.7577e-04     0.1371  661766920    91.0986          0   3600.637   5465.916 0.0000e+00
   3550.000    34.9376    34.9237     2.6747     2.6760    227.618    231.958    -0.0285 2.7172e-04     0.1386  661766928    91.2292          0   3605.757   5473.749 0.0000e+00
   3555.000    34.9375    34.9236     2.6741     2.6751    227.602    232.054    -0.0245 1.7290e-04     0.1385  661766945    91.5145          0   3610.878   5490.869 0.0000e+00
