data/UWS/CTD_bulk_raw/SO279/SO279_CTD_processed/SO279_22-1_CTD-02_processed.ros
* Sea-Bird SBE 9 Data File:
* FileName = D:\CTDData\SO279\SO279_22-1_CTD-01.hex
* Software Version Seasave V 7.26.1.8
* Temperature SN = 5938
* Conductivity SN = 4108
* Number of Bytes Per Scan = 41
* Number of Voltage Words = 4
* Number of Scans Averaged by the Deck Unit = 1
* NMEA Latitude = 31 16.05 N
* NMEA Longitude = 024 48.73 W
* NMEA UTC (Time) = Dec 14 2020  00:25:11
* NMEA baud rate = 4800
# nquan = 17
# nvalues = 1450                                  
# units = specified
# name 0 = depSM: Depth [salt water, m]
# name 1 = sal00: Salinity, Practical [PSU]
# name 2 = sal11: Salinity, Practical, 2 [PSU]
# name 3 = t090C: Temperature [ITS-90, deg C]
# name 4 = t190C: Temperature, 2 [ITS-90, deg C]
# name 5 = sbeox0Mm/L: Oxygen, SBE 43 [umol/l]
# name 6 = sbeox1Mm/L: Oxygen, SBE 43, 2 [umol/l]
# name 7 = flECO-AFL: Fluorescence, WET Labs ECO-AFL/FL [mg/m^3]
# name 8 = par: PAR/Irradiance, Biospherical/Licor
# name 9 = turbWETntu0: Turbidity, WET Labs ECO [NTU]
# name 10 = timeQ: Time, NMEA [seconds]
# name 11 = timeM: Time, Elapsed [minutes]
# name 12 = nbf: Bottles Fired
# name 13 = prDM: Pressure, Digiquartz [db]
# name 14 = timeS: Time, Elapsed [seconds]
# name 15 = scan: Scan Count
# name 16 = flag:  0.000e+00
# interval = seconds: 0.0416667
# start_time = Dec 14 2020 00:25:12 [NMEA time, first data scan]
# bad_flag = -9.990e-29
*END*
[from data line 1277]
     23.820    36.9323    36.9228    20.6895    20.6878    202.823    208.619     0.0795 1.0000e-12     0.1446  661234951   237.3201         22     23.987  14239.208     341742  0.000e+00
     23.775    36.9320    36.9223    20.6883    20.6878    202.831    208.624     0.0795 1.0000e-12     0.1446  661234951   237.3208         22     23.942  14239.250     341743  0.000e+00
     23.724    36.9324    36.9226    20.6876    20.6873    202.839    208.495     0.0868 1.0000e-12     0.1446  661234951   237.3215         22     23.891  14239.292     341744  0.000e+00
     23.680    36.9327    36.9228    20.6873    20.6876    202.724    208.491     0.0795 1.0000e-12     0.1446  661234951   237.3222         22     23.846  14239.333     341745  0.000e+00
     23.584    36.9330    36.9228    20.6872    20.6878    202.854    208.488     0.0795 1.0000e-12     0.1446  661234951   237.3229         22     23.750  14239.375     341746  0.000e+00
     23.635    36.9328    36.9224    20.6872    20.6880    202.867    208.491     0.0795 1.0000e-12     0.1446  661234951   237.3236         22     23.801  14239.417     341747  0.000e+00
     23.495    36.9330    36.9224    20.6873    20.6882    202.869    208.490     0.0795 1.0000e-12     0.1446  661234951   237.3243         22     23.660  14239.458     341748  0.000e+00
     23.540    36.9330    36.9226    20.6876    20.6875    202.876    208.488     0.0795 1.0000e-12     0.1446  661234951   237.3250         22     23.705  14239.500     341749  0.000e+00
     23.381    36.9328    36.9227    20.6880    20.6869    202.757    208.481     0.0795 1.0000e-12     0.1446  661234951   237.3257         22     23.545  14239.542     341750  0.000e+00
     23.444    36.9330    36.9225    20.6881    20.6864    202.761    208.482     0.0868 1.0000e-12     0.1446  661234951   237.3264         22     23.609  14239.583     341751  0.000e+00
     23.355    36.9327    36.9226    20.6888    20.6862    202.875    208.478     0.0795 1.0000e-12     0.1446  661234951   237.3271         22     23.519  14239.625     341752  0.000e+00
     23.355    36.9328    36.9226    20.6888    20.6862    203.002    208.342     0.0795 1.0000e-12     0.1446  661234951   237.3278         22     23.519  14239.667     341753  0.000e+00
     23.215    36.9326    36.9225    20.6885    20.6857    203.019    208.467     0.0795 1.0000e-12     0.1446  661234952   237.3285         22     23.378  14239.708     341754  0.000e+00
     23.260    36.9326    36.9222    20.6883    20.6855    203.034    208.472     0.0795 1.0000e-12     0.1446  661234952   237.3292         22     23.423  14239.750     341755  0.000e+00
     23.165    36.9325    36.9226    20.6877    20.6854    202.925    208.473     0.0795 1.0000e-12     0.1446  661234952   237.3299         22     23.327  14239.792     341756  0.000e+00
     23.165    36.9325    36.9222    20.6871    20.6854    203.057    208.479     0.0868 1.0000e-12     0.1446  661234952   237.3306         22     23.327  14239.833     341757  0.000e+00
     23.075    36.9325    36.9224    20.6869    20.6855    203.070    208.482     0.0795 1.0000e-12     0.1446  661234952   237.3313         22     23.237  14239.875     341758  0.000e+00
     23.075    36.9330    36.9221    20.6869    20.6857    203.092    208.489     0.0795 1.0000e-12     0.1446  661234952   237.3319         22     23.237  14239.917     341759  0.000e+00
     23.025    36.9330    36.9229    20.6875    20.6854    203.112    208.362     0.0795 1.0000e-12     0.1446  661234952   237.3326         22     23.186  14239.958     341760  0.000e+00
     22.980    36.9329    36.9227    20.6883    20.6860    203.254    208.494     0.0795 1.0000e-12     0.1446  661234952   237.3333         22     23.141  14240.000     341761  0.000e+00
     22.980    36.9326    36.9221    20.6879    20.6866    203.165    208.505     0.0795 1.0000e-12     0.1446  661234952   237.3340         22     23.141  14240.042     341762  0.000e+00
     22.840    36.9328    36.9223    20.6878    20.6866    203.180    208.515     0.0795 1.0000e-12     0.1446  661234952   237.3347         22     23.000  14240.083     341763  0.000e+00
     22.866    36.9329    36.9219    20.6877    20.6866    203.193    208.520     0.0795 1.0000e-12     0.1446  661234952   237.3354         22     23.026  14240.125     341764  0.000e+00
     22.885    36.9327    36.9226    20.6868    20.6867    203.339    208.523     0.0795 1.0000e-12     0.1422  661234952   237.3361         22     23.045  14240.167     341765  0.000e+00
     22.745    36.9325    36.9226    20.6864    20.6869    203.363    208.525     0.0795 1.0000e-12     0.1422  661234952   237.3368         22     22.904  14240.208     341766  0.000e+00
     22.745    36.9329    36.9225    20.6861    20.6869    203.390    208.531     0.0868 1.0000e-12     0.1422  661234952   237.3375         22     22.904  14240.250     341767  0.000e+00
     22.745    36.9325    36.9227    20.6864    20.6864    203.409    208.551     0.0868 1.0000e-12     0.1422  661234952   237.3382         22     22.904  14240.292     341768  0.000e+00
     22.656    36.9330    36.9225    20.6866    20.6857    203.426    208.560     0.0868 1.0000e-12     0.1422  661234952   237.3389         23     22.814  14240.333     341769  0.000e+00
     22.656    36.9329    36.9223    20.6871    20.6854    203.444    208.571     0.0795 1.0000e-12     0.1422  661234952   237.3396         23     22.814  14240.375     341770  0.000e+00
     22.605    36.9328    36.9224    20.6875    20.6852    203.461    208.580     0.0795 1.0000e-12     0.1422  661234952   237.3403         23     22.763  14240.417     341771  0.000e+00
     22.560    36.9324    36.9223    20.6881    20.6850    203.478    208.580     0.0868 1.0000e-12     0.1422  661234952   237.3410         23     22.718  14240.458     341772  0.000e+00
     22.560    36.9328    36.9225    20.6885    20.6847    203.374    208.582     0.0795 1.0000e-12     0.1422  661234952   237.3417         23     22.718  14240.500     341773  0.000e+00
     22.465    36.9328    36.9223    20.6888    20.6847    203.506    208.581     0.0795 1.0000e-12     0.1422  661234952   237.3424         23     22.622  14240.542     341774  0.000e+00
     22.465    36.9328    36.9227    20.6888    20.6847    203.397    208.447     0.0795 1.0000e-12     0.1422  661234952   237.3431         23     22.622  14240.583     341775  0.000e+00
     22.369    36.9329    36.9224    20.6888    20.6847    203.516    208.572     0.0868 1.0000e-12     0.1422  661234952   237.3438         23     22.526  14240.625     341776  0.000e+00
     22.420    36.9325    36.9224    20.6888    20.6847    203.408    208.576     0.0795 1.0000e-12     0.1422  661234952   237.3444         23     22.577  14240.667     341777  0.000e+00
     22.369    36.9328    36.9224    20.6885    20.6848    203.529    208.589     0.0795 1.0000e-12     0.1422  661234953   237.3451         23     22.526  14240.708     341778  0.000e+00
     22.325    36.9326    36.9227    20.6881    20.6848    203.541    208.602     0.0795 1.0000e-12     0.1422  661234953   237.3458         23     22.481  14240.750     341779  0.000e+00
     22.325    36.9326    36.9224    20.6877    20.6850    203.548    208.618     0.0795 1.0000e-12     0.1422  661234953   237.3465         23     22.481  14240.792     341780  0.000e+00
     22.261    36.9327    36.9223    20.6865    20.6850    203.676    208.633     0.0795 1.0000e-12     0.1422  661234953   237.3472         23     22.417  14240.833     341781  0.000e+00
     22.280    36.9322    36.9223    20.6863    20.6850    203.566    208.651     0.0868 1.0000e-12     0.1422  661234953   237.3479         23     22.436  14240.875     341782  0.000e+00
     22.229    36.9327    36.9227    20.6860    20.6852    203.568    208.656     0.0795 1.0000e-12     0.1422  661234953   237.3486         23     22.385  14240.917     341783  0.000e+00
     22.140    36.9326    36.9222    20.6861    20.6854    203.561    208.527     0.0795 1.0000e-12     0.1422  661234953   237.3493         23     22.295  14240.958     341784  0.000e+00
     22.185    36.9327    36.9225    20.6862    20.6854    203.556    208.526     0.0795 1.0000e-12     0.1422  661234953   237.3500         23     22.340  14241.000     341785  0.000e+00
     22.140    36.9331    36.9222    20.6859    20.6854    203.549    208.660     0.0795 1.0000e-12     0.1422  661234953   237.3507         23     22.295  14241.042     341786  0.000e+00
     22.140    36.9324    36.9223    20.6864    20.6854    203.541    208.670     0.0795 1.0000e-12     0.1422  661234953   237.3514         23     22.295  14241.083     341787  0.000e+00
     22.045    36.9330    36.9224    20.6859    20.6854    203.531    208.678     0.0795 1.0000e-12     0.1422  661234953   237.3521         23     22.199  14241.125     341788  0.000e+00
     22.045    36.9326    36.9223    20.6862    20.6852    203.528    208.690     0.0795 1.0000e-12     0.1422  661234953   237.3528         23     22.199  14241.167     341789  0.000e+00
     22.045    36.9333    36.9226    20.6859    20.6854    203.526    208.701     0.0868 1.0000e-12     0.1422  661234953   237.3535         23     22.199  14241.208     341790  0.000e+00
     22.000    36.9329    36.9224    20.6862    20.6852    203.521    208.713     0.0868 1.0000e-12     0.1446  661234953   237.3542         23     22.154  14241.250     341791  0.000e+00
     21.949    36.9334    36.9222    20.6862    20.6855    203.516    208.858     0.0868 1.0000e-12     0.1446  661234953   237.3549         23     22.103  14241.292     341792  0.000e+00
     21.949    36.9333    36.9225    20.6863    20.6854    203.511    208.735     0.0868 1.0000e-12     0.1446  661234953   237.3556         23     22.103  14241.333     341793  0.000e+00
     21.949    36.9331    36.9220    20.6864    20.6855    203.499    208.737     0.0868 1.0000e-12     0.1446  661234953   237.3562         23     22.103  14241.375     341794  0.000e+00
     21.905    36.9328    36.9220    20.6868    20.6857    203.369    208.736     0.0868 1.0000e-12     0.1446  661234953   237.3569         23     22.058  14241.417     341795  0.000e+00
     21.949    36.9325    36.9225    20.6867    20.6855    203.480    208.875     0.0868 1.0000e-12     0.1446  661234953   237.3576         23     22.103  14241.458     341796  0.000e+00
     21.809    36.9327    36.9227    20.6868    20.6855    203.470    208.747     0.0868 1.0000e-12     0.1446  661234953   237.3583         23     21.962  14241.500     341797  0.000e+00
     21.860    36.9328    36.9225    20.6871    20.6857    203.463    208.884     0.0868 1.0000e-12     0.1446  661234953   237.3590         23     22.013  14241.542     341798  0.000e+00
     21.809    36.9327    36.9225    20.6869    20.6860    203.448    208.893     0.0868 1.0000e-12     0.1446  661234953   237.3597         23     21.962  14241.583     341799  0.000e+00
     21.809    36.9331    36.9226    20.6871    20.6860    203.309    208.904     0.0868 1.0000e-12     0.1446  661234953   237.3604         23     21.962  14241.625     341800  0.000e+00
     21.765    36.9331    36.9228    20.6875    20.6864    203.169    209.047     0.0868 1.0000e-12     0.1446  661234953   237.3611         23     21.917  14241.667     341801  0.000e+00
     21.765    36.9329    36.9229    20.6876    20.6867    203.275    209.054     0.0941 1.0000e-12     0.1446  661234953   237.3618         23     21.917  14241.708     341802  0.000e+00
     21.745    36.9330    36.9226    20.6880    20.6873    203.264    209.071     0.0941 1.0000e-12     0.1446  661234954   237.3625         23     21.898  14241.750     341803  0.000e+00
     21.720    36.9334    36.9223    20.6883    20.6876    203.376    209.087     0.0868 1.0000e-12     0.1446  661234954   237.3632         23     21.872  14241.792     341804  0.000e+00
     21.669    36.9329    36.9225    20.6887    20.6880    203.242    209.100     0.0868 1.0000e-12     0.1446  661234954   237.3639         23     21.821  14241.833     341805  0.000e+00
     21.669    36.9328    36.9222    20.6888    20.6882    203.355    209.116     0.0941 1.0000e-12     0.1446  661234954   237.3646         23     21.821  14241.875     341806  0.000e+00
     21.669    36.9329    36.9224    20.6890    20.6882    203.229    209.131     0.0941 1.0000e-12     0.1446  661234954   237.3653         23     21.821  14241.917     341807  0.000e+00
     21.624    36.9328    36.9224    20.6888    20.6883    203.219    209.143     0.0868 1.0000e-12     0.1446  661234954   237.3660         23     21.776  14241.958     341808  0.000e+00
     21.669    36.9327    36.9229    20.6891    20.6880    203.209    209.147     0.0868 1.0000e-12     0.1446  661234954   237.3667         23     21.821  14242.000     341809  0.000e+00
     21.580    36.9330    36.9228    20.6890    20.6883    203.327    209.291     0.0868 1.0000e-12     0.1446  661234954   237.3674         23     21.731  14242.042     341810  0.000e+00
     21.580    36.9329    36.9226    20.6891    20.6885    203.202    209.312     0.0868 1.0000e-12     0.1446  661234954   237.3681         23     21.731  14242.083     341811  0.000e+00
     21.529    36.9326    36.9223    20.6888    20.6889    203.314    209.329     0.0868 1.0000e-12     0.1446  661234954   237.3688         23     21.680  14242.125     341812  0.000e+00
     21.580    36.9328    36.9225    20.6886    20.6889    203.313    209.349     0.0868 1.0000e-12     0.1446  661234954   237.3694         23     21.731  14242.167     341813  0.000e+00
     21.529    36.9327    36.9225    20.6887    20.6890    203.315    209.364     0.0868 1.0000e-12     0.1446  661234954   237.3701         23     21.680  14242.208     341814  0.000e+00
     21.484    36.9327    36.9221    20.6888    20.6892    203.317    209.378     0.0868 1.0000e-12     0.1446  661234954   237.3708         23     21.635  14242.250     341815  0.000e+00
     21.529    36.9327    36.9225    20.6887    20.6892    203.322    209.394     0.0941 1.0000e-12     0.1446  661234954   237.3715         23     21.680  14242.292     341816  0.000e+00
     21.440    36.9327    36.9221    20.6888    20.6890    203.323    209.406     0.1015 1.0000e-12     0.1446  661234954   237.3722         23     21.590  14242.333     341817  0.000e+00
     21.440    36.9327    36.9225    20.6887    20.6889    203.327    209.418     0.0941 1.0000e-12     0.1446  661234954   237.3729         23     21.590  14242.375     341818  0.000e+00
     21.484    36.9326    36.9224    20.6886    20.6889    203.332    209.430     0.0941 1.0000e-12     0.1446  661234954   237.3736         23     21.635  14242.417     341819  0.000e+00
     21.389    36.9328    36.9229    20.6885    20.6885    203.334    209.437     0.0941 1.0000e-12     0.1446  661234954   237.3743         23     21.539  14242.458     341820  0.000e+00
     21.440    36.9328    36.9224    20.6885    20.6889    203.339    209.446     0.0941 1.0000e-12     0.1446  661234954   237.3750         23     21.590  14242.500     341821  0.000e+00
     21.389    36.9325    36.9228    20.6885    20.6887    203.457    209.452     0.0941 1.0000e-12     0.1446  661234954   237.3757         23     21.539  14242.542     341822  0.000e+00
     21.344    36.9327    36.9226    20.6882    20.6887    203.588    209.456     0.1015 1.0000e-12     0.1446  661234954   237.3764         23     21.494  14242.583     341823  0.000e+00
     21.389    36.9328    36.9228    20.6881    20.6887    203.476    209.451     0.0941 1.0000e-12     0.1446  661234954   237.3771         23     21.539  14242.625     341824  0.000e+00
     21.344    36.9327    36.9231    20.6882    20.6887    203.361    209.452     0.1015 1.0000e-12     0.1446  661234954   237.3778         23     21.494  14242.667     341825  0.000e+00
