data/UWS/CTD_bulk_raw/SO279/SO279_CTD_processed/SO279_69-1_CTD-05_processed_DepthAVG.cnv
* Sea-Bird SBE 9 Data File:
* FileName = D:\CTDData\SO279\SO279_69-1_CTD-05.hex
* Software Version Seasave V 7.26.1.8
* Temperature SN = 5938
* Conductivity SN = 4108
* Number of Bytes Per Scan = 41
* Number of Voltage Words = 4
* Number of Scans Averaged by the Deck Unit = 1
* NMEA Latitude = 33 17.59 N
* NMEA Longitude = 034 29.50 W
* NMEA UTC (Time) = Dec 20 2020  06:37:33
* NMEA baud rate = 4800
# nquan = 16
# nvalues = 710                         
# units = specified
# name 0 = depSM: Depth [salt water, m]
# name 1 = sal00: Salinity, Practical [PSU]
# name 2 = sal11: Salinity, Practical, 2 [PSU]
# name 3 = t090C: Temperature [ITS-90, deg C]
# name 4 = t190C: Temperature, 2 [ITS-90, deg C]
# name 5 = sbeox0Mm/L: Oxygen, SBE 43 [umol/l]
# name 6 = sbeox1Mm/L: Oxygen, SBE 43, 2 [umol/l]
# name 7 = flECO-AFL: Fluorescence, WET Labs ECO-AFL/FL [mg/m^3]
# name 8 = par: PAR/Irradiance, Biospherical/Licor
# name 9 = turbWETntu0: Turbidity, WET Labs ECO [NTU]
# name 10 = timeQ: Time, NMEA [seconds]
# name 11 = timeM: Time, Elapsed [minutes]
# name 12 = nbf: Bottles Fired
# name 13 = prDM: Pressure, Digiquartz [db]
# name 14 = timeS: Time, Elapsed [seconds]
# name 15 = flag: flag
# span 0 =     10.000,   3555.000       
# span 1 =    34.9375,    37.0548       
# span 2 =    34.9236,    37.2139       
# span 3 =     2.6741,    21.9689       
# span 4 =     2.6751,    21.9694       
# span 5 =     98.832,    237.454       
# span 6 =     83.185,    243.748       
# span 7 =    -0.1061,     0.1370       
# span 8 = -2.246e-05, 1.7814e-03       
# span 9 =     0.1157,     0.1390       
# span 10 =  661761353,  661766945      
# span 11 =    -1.6850,    91.5145      
# span 12 =          0,          0      
# span 13 =     10.072,   3610.878      
# span 14 =   -101.099,   5490.869      
# span 15 = 0.0000e+00, 0.0000e+00      
# interval = meters: 5                  
# start_time = Dec 20 2020 06:37:34 [NMEA time, first data scan]
# bad_flag = -9.990e-29
*END*
[from data line 91]
    465.000    36.0747    36.0618    15.4085    15.4097    180.010    183.405    -0.0238 1.0000e-12     0.1243  661762337    14.7222          0    468.844    883.331 0.0000e+00
    470.000    36.0546    36.0414    15.2932    15.2910    179.273    182.886    -0.0300 1.0000e-12     0.1251  661762346    14.8687          0    473.891    892.123 0.0000e+00
    475.000    36.0391    36.0252    15.1986    15.1919    178.591    181.761    -0.0238 1.0000e-12     0.1232  661762352    14.9707          0    478.939    898.241 0.0000e+00
    480.000    36.0222    36.0092    15.0964    15.0975    177.991    181.535    -0.0229 1.0000e-12     0.1240  661762358    15.0740          0    483.986    904.443 0.0000e+00
    485.000    36.0136    36.0005    15.0591    15.0593    177.158    180.160    -0.0231 1.0000e-12     0.1247  661762367    15.2121          0    489.033    912.725 0.0000e+00
    490.000    35.9964    35.9837    14.9491    14.9506    176.706    179.300    -0.0261 1.0000e-12     0.1251  661762373    15.3124          0    494.081    918.744 0.0000e+00
    495.000    35.9795    35.9669    14.8537    14.8549    176.180    178.536    -0.0123 1.0000e-12     0.1251  661762381    15.4582          0    499.128    927.492 0.0000e+00
    500.000    35.9652    35.9525    14.7654    14.7676    175.463    177.525    -0.0177 1.0000e-12     0.1254  661762387    15.5560          0    504.176    933.358 0.0000e+00
    505.000    35.9533    35.9408    14.6956    14.6973    175.010    176.161    -0.0237 1.0000e-12     0.1237  661762395    15.6875          0    509.224    941.249 0.0000e+00
    510.000    35.9456    35.9329    14.6521    14.6535    174.695    176.181    -0.0204 1.0000e-12     0.1249  661762402    15.7953          0    514.272    947.720 0.0000e+00
    515.000    35.9260    35.9133    14.5283    14.5282    174.316    175.058    -0.0183 1.0000e-12     0.1247  661762409    15.9222          0    519.321    955.332 0.0000e+00
    520.000    35.9011    35.8885    14.3663    14.3670    173.566    173.197    -0.0152 1.0000e-12     0.1251  661762416    16.0329          0    524.369    961.975 0.0000e+00
    525.000    35.8755    35.8630    14.2000    14.2021    172.814    172.017    -0.0149 1.0000e-12     0.1246  661762424    16.1623          0    529.417    969.741 0.0000e+00
    530.000    35.8651    35.8525    14.1363    14.1379    172.278    171.177    -0.0178 1.0000e-12     0.1261  661762430    16.2697          0    534.466    976.183 0.0000e+00
    535.000    35.8544    35.8420    14.0681    14.0701    172.231    170.842    -0.0121 1.0000e-12     0.1251  661762438    16.3993          0    539.515    983.960 0.0000e+00
    540.000    35.8505    35.8383    14.0487    14.0512    172.198    170.921    -0.0169 1.0000e-12     0.1243  661762445    16.5112          0    544.563    990.674 0.0000e+00
    545.000    35.8386    35.8266    13.9689    13.9706    172.440    170.665    -0.0201 1.0000e-12     0.1242  661762452    16.6403          0    549.612    998.416 0.0000e+00
    550.000    35.8250    35.8126    13.8719    13.8755    171.951    169.502    -0.0145 1.0000e-12     0.1247  661762459    16.7523          0    554.661   1005.136 0.0000e+00
    555.000    35.8020    35.7899    13.7028    13.7040    171.792    168.595    -0.0217 1.0000e-12     0.1233  661762466    16.8767          0    559.710   1012.603 0.0000e+00
    560.000    35.7815    35.7694    13.5583    13.5604    170.946    167.956    -0.0195 1.0000e-12     0.1243  661762473    16.9914          0    564.760   1019.484 0.0000e+00
    565.000    35.7536    35.7415    13.3469    13.3489    170.296    166.554    -0.0204 1.0000e-12     0.1247  661762482    17.1301          0    569.809   1027.806 0.0000e+00
    570.000    35.7505    35.7383    13.3365    13.3377    169.519    166.014    -0.0209 1.0000e-12     0.1249  661762488    17.2337          0    574.859   1034.023 0.0000e+00
    575.000    35.7398    35.7281    13.2608    13.2618    169.757    165.928    -0.0201 1.0000e-12     0.1243  661762495    17.3480          0    579.908   1040.881 0.0000e+00
    580.000    35.7272    35.7151    13.1698    13.1705    169.454    164.902    -0.0136 1.0000e-12     0.1253  661762502    17.4690          0    584.958   1048.141 0.0000e+00
    585.000    35.7089    35.6972    13.0273    13.0291    169.368    164.263    -0.0118 1.0000e-12     0.1255  661762509    17.5939          0    590.008   1055.636 0.0000e+00
    590.000    35.6933    35.6815    12.9147    12.9168    168.827    163.460    -0.0193 1.0000e-12     0.1242  661762516    17.7049          0    595.058   1062.291 0.0000e+00
    595.000    35.6831    35.6713    12.8462    12.8475    168.690    162.997    -0.0187 1.0000e-12     0.1244  661762525    17.8452          0    600.108   1070.710 0.0000e+00
    600.000    35.6681    35.6562    12.7255    12.7258    168.849    162.393    -0.0151 1.0000e-12     0.1251  661762530    17.9429          0    605.158   1076.575 0.0000e+00
    605.000    35.6491    35.6376    12.5813    12.5825    168.855    162.427    -0.0105 1.0000e-12     0.1240  661762539    18.0835          0    610.209   1085.010 0.0000e+00
    610.000    35.6278    35.6167    12.4180    12.4203    169.123    161.741    -0.0168 1.0000e-12     0.1248  661762545    18.1821          0    615.259   1090.923 0.0000e+00
    615.000    35.6027    35.5907    12.2225    12.2173    169.354    161.354    -0.0143 1.0000e-12     0.1260  661762552    18.3059          0    620.310   1098.356 0.0000e+00
    620.000    35.5862    35.5747    12.0974    12.0993    168.757    160.579    -0.0098 1.0000e-12     0.1251  661762560    18.4286          0    625.361   1105.713 0.0000e+00
    625.000    35.5713    35.5595    11.9854    11.9870    169.206    160.309    -0.0143 1.0000e-12     0.1249  661762566    18.5433          0    630.412   1112.597 0.0000e+00
    630.000    35.5545    35.5434    11.8500    11.8513    168.958    160.024    -0.0092 1.0000e-12     0.1243  661762574    18.6613          0    635.463   1119.677 0.0000e+00
    635.000    35.5386    35.5272    11.7166    11.7183    169.103    159.117    -0.0122 1.0000e-12     0.1255  661762581    18.7808          0    640.514   1126.850 0.0000e+00
    640.000    35.5293    35.5181    11.6380    11.6401    168.547    159.127    -0.0099 1.0000e-12     0.1260  661762588    18.8996          0    645.565   1133.976 0.0000e+00
    645.000    35.5248    35.5133    11.6107    11.6098    169.044    158.435    -0.0139 1.0000e-12     0.1245  661762595    19.0170          0    650.616   1141.021 0.0000e+00
    650.000    35.5088    35.4975    11.4414    11.4414    169.383    158.328    -0.0101 1.0000e-12     0.1226  661762601    19.1234          0    655.668   1147.407 0.0000e+00
    655.000    35.4939    35.4831    11.2979    11.3003    170.286    158.118    -0.0142 1.0000e-12     0.1253  661762610    19.2714          0    660.719   1156.282 0.0000e+00
    660.000    35.4885    35.4774    11.2462    11.2447    170.320    158.227    -0.0093 1.0000e-12     0.1242  661762616    19.3715          0    665.771   1162.293 0.0000e+00
    665.000    35.4803    35.4695    11.1636    11.1670    170.737    158.131    -0.0095 1.0000e-12     0.1244  661762624    19.5001          0    670.823   1170.009 0.0000e+00
    670.000    35.4666    35.4559    11.0128    11.0159    171.293    157.930    -0.0085 1.0000e-12     0.1254  661762630    19.6082          0    675.875   1176.494 0.0000e+00
    675.000    35.4540    35.4433    10.8999    10.9010    172.348    157.686    -0.0110 1.0000e-12     0.1252  661762640    19.7609          0    680.927   1185.654 0.0000e+00
    680.000    35.4486    35.4376    10.8503    10.8485    173.336    157.042    -0.0099 1.0000e-12     0.1247  661762645    19.8524          0    685.979   1191.145 0.0000e+00
    685.000    35.4431    35.4324    10.7976    10.7996    175.285    157.219    -0.0092 1.0000e-12     0.1251  661762652    19.9707          0    691.032   1198.241 0.0000e+00
    690.000    35.4360    35.4252    10.7397    10.7416    178.585    156.435    -0.0111 1.0000e-12     0.1254  661762660    20.0960          0    696.084   1205.762 0.0000e+00
    695.000    35.4230    35.4127    10.6024    10.6047    184.423    156.216    -0.0074 1.0000e-12     0.1242  661762667    20.2110          0    701.137   1212.661 0.0000e+00
    700.000    35.4075    35.3966    10.4205    10.4223    193.158    155.669    -0.0073 1.0000e-12     0.1245  661762674    20.3347          0    706.189   1220.082 0.0000e+00
    705.000    35.3983    35.3877    10.2553    10.2579    189.929    155.831    -0.0076 1.0000e-12     0.1251  661762681    20.4503          0    711.242   1227.018 0.0000e+00
    710.000    35.3916    35.3808    10.1758    10.1779    179.881    156.335    -0.0084 1.0000e-12     0.1249  661762688    20.5737          0    716.295   1234.420 0.0000e+00
    715.000    35.3878    35.3770    10.1206    10.1228    177.452    156.234    -0.0045 1.0000e-12     0.1263  661762695    20.6915          0    721.348   1241.491 0.0000e+00
    720.000    35.3852    35.3747    10.0898    10.0916    177.209    156.676    -0.0136 1.0000e-12     0.1240  661762702    20.8038          0    726.401   1248.227 0.0000e+00
    725.000    35.3785    35.3680    10.0216    10.0236    178.445    156.293    -0.0069 1.0000e-12     0.1239  661762710    20.9327          0    731.455   1255.963 0.0000e+00
    730.000    35.3877    35.3772    10.0061    10.0082    177.709    156.421    -0.0062 1.0000e-12     0.1245  661762716    21.0397          0    736.508   1262.382 0.0000e+00
    735.000    35.4053    35.3947    10.0055    10.0075    180.541    160.228    -0.0085 1.0000e-12     0.1247  661762724    21.1615          0    741.562   1269.688 0.0000e+00
    740.000    35.4200    35.4093    10.0034    10.0054    183.329    162.597    -0.0065 1.0000e-12     0.1259  661762731    21.2809          0    746.615   1276.854 0.0000e+00
    745.000    35.4270    35.4164    10.0032    10.0052    184.726    164.159    -0.0075 1.0000e-12     0.1249  661762738    21.3945          0    751.669   1283.668 0.0000e+00
    750.000    35.4355    35.4249     9.9923     9.9943    186.795    165.256    -0.0083 1.0000e-12     0.1249  661762745    21.5187          0    756.723   1291.124 0.0000e+00
    755.000    35.4410    35.4301     9.9748     9.9774    188.730    166.641    -0.0122 1.0000e-12     0.1237  661762752    21.6319          0    761.777   1297.912 0.0000e+00
    760.000    35.4442    35.4335     9.9413     9.9433    189.961    167.447    -0.0104 1.0000e-12     0.1246  661762759    21.7505          0    766.831   1305.032 0.0000e+00
    765.000    35.4459    35.4352     9.9128     9.9147    191.280    168.262    -0.0060 1.0000e-12     0.1243  661762767    21.8815          0    771.886   1312.891 0.0000e+00
    770.000    35.4461    35.4353     9.8832     9.8858    189.161    168.416    -0.0091 1.0000e-12     0.1240  661762774    21.9974          0    776.940   1319.846 0.0000e+00
    775.000    35.4462    35.4354     9.8720     9.8740    188.477    168.439    -0.0069 1.0000e-12     0.1258  661762781    22.1114          0    781.994   1326.686 0.0000e+00
    780.000    35.4466    35.4356     9.8360     9.8388    187.251    168.524    -0.0115 1.0000e-12     0.1237  661762788    22.2411          0    787.049   1334.468 0.0000e+00
    785.000    35.4459    35.4352     9.7762     9.7779    186.419    169.113    -0.0126 1.0000e-12     0.1245  661762795    22.3556          0    792.104   1341.334 0.0000e+00
    790.000    35.4443    35.4331     9.7333     9.7377    188.688    168.826    -0.0077 1.0000e-12     0.1243  661762803    22.4857          0    797.159   1349.142 0.0000e+00
    795.000    35.4431    35.4322     9.7036     9.7033    185.983    168.872    -0.0077 1.0000e-12     0.1244  661762809    22.5896          0    802.214   1355.375 0.0000e+00
    800.000    35.4420    35.4309     9.6462     9.6482    186.606    169.062    -0.0102 1.0000e-12     0.1250  661762818    22.7390          0    807.269   1364.338 0.0000e+00
    805.000    35.4420    35.4308     9.6198     9.6227    184.090    168.947    -0.0076 1.0000e-12     0.1248  661762825    22.8461          0    812.324   1370.768 0.0000e+00
    810.000    35.4420    35.4309     9.5879     9.5896    181.758    169.220    -0.0007 1.0000e-12     0.1258  661762832    22.9659          0    817.379   1377.953 0.0000e+00
    815.000    35.4412    35.4292     9.5201     9.5248    181.345    169.303    -0.0097 1.0000e-12     0.1237  661762840    23.0998          0    822.435   1385.987 0.0000e+00
    820.000    35.4423    35.4307     9.4537     9.4526    181.423    169.265    -0.0093 1.0000e-12     0.1250  661762847    23.2108          0    827.491   1392.648 0.0000e+00
    825.000    35.4436    35.4323     9.3794     9.3814    183.759    169.369    -0.0043 1.0000e-12     0.1251  661762854    23.3373          0    832.546   1400.239 0.0000e+00
    830.000    35.4433    35.4319     9.3681     9.3704    182.803    169.519    -0.0045 1.0000e-12     0.1260  661762861    23.4603          0    837.602   1407.618 0.0000e+00
    835.000    35.4452    35.4336     9.3309     9.3354    181.432    169.569    -0.0051 1.0000e-12     0.1255  661762869    23.5803          0    842.658   1414.816 0.0000e+00
    840.000    35.4507    35.4394     9.2659     9.2678    181.811    169.800    -0.0017 1.0000e-12     0.1267  661762876    23.7008          0    847.714   1422.047 0.0000e+00
    845.000    35.4536    35.4421     9.2510     9.2535    182.426    170.059    -0.0040 1.0000e-12     0.1267  661762883    23.8271          0    852.770   1429.626 0.0000e+00
    850.000    35.4556    35.4442     9.2386     9.2406    182.154    169.921    -0.0022 1.0000e-12     0.1274  661762890    23.9426          0    857.827   1436.556 0.0000e+00
    855.000    35.4588    35.4477     9.2216     9.2222    182.878    169.842    -0.0054 1.0000e-12     0.1269  661762899    24.0809          0    862.883   1444.852 0.0000e+00
    860.000    35.4644    35.4530     9.1936     9.1953    182.549    170.034    -0.0059 1.0000e-12     0.1258  661762904    24.1724          0    867.940   1450.346 0.0000e+00
    865.000    35.4657    35.4542     9.1835     9.1855    183.854    170.425    -0.0024 1.0000e-12     0.1260  661762914    24.3433          0    872.997   1460.595 0.0000e+00
    870.000    35.4697    35.4574     9.1538     9.1608    183.516    170.162    -0.0035 1.0000e-12     0.1259  661762920    24.4296          0    878.054   1465.773 0.0000e+00
    875.000    35.4732    35.4618     9.0834     9.0857    184.714    171.085    -0.0033 1.0000e-12     0.1265  661762927    24.5568          0    883.110   1473.405 0.0000e+00
    880.000    35.4744    35.4627     9.0424     9.0447    186.240    171.974    -0.0024 1.0000e-12     0.1252  661762934    24.6767          0    888.167   1480.603 0.0000e+00
    885.000    35.4717    35.4601     8.9949     8.9969    186.784    172.386    -0.0051 1.0000e-12     0.1264  661762941    24.7877          0    893.225   1487.259 0.0000e+00
    890.000    35.4688    35.4575     8.9628     8.9663    188.263    173.277    -0.0006 1.0000e-12     0.1263  661762950    24.9331          0    898.282   1495.989 0.0000e+00
    895.000    35.4627    35.4512     8.8953     8.8955    188.506    173.477    -0.0031 1.0000e-12     0.1267  661762956    25.0283          0    903.340   1501.697 0.0000e+00
    900.000    35.4507    35.4391     8.7922     8.7944    190.296    174.350    -0.0056 1.0000e-12     0.1266  661762963    25.1608          0    908.397   1509.647 0.0000e+00
    905.000    35.4462    35.4344     8.7619     8.7640    190.608    174.364    -0.0037 1.0000e-12     0.1261  661762970    25.2706          0    913.455   1516.234 0.0000e+00
