data/UWS/CTD_bulk_raw/SO279/SO279_CTD_processed/SO279_81-1_CTD-06_processed.ros
* Sea-Bird SBE 9 Data File:
* FileName = D:\CTDData\SO279\SO279_81-1_CTD-06.hex
* Software Version Seasave V 7.26.1.8
* Temperature SN = 5938
* Conductivity SN = 4108
* Number of Bytes Per Scan = 41
* Number of Voltage Words = 4
* Number of Scans Averaged by the Deck Unit = 1
* NMEA Latitude = 33 08.61 N
* NMEA Longitude = 033 46.68 W
* NMEA UTC (Time) = Dec 21 2020  14:08:40
* NMEA baud rate = 4800
# nquan = 17
# nvalues = 1575                                  
# units = specified
# name 0 = depSM: Depth [salt water, m]
# name 1 = sal00: Salinity, Practical [PSU]
# name 2 = sal11: Salinity, Practical, 2 [PSU]
# name 3 = t090C: Temperature [ITS-90, deg C]
# name 4 = t190C: Temperature, 2 [ITS-90, deg C]
# name 5 = sbeox0Mm/L: Oxygen, SBE 43 [umol/l]
# name 6 = sbeox1Mm/L: Oxygen, SBE 43, 2 [umol/l]
# name 7 = flECO-AFL: Fluorescence, WET Labs ECO-AFL/FL [mg/m^3]
# name 8 = par: PAR/Irradiance, Biospherical/Licor
# name 9 = turbWETntu0: Turbidity, WET Labs ECO [NTU]
# name 10 = timeQ: Time, NMEA [seconds]
# name 11 = timeM: Time, Elapsed [minutes]
# name 12 = nbf: Bottles Fired
# name 13 = prDM: Pressure, Digiquartz [db]
# name 14 = timeS: Time, Elapsed [seconds]
# name 15 = scan: Scan Count
# name 16 = flag:  0.000e+00
# interval = seconds: 0.0416667
# start_time = Dec 21 2020 14:08:40 [NMEA time, first data scan]
# bad_flag = -9.990e-29
*END*
[from data line 1532]
     11.984    36.9934    36.9779    21.7690    21.7675    199.426    205.171    -0.0377 1.0000e-12     0.1324  661885367   174.1104         24     12.070  10446.625     250720  0.000e+00
     11.939    36.9933    36.9778    21.7690    21.7672    199.302    205.177    -0.0377 1.0000e-12     0.1324  661885367   174.1111         24     12.025  10446.667     250721  0.000e+00
     11.952    36.9935    36.9780    21.7688    21.7672    199.293    205.184    -0.0377 1.0000e-12     0.1324  661885367   174.1118         24     12.037  10446.708     250722  0.000e+00
     11.984    36.9941    36.9780    21.7687    21.7670    199.398    205.185    -0.0377 1.0000e-12     0.1324  661885367   174.1125         24     12.069  10446.750     250723  0.000e+00
     11.939    36.9934    36.9781    21.7688    21.7665    199.395    205.186    -0.0377 1.0000e-12     0.1299  661885367   174.1132         24     12.025  10446.792     250724  0.000e+00
     11.895    36.9935    36.9778    21.7688    21.7665    199.274    205.187    -0.0377 1.0000e-12     0.1324  661885367   174.1139         24     11.980  10446.833     250725  0.000e+00
     11.984    36.9937    36.9776    21.7685    21.7663    199.271    205.203    -0.0377 1.0000e-12     0.1299  661885367   174.1146         24     12.069  10446.875     250726  0.000e+00
     11.939    36.9934    36.9775    21.7688    21.7663    199.390    205.216    -0.0450 1.0000e-12     0.1299  661885367   174.1153         24     12.024  10446.917     250727  0.000e+00
     11.939    36.9935    36.9779    21.7685    21.7661    199.393    205.222    -0.0597 1.0000e-12     0.1324  661885367   174.1160         24     12.024  10446.958     250728  0.000e+00
     11.907    36.9936    36.9774    21.7686    21.7663    199.514    205.228    -0.0670 1.0000e-12     0.1324  661885367   174.1167         24     11.992  10447.000     250729  0.000e+00
     11.939    36.9937    36.9773    21.7685    21.7661    199.406    205.238    -0.0597 1.0000e-12     0.1324  661885367   174.1174         24     12.024  10447.042     250730  0.000e+00
     11.895    36.9931    36.9777    21.7686    21.7658    199.403    205.380    -0.0597 1.0000e-12     0.1324  661885367   174.1181         24     11.979  10447.083     250731  0.000e+00
     11.939    36.9934    36.9781    21.7685    21.7661    199.403    205.267    -0.0597 1.0000e-12     0.1324  661885367   174.1188         24     12.024  10447.125     250732  0.000e+00
     11.894    36.9936    36.9782    21.7685    21.7672    199.400    205.405    -0.0597 1.0000e-12     0.1324  661885367   174.1194         24     11.979  10447.167     250733  0.000e+00
     11.939    36.9933    36.9786    21.7685    21.7683    199.527    205.424    -0.0597 1.0000e-12     0.1324  661885367   174.1201         24     12.024  10447.208     250734  0.000e+00
     11.856    36.9938    36.9784    21.7683    21.7689    199.412    205.443    -0.0597 1.0000e-12     0.1324  661885367   174.1208         24     11.941  10447.250     250735  0.000e+00
     11.939    36.9933    36.9788    21.7683    21.7690    199.422    205.468    -0.0597 1.0000e-12     0.1324  661885367   174.1215         24     12.024  10447.292     250736  0.000e+00
     11.843    36.9935    36.9788    21.7680    21.7689    199.541    205.490    -0.0597 1.0000e-12     0.1324  661885367   174.1222         24     11.928  10447.333     250737  0.000e+00
     11.894    36.9933    36.9785    21.7679    21.7691    199.431    205.384    -0.0597 1.0000e-12     0.1324  661885367   174.1229         24     11.979  10447.375     250738  0.000e+00
     11.894    36.9935    36.9787    21.7681    21.7691    199.432    205.400    -0.0597 1.0000e-12     0.1324  661885367   174.1236         24     11.979  10447.417     250739  0.000e+00
     11.843    36.9935    36.9789    21.7678    21.7691    199.547    205.417    -0.0597 1.0000e-12     0.1324  661885367   174.1243         24     11.928  10447.458     250740  0.000e+00
     11.907    36.9931    36.9784    21.7677    21.7688    199.552    205.429    -0.0597 1.0000e-12     0.1324  661885368   174.1250         24     11.992  10447.500     250741  0.000e+00
     11.843    36.9932    36.9785    21.7672    21.7686    199.554    205.438    -0.0597 1.0000e-12     0.1324  661885368   174.1257         24     11.928  10447.542     250742  0.000e+00
     11.894    36.9930    36.9787    21.7674    21.7686    199.557    205.450    -0.0597 1.0000e-12     0.1324  661885368   174.1264         24     11.979  10447.583     250743  0.000e+00
     11.799    36.9929    36.9787    21.7670    21.7686    199.566    205.591    -0.0597 1.0000e-12     0.1299  661885368   174.1271         24     11.883  10447.625     250744  0.000e+00
     11.894    36.9927    36.9789    21.7670    21.7683    199.571    205.474    -0.0597 1.0000e-12     0.1324  661885368   174.1278         24     11.979  10447.667     250745  0.000e+00
     11.799    36.9932    36.9789    21.7672    21.7684    199.576    205.474    -0.0597 1.0000e-12     0.1324  661885368   174.1285         24     11.883  10447.708     250746  0.000e+00
     11.856    36.9934    36.9786    21.7673    21.7686    199.706    205.477    -0.0597 1.0000e-12     0.1324  661885368   174.1292         24     11.940  10447.750     250747  0.000e+00
     11.843    36.9936    36.9787    21.7677    21.7688    199.593    205.480    -0.0597 1.0000e-12     0.1324  661885368   174.1299         24     11.928  10447.792     250748  0.000e+00
     11.798    36.9935    36.9790    21.7679    21.7689    199.720    205.481    -0.0597 1.0000e-12     0.1324  661885368   174.1306         24     11.883  10447.833     250749  0.000e+00
     11.843    36.9935    36.9787    21.7680    21.7688    199.737    205.487    -0.0597 1.0000e-12     0.1324  661885368   174.1312         24     11.928  10447.875     250750  0.000e+00
     11.798    36.9940    36.9782    21.7681    21.7688    199.631    205.491    -0.0597 1.0000e-12     0.1299  661885368   174.1319         24     11.883  10447.917     250751  0.000e+00
     11.798    36.9944    36.9784    21.7683    21.7687    199.640    205.496    -0.0597 1.0000e-12     0.1324  661885368   174.1326         24     11.883  10447.958     250752  0.000e+00
     11.811    36.9941    36.9784    21.7681    21.7686    199.651    205.502    -0.0524 1.0000e-12     0.1299  661885368   174.1333         24     11.895  10448.000     250753  0.000e+00
     11.798    36.9935    36.9790    21.7682    21.7685    199.780    205.507    -0.0450 1.0000e-12     0.1324  661885368   174.1340         24     11.883  10448.042     250754  0.000e+00
     11.843    36.9935    36.9786    21.7683    21.7686    199.797    205.514    -0.0450 1.0000e-12     0.1324  661885368   174.1347         24     11.927  10448.083     250755  0.000e+00
     11.754    36.9936    36.9785    21.7681    21.7685    199.693    205.386    -0.0450 1.0000e-12     0.1299  661885368   174.1354         24     11.838  10448.125     250756  0.000e+00
     11.843    36.9937    36.9783    21.7682    21.7686    199.824    205.386    -0.0450 1.0000e-12     0.1324  661885368   174.1361         24     11.927  10448.167     250757  0.000e+00
     11.798    36.9936    36.9785    21.7683    21.7684    199.833    205.374    -0.0450 1.0000e-12     0.1324  661885368   174.1368         24     11.882  10448.208     250758  0.000e+00
     11.811    36.9938    36.9784    21.7681    21.7685    199.850    205.372    -0.0450 1.0000e-12     0.1324  661885368   174.1375         24     11.895  10448.250     250759  0.000e+00
     11.798    36.9937    36.9785    21.7683    21.7684    199.859    205.362    -0.0450 1.0000e-12     0.1324  661885368   174.1382         24     11.882  10448.292     250760  0.000e+00
     11.754    36.9940    36.9783    21.7682    21.7686    199.874    205.350    -0.0450 1.0000e-12     0.1324  661885368   174.1389         24     11.837  10448.333     250761  0.000e+00
     11.798    36.9937    36.9783    21.7683    21.7683    199.885    205.343    -0.0450 1.0000e-12     0.1324  661885368   174.1396         24     11.882  10448.375     250762  0.000e+00
