data/UWS/CTD_bulk_raw/SO279/SO279_CTD_processed/SO279_36-1_CTD-03_processed.ros
* Sea-Bird SBE 9 Data File:
* FileName = D:\CTDData\SO279\SO279_36-1_CTD-01.hex
* Software Version Seasave V 7.26.1.8
* Temperature SN = 5938
* Conductivity SN = 4108
* Number of Bytes Per Scan = 41
* Number of Voltage Words = 4
* Number of Scans Averaged by the Deck Unit = 1
* NMEA Latitude = 30 53.53 N
* NMEA Longitude = 029 18.84 W
* NMEA UTC (Time) = Dec 16 2020  05:18:34
* NMEA baud rate = 4800
# nquan = 17
# nvalues = 1684                                  
# units = specified
# name 0 = depSM: Depth [salt water, m]
# name 1 = sal00: Salinity, Practical [PSU]
# name 2 = sal11: Salinity, Practical, 2 [PSU]
# name 3 = t090C: Temperature [ITS-90, deg C]
# name 4 = t190C: Temperature, 2 [ITS-90, deg C]
# name 5 = sbeox0Mm/L: Oxygen, SBE 43 [umol/l]
# name 6 = sbeox1Mm/L: Oxygen, SBE 43, 2 [umol/l]
# name 7 = flECO-AFL: Fluorescence, WET Labs ECO-AFL/FL [mg/m^3]
# name 8 = par: PAR/Irradiance, Biospherical/Licor
# name 9 = turbWETntu0: Turbidity, WET Labs ECO [NTU]
# name 10 = timeQ: Time, NMEA [seconds]
# name 11 = timeM: Time, Elapsed [minutes]
# name 12 = nbf: Bottles Fired
# name 13 = prDM: Pressure, Digiquartz [db]
# name 14 = timeS: Time, Elapsed [seconds]
# name 15 = scan: Scan Count
# name 16 = flag:  0.000e+00
# interval = seconds: 0.0416667
# start_time = Dec 16 2020 05:18:35 [NMEA time, first data scan]
# bad_flag = -9.990e-29
*END*
[from data line 596]
   3744.284    34.9210    34.9121     2.5303     2.5313    227.924    230.657     0.0136 1.0000e-12     0.1324  661418413   121.6292         10   3804.053   7297.750     175147  0.000e+00
   3744.271    34.9206    34.9118     2.5304     2.5314    227.773    230.672     0.0062 1.0000e-12     0.1324  661418413   121.6299         10   3804.039   7297.792     175148  0.000e+00
   3744.223    34.9207    34.9123     2.5305     2.5313    228.091    230.687     0.0136 1.0000e-12     0.1324  661418413   121.6306         10   3803.991   7297.833     175149  0.000e+00
   3744.176    34.9208    34.9123     2.5304     2.5314    228.111    231.150     0.0136 1.0000e-12     0.1324  661418413   121.6312         10   3803.943   7297.875     175150  0.000e+00
   3744.116    34.9213    34.9121     2.5303     2.5314    228.130    231.287     0.0062 1.0000e-12     0.1324  661418413   121.6319         10   3803.881   7297.917     175151  0.000e+00
   3744.116    34.9208    34.9120     2.5303     2.5313    228.151    231.421     0.0136 1.0000e-12     0.1324  661418413   121.6326         10   3803.881   7297.958     175152  0.000e+00
   3744.069    34.9208    34.9118     2.5305     2.5316    228.553    231.546     0.0062 1.0000e-12     0.1324  661418413   121.6333         10   3803.832   7298.000     175153  0.000e+00
   3744.008    34.9209    34.9121     2.5305     2.5316    228.652    231.666     0.0136 1.0000e-12     0.1324  661418413   121.6340         10   3803.770   7298.042     175154  0.000e+00
   3743.954    34.9211    34.9116     2.5301     2.5314    228.368    231.333     0.0136 1.0000e-12     0.1324  661418413   121.6347         10   3803.715   7298.083     175155  0.000e+00
   3743.968    34.9206    34.9121     2.5305     2.5314    228.293    231.189     0.0062 1.0000e-12     0.1324  661418413   121.6354         10   3803.729   7298.125     175156  0.000e+00
   3743.955    34.9210    34.9118     2.5303     2.5314    228.216    231.040     0.0136 1.0000e-12     0.1299  661418413   121.6361         10   3803.715   7298.167     175157  0.000e+00
   3743.854    34.9208    34.9121     2.5304     2.5313    228.220    230.883     0.0062 1.0000e-12     0.1275  661418413   121.6368         10   3803.612   7298.208     175158  0.000e+00
   3743.860    34.9210    34.9118     2.5302     2.5314    228.229    231.306     0.0062 1.0000e-12     0.1275  661418413   121.6375         10   3803.619   7298.250     175159  0.000e+00
   3743.800    34.9212    34.9120     2.5304     2.5314    228.232    231.400     0.0136 1.0000e-12     0.1275  661418413   121.6382         10   3803.557   7298.292     175160  0.000e+00
   3743.746    34.9205    34.9119     2.5305     2.5313    228.150    231.357     0.0062 1.0000e-12     0.1275  661418413   121.6389         10   3803.502   7298.333     175161  0.000e+00
   3743.699    34.9210    34.9120     2.5304     2.5314    228.448    231.434     0.0136 1.0000e-12     0.1275  661418413   121.6396         10   3803.453   7298.375     175162  0.000e+00
   3743.692    34.9209    34.9122     2.5303     2.5314    228.058    231.508     0.0136 1.0000e-12     0.1275  661418413   121.6403         10   3803.447   7298.417     175163  0.000e+00
   3743.692    34.9209    34.9117     2.5303     2.5316    228.434    231.710     0.0062 1.0000e-12     0.1275  661418413   121.6410         10   3803.447   7298.458     175164  0.000e+00
   3743.598    34.9207    34.9122     2.5305     2.5313    228.033    231.778     0.0136 1.0000e-12     0.1275  661418413   121.6417         10   3803.350   7298.500     175165  0.000e+00
   3743.592    34.9211    34.9121     2.5303     2.5314    228.020    231.840     0.0136 1.0000e-12     0.1275  661418413   121.6424         10   3803.343   7298.542     175166  0.000e+00
   3743.538    34.9214    34.9126     2.5302     2.5313    227.917    231.448     0.0062 1.0000e-12     0.1275  661418413   121.6431         10   3803.288   7298.583     175167  0.000e+00
   3743.545    34.9210    34.9117     2.5303     2.5314    227.900    231.829     0.0062 1.0000e-12     0.1275  661418413   121.6438         10   3803.295   7298.625     175168  0.000e+00
   3743.484    34.9210    34.9119     2.5303     2.5313    227.880    231.881     0.0062 1.0000e-12     0.1275  661418413   121.6444         10   3803.233   7298.667     175169  0.000e+00
   3743.430    34.9206    34.9116     2.5304     2.5314    227.949    231.477     0.0136 1.0000e-12     0.1275  661418413   121.6451         10   3803.178   7298.708     175170  0.000e+00
   3743.437    34.9211    34.9117     2.5303     2.5314    227.552    231.397     0.0136 1.0000e-12     0.1275  661418414   121.6458         10   3803.185   7298.750     175171  0.000e+00
   3743.376    34.9208    34.9119     2.5305     2.5311    227.542    231.317     0.0136 1.0000e-12     0.1275  661418414   121.6465         10   3803.123   7298.792     175172  0.000e+00
   3743.323    34.9210    34.9118     2.5306     2.5314    227.923    231.234     0.0062 1.0000e-12     0.1275  661418414   121.6472         10   3803.068   7298.833     175173  0.000e+00
   3743.329    34.9208    34.9120     2.5303     2.5314    228.012    231.154     0.0136 1.0000e-12     0.1275  661418414   121.6479         10   3803.075   7298.875     175174  0.000e+00
   3743.323    34.9208    34.9121     2.5304     2.5314    228.015    231.523     0.0136 1.0000e-12     0.1275  661418414   121.6486         10   3803.068   7298.917     175175  0.000e+00
   3743.222    34.9208    34.9121     2.5306     2.5312    227.927    231.698     0.0136 1.0000e-12     0.1275  661418414   121.6493         10   3802.964   7298.958     175176  0.000e+00
   3743.229    34.9210    34.9117     2.5304     2.5314    228.223    231.872     0.0062 1.0000e-12     0.1275  661418414   121.6500         10   3802.971   7299.000     175177  0.000e+00
   3743.168    34.9213    34.9121     2.5303     2.5313    227.446    231.464     0.0062 1.0000e-12     0.1275  661418414   121.6507         10   3802.909   7299.042     175178  0.000e+00
   3743.168    34.9213    34.9116     2.5305     2.5316    227.649    231.377     0.0136 1.0000e-12     0.1275  661418414   121.6514         10   3802.909   7299.083     175179  0.000e+00
   3743.121    34.9204    34.9116     2.5305     2.5314    227.638    231.292     0.0136 1.0000e-12     0.1275  661418414   121.6521         10   3802.861   7299.125     175180  0.000e+00
   3743.114    34.9212    34.9118     2.5302     2.5313    227.716    231.207     0.0136 1.0000e-12     0.1275  661418414   121.6528         10   3802.854   7299.167     175181  0.000e+00
   3743.061    34.9210    34.9119     2.5305     2.5314    227.706    230.986     0.0136 1.0000e-12     0.1299  661418414   121.6535         10   3802.799   7299.208     175182  0.000e+00
   3743.014    34.9209    34.9120     2.5303     2.5313    227.699    230.762     0.0136 1.0000e-12     0.1348  661418414   121.6542         10   3802.751   7299.250     175183  0.000e+00
   3743.007    34.9208    34.9120     2.5304     2.5311    227.691    231.117     0.0136 1.0000e-12     0.1348  661418414   121.6549         10   3802.744   7299.292     175184  0.000e+00
   3743.007    34.9209    34.9121     2.5305     2.5310    227.771    231.144     0.0136 1.0000e-12     0.1348  661418414   121.6556         10   3802.744   7299.333     175185  0.000e+00
   3742.913    34.9207    34.9115     2.5305     2.5309    228.147    231.164     0.0062 1.0000e-12     0.1348  661418414   121.6563         10   3802.648   7299.375     175186  0.000e+00
   3742.906    34.9210    34.9116     2.5304     2.5308    228.312    231.180     0.0136 1.0000e-12     0.1348  661418414   121.6569         10   3802.641   7299.417     175187  0.000e+00
   3742.859    34.9211    34.9115     2.5305     2.5305    228.386    230.742     0.0062 1.0000e-12     0.1348  661418414   121.6576         10   3802.593   7299.458     175188  0.000e+00
   3742.852    34.9211    34.9116     2.5305     2.5307    228.077    230.624     0.0062 1.0000e-12     0.1348  661418414   121.6583         10   3802.586   7299.500     175189  0.000e+00
   3742.852    34.9211    34.9117     2.5305     2.5308    228.066    230.506     0.0062 1.0000e-12     0.1348  661418414   121.6590         10   3802.586   7299.542     175190  0.000e+00
   3742.751    34.9212    34.9118     2.5304     2.5308    228.053    230.385     0.0062 1.0000e-12     0.1348  661418414   121.6597         10   3802.482   7299.583     175191  0.000e+00
   3742.745    34.9207    34.9120     2.5305     2.5304    228.425    230.271     0.0136 1.0000e-12     0.1348  661418414   121.6604         10   3802.475   7299.625     175192  0.000e+00
   3742.745    34.9210    34.9118     2.5302     2.5305    228.497    230.153     0.0062 1.0000e-12     0.1348  661418414   121.6611         10   3802.476   7299.667     175193  0.000e+00
   3742.651    34.9209    34.9118     2.5304     2.5304    228.559    230.035     0.0136 1.0000e-12     0.1348  661418414   121.6618         10   3802.379   7299.708     175194  0.000e+00
   3742.637    34.9211    34.9118     2.5302     2.5307    228.623    229.915     0.0062 1.0000e-12     0.1348  661418415   121.6625         10   3802.365   7299.750     175195  0.000e+00
   3742.590    34.9206    34.9120     2.5304     2.5307    228.593    229.796     0.0136 1.0000e-12     0.1348  661418415   121.6632         10   3802.317   7299.792     175196  0.000e+00
   3742.651    34.9210    34.9118     2.5302     2.5308    228.178    229.680     0.0062 1.0000e-12     0.1348  661418415   121.6639         10   3802.379   7299.833     175197  0.000e+00
   3742.536    34.9209    34.9116     2.5302     2.5310    228.140    229.559     0.0062 1.0000e-12     0.1348  661418415   121.6646         10   3802.262   7299.875     175198  0.000e+00
   3742.536    34.9212    34.9117     2.5301     2.5307    228.105    230.027     0.0136 1.0000e-12     0.1348  661418415   121.6653         10   3802.262   7299.917     175199  0.000e+00
   3742.435    34.9211    34.9116     2.5300     2.5305    228.068    230.168     0.0062 1.0000e-12     0.1348  661418415   121.6660         10   3802.159   7299.958     175200  0.000e+00
   3742.429    34.9213    34.9117     2.5298     2.5308    228.034    229.860     0.0136 1.0000e-12     0.1348  661418415   121.6667         10   3802.152   7300.000     175201  0.000e+00
   3742.436    34.9212    34.9120     2.5300     2.5305    228.085    229.883     0.0062 1.0000e-12     0.1348  661418415   121.6674         10   3802.159   7300.042     175202  0.000e+00
   3742.429    34.9210    34.9120     2.5299     2.5308    228.142    229.907     0.0062 1.0000e-12     0.1348  661418415   121.6681         10   3802.152   7300.083     175203  0.000e+00
   3742.274    34.9211    34.9116     2.5297     2.5310    227.728    230.251     0.0136 1.0000e-12     0.1348  661418415   121.6688         10   3801.993   7300.125     175204  0.000e+00
   3742.335    34.9209    34.9120     2.5298     2.5307    228.003    230.275     0.0136 1.0000e-12     0.1348  661418415   121.6694         10   3802.055   7300.167     175205  0.000e+00
   3742.321    34.9207    34.9118     2.5301     2.5310    227.977    230.289     0.0062 1.0000e-12     0.1348  661418415   121.6701         10   3802.042   7300.208     175206  0.000e+00
   3742.220    34.9210    34.9120     2.5300     2.5310    227.949    230.296     0.0136 1.0000e-12     0.1324  661418415   121.6708         10   3801.938   7300.250     175207  0.000e+00
   3742.173    34.9210    34.9125     2.5299     2.5311    227.924    230.431     0.0136 1.0000e-12     0.1299  661418415   121.6715         10   3801.890   7300.292     175208  0.000e+00
   3742.167    34.9208    34.9125     2.5300     2.5311    227.899    230.570     0.0209 1.0000e-12     0.1299  661418415   121.6722         10   3801.883   7300.333     175209  0.000e+00
   3742.066    34.9212    34.9122     2.5302     2.5311    227.870    230.705     0.0136 1.0000e-12     0.1299  661418415   121.6729         10   3801.780   7300.375     175210  0.000e+00
   3742.221    34.9211    34.9119     2.5304     2.5310    227.936    230.849     0.0136 1.0000e-12     0.1299  661418415   121.6736         10   3801.938   7300.417     175211  0.000e+00
   3742.059    34.9212    34.9125     2.5303     2.5310    228.293    230.982     0.0209 1.0000e-12     0.1299  661418415   121.6743         10   3801.773   7300.458     175212  0.000e+00
   3006.424    34.9517    34.9424     2.8070     2.8077    230.346    233.804    -0.0011 3.6947e-03     0.1299  661419245   135.4986         11   3049.142   8129.917     195119  0.000e+00
   3006.344    34.9512    34.9423     2.8072     2.8077    230.385    233.814    -0.0011 3.6947e-03     0.1299  661419245   135.4993         11   3049.060   8129.958     195120  0.000e+00
   3006.344    34.9516    34.9427     2.8070     2.8077    230.362    233.442    -0.0011 3.6947e-03     0.1299  661419245   135.5000         11   3049.060   8130.000     195121  0.000e+00
   3006.297    34.9514    34.9428     2.8070     2.8078    230.400    233.359     0.0062 3.5347e-03     0.1299  661419245   135.5007         11   3049.013   8130.042     195122  0.000e+00
   3006.264    34.9511    34.9428     2.8070     2.8077    230.110    233.282    -0.0011 3.6947e-03     0.1299  661419245   135.5014         11   3048.979   8130.083     195123  0.000e+00
   3006.297    34.9511    34.9421     2.8073     2.8080    230.088    233.593    -0.0011 3.6947e-03     0.1299  661419245   135.5021         11   3049.013   8130.125     195124  0.000e+00
   3006.191    34.9515    34.9426     2.8070     2.8077    230.068    233.615    -0.0011 3.5347e-03     0.1299  661419245   135.5028         11   3048.904   8130.167     195125  0.000e+00
   3006.191    34.9514    34.9427     2.8070     2.8078    230.052    233.638    -0.0011 3.6947e-03     0.1299  661419245   135.5035         11   3048.904   8130.208     195126  0.000e+00
   3006.164    34.9513    34.9426     2.8072     2.8078    230.037    233.661    -0.0011 3.6947e-03     0.1299  661419245   135.5042         11   3048.877   8130.250     195127  0.000e+00
   3006.038    34.9514    34.9428     2.8071     2.8077    230.022    233.682    -0.0011 3.6947e-03     0.1299  661419245   135.5049         11   3048.748   8130.292     195128  0.000e+00
   3006.091    34.9518    34.9426     2.8067     2.8078    230.281    233.324    -0.0011 3.5347e-03     0.1299  661419245   135.5056         11   3048.802   8130.333     195129  0.000e+00
   3006.011    34.9514    34.9424     2.8069     2.8080    230.595    233.635    -0.0011 3.5347e-03     0.1299  661419245   135.5062         11   3048.720   8130.375     195130  0.000e+00
   3005.985    34.9515    34.9429     2.8069     2.8078    230.376    233.562    -0.0011 3.5347e-03     0.1299  661419245   135.5069         11   3048.693   8130.417     195131  0.000e+00
   3005.931    34.9514    34.9425     2.8069     2.8078    230.422    233.585     0.0062 3.5347e-03     0.1299  661419245   135.5076         11   3048.639   8130.458     195132  0.000e+00
   3005.885    34.9514    34.9426     2.8069     2.8078    230.402    233.507     0.0062 3.6947e-03     0.1299  661419245   135.5083         11   3048.591   8130.500     195133  0.000e+00
   3005.905    34.9514    34.9425     2.8069     2.8080    230.381    233.527     0.0062 3.5347e-03     0.1299  661419245   135.5090         11   3048.612   8130.542     195134  0.000e+00
   3005.832    34.9514    34.9426     2.8069     2.8078    230.355    233.546     0.0136 3.5347e-03     0.1299  661419245   135.5097         11   3048.537   8130.583     195135  0.000e+00
   3005.778    34.9518    34.9421     2.8067     2.8082    229.998    233.563     0.0062 3.5347e-03     0.1299  661419245   135.5104         11   3048.483   8130.625     195136  0.000e+00
