data/UWS/CTD_bulk_raw/SO279/SO279_CTD_processed/SO279_1-1_CTD-01_processed.ros
* Sea-Bird SBE 9 Data File:
* FileName = D:\CTDData\SO279\SO279_1-1_CTD-01.hex
* Software Version Seasave V 7.26.1.8
* Temperature SN = 5938
* Conductivity SN = 4108
* Number of Bytes Per Scan = 41
* Number of Voltage Words = 4
* Number of Scans Averaged by the Deck Unit = 1
* NMEA Latitude = 47 15.00 N
* NMEA Longitude = 010 06.27 W
* NMEA UTC (Time) = Dec 08 2020  08:01:09
* NMEA baud rate = 4800
# nquan = 17
# nvalues = 1419                                  
# units = specified
# name 0 = depSM: Depth [salt water, m]
# name 1 = sal00: Salinity, Practical [PSU]
# name 2 = sal11: Salinity, Practical, 2 [PSU]
# name 3 = t090C: Temperature [ITS-90, deg C]
# name 4 = t190C: Temperature, 2 [ITS-90, deg C]
# name 5 = sbeox0Mm/L: Oxygen, SBE 43 [umol/l]
# name 6 = sbeox1Mm/L: Oxygen, SBE 43, 2 [umol/l]
# name 7 = flECO-AFL: Fluorescence, WET Labs ECO-AFL/FL [mg/m^3]
# name 8 = par: PAR/Irradiance, Biospherical/Licor
# name 9 = turbWETntu0: Turbidity, WET Labs ECO [NTU]
# name 10 = timeQ: Time, NMEA [seconds]
# name 11 = timeM: Time, Elapsed [minutes]
# name 12 = nbf: Bottles Fired
# name 13 = prDM: Pressure, Digiquartz [db]
# name 14 = timeS: Time, Elapsed [seconds]
# name 15 = scan: Scan Count
# name 16 = flag:  0.000e+00
# interval = seconds: 0.0416667
# start_time = Dec 08 2020 08:01:36 [NMEA time, first data scan]
# bad_flag = -9.990e-29
*END*
[from data line 426]
   1997.190    34.9618    34.9536     3.7094     3.7090    251.939    252.273    -0.0084 1.0000e-12     0.1324  660738944   154.1465          8   2023.694   9248.792     221972  0.000e+00
   1997.243    34.9621    34.9533     3.7096     3.7091    252.206    252.290    -0.0084 1.0000e-12     0.1324  660738944   154.1472          8   2023.747   9248.833     221973  0.000e+00
   1997.243    34.9620    34.9533     3.7098     3.7094    252.202    252.298    -0.0084 1.0000e-12     0.1324  660738945   154.1479          8   2023.747   9248.875     221974  0.000e+00
   1997.243    34.9620    34.9538     3.7103     3.7094    251.973    252.303    -0.0084 1.0000e-12     0.1348  660738945   154.1486          8   2023.747   9248.917     221975  0.000e+00
   1997.341    34.9623    34.9537     3.7108     3.7101    251.928    251.996    -0.0084 1.0000e-12     0.1373  660738945   154.1493          8   2023.847   9248.958     221976  0.000e+00
   1997.295    34.9623    34.9538     3.7111     3.7104    251.880    251.925    -0.0084 1.0000e-12     0.1373  660738945   154.1500          8   2023.801   9249.000     221977  0.000e+00
   1997.275    34.9620    34.9533     3.7114     3.7112    252.100    251.916    -0.0084 1.0000e-12     0.1373  660738945   154.1507          8   2023.781   9249.042     221978  0.000e+00
   1997.341    34.9623    34.9537     3.7113     3.7113    252.099    251.914    -0.0084 1.0000e-12     0.1373  660738945   154.1514          8   2023.847   9249.083     221979  0.000e+00
   1997.295    34.9618    34.9530     3.7116     3.7120    252.401    251.907    -0.0084 1.0000e-12     0.1373  660738945   154.1521          8   2023.801   9249.125     221980  0.000e+00
   1997.341    34.9617    34.9541     3.7111     3.7116    251.953    251.906    -0.0084 1.0000e-12     0.1373  660738945   154.1528          8   2023.847   9249.167     221981  0.000e+00
   1997.393    34.9615    34.9536     3.7107     3.7115    251.955    251.907    -0.0084 1.0000e-12     0.1373  660738945   154.1535          8   2023.901   9249.208     221982  0.000e+00
   1997.394    34.9618    34.9535     3.7103     3.7112    251.911    251.907    -0.0084 1.0000e-12     0.1373  660738945   154.1542          8   2023.901   9249.250     221983  0.000e+00
   1997.394    34.9613    34.9540     3.7102     3.7104    251.911    252.214    -0.0084 1.0000e-12     0.1373  660738945   154.1549          8   2023.901   9249.292     221984  0.000e+00
   1997.439    34.9620    34.9538     3.7098     3.7101    251.870    252.277    -0.0011 1.0000e-12     0.1373  660738945   154.1556          8   2023.948   9249.333     221985  0.000e+00
   1997.492    34.9621    34.9538     3.7098     3.7106    251.871    252.331    -0.0084 1.0000e-12     0.1373  660738945   154.1563          8   2024.001   9249.375     221986  0.000e+00
   1997.439    34.9619    34.9538     3.7105     3.7110    252.089    252.313    -0.0084 1.0000e-12     0.1373  660738945   154.1569          8   2023.948   9249.417     221987  0.000e+00
   1997.492    34.9626    34.9538     3.7105     3.7107    251.865    252.298    -0.0084 1.0000e-12     0.1373  660738945   154.1576          8   2024.001   9249.458     221988  0.000e+00
   1997.544    34.9624    34.9540     3.7111     3.7110    251.865    252.273    -0.0084 1.0000e-12     0.1373  660738945   154.1583          8   2024.054   9249.500     221989  0.000e+00
   1997.544    34.9622    34.9537     3.7114     3.7114    251.866    252.242    -0.0084 1.0000e-12     0.1373  660738945   154.1590          8   2024.054   9249.542     221990  0.000e+00
   1997.590    34.9618    34.9540     3.7118     3.7116    251.871    252.206    -0.0084 1.0000e-12     0.1373  660738945   154.1597          8   2024.101   9249.583     221991  0.000e+00
   1997.577    34.9622    34.9538     3.7116     3.7118    252.145    252.231    -0.0011 1.0000e-12     0.1373  660738945   154.1604          8   2024.088   9249.625     221992  0.000e+00
   1997.643    34.9616    34.9536     3.7118     3.7118    252.196    252.325    -0.0084 1.0000e-12     0.1373  660738945   154.1611          8   2024.154   9249.667     221993  0.000e+00
   1997.590    34.9620    34.9540     3.7113     3.7120    252.202    252.345    -0.0011 1.0000e-12     0.1373  660738945   154.1618          8   2024.101   9249.708     221994  0.000e+00
   1997.741    34.9623    34.9537     3.7109     3.7124    252.256    252.063    -0.0084 1.0000e-12     0.1373  660738945   154.1625          8   2024.255   9249.750     221995  0.000e+00
   1997.643    34.9620    34.9541     3.7114     3.7123    252.032    252.018    -0.0084 1.0000e-12     0.1373  660738945   154.1632          8   2024.155   9249.792     221996  0.000e+00
   1997.741    34.9614    34.9543     3.7118     3.7124    252.040    251.977    -0.0084 1.0000e-12     0.1373  660738945   154.1639          8   2024.255   9249.833     221997  0.000e+00
   1997.741    34.9617    34.9541     3.7119     3.7125    252.313    251.934    -0.0084 1.0000e-12     0.1373  660738946   154.1646          8   2024.255   9249.875     221998  0.000e+00
   1997.741    34.9622    34.9536     3.7119     3.7127    252.098    252.195    -0.0084 1.0000e-12     0.1373  660738946   154.1653          8   2024.255   9249.917     221999  0.000e+00
   1997.839    34.9618    34.9538     3.7124     3.7126    252.331    251.912    -0.0084 1.0000e-12     0.1373  660738946   154.1660          8   2024.355   9249.958     222000  0.000e+00
   1997.741    34.9620    34.9536     3.7125     3.7124    252.111    251.865    -0.0011 1.0000e-12     0.1348  660738946   154.1667          8   2024.255   9250.000     222001  0.000e+00
   1997.892    34.9621    34.9537     3.7124     3.7128    252.128    251.821    -0.0011 1.0000e-12     0.1348  660738946   154.1674          8   2024.408   9250.042     222002  0.000e+00
   1997.892    34.9620    34.9538     3.7125     3.7129    252.139    251.775     0.0062 1.0000e-12     0.1348  660738946   154.1681          8   2024.408   9250.083     222003  0.000e+00
   1997.892    34.9620    34.9537     3.7127     3.7132    252.108    252.033     0.0062 1.0000e-12     0.1348  660738946   154.1687          8   2024.408   9250.125     222004  0.000e+00
   1997.938    34.9615    34.9538     3.7129     3.7132    252.079    252.050     0.0062 1.0000e-12     0.1348  660738946   154.1694          8   2024.455   9250.167     222005  0.000e+00
   1997.990    34.9621    34.9541     3.7125     3.7131    252.318    252.065    -0.0011 1.0000e-12     0.1348  660738946   154.1701          8   2024.508   9250.208     222006  0.000e+00
   1997.977    34.9621    34.9537     3.7129     3.7132    252.326    252.142     0.0062 1.0000e-12     0.1348  660738946   154.1708          8   2024.495   9250.250     222007  0.000e+00
   1997.990    34.9623    34.9536     3.7130     3.7134    252.111    251.914    -0.0011 1.0000e-12     0.1348  660738946   154.1715          8   2024.508   9250.292     222008  0.000e+00
   1998.088    34.9623    34.9538     3.7135     3.7136    252.080    251.932    -0.0011 1.0000e-12     0.1348  660738946   154.1722          8   2024.608   9250.333     222009  0.000e+00
   1998.043    34.9623    34.9540     3.7135     3.7136    252.046    251.881    -0.0011 1.0000e-12     0.1348  660738946   154.1729          8   2024.562   9250.375     222010  0.000e+00
   1998.089    34.9622    34.9538     3.7138     3.7136    252.014    251.835    -0.0011 1.0000e-12     0.1348  660738946   154.1736          8   2024.608   9250.417     222011  0.000e+00
   1998.089    34.9627    34.9540     3.7136     3.7137    252.027    252.091    -0.0011 1.0000e-12     0.1348  660738946   154.1743          8   2024.608   9250.458     222012  0.000e+00
   1998.141    34.9620    34.9538     3.7136     3.7140    252.000    252.104     0.0062 1.0000e-12     0.1348  660738946   154.1750          8   2024.662   9250.500     222013  0.000e+00
   1998.141    34.9618    34.9536     3.7133     3.7141    251.972    252.048     0.0062 1.0000e-12     0.1348  660738946   154.1757          8   2024.662   9250.542     222014  0.000e+00
   1998.141    34.9620    34.9538     3.7133     3.7137    251.942    251.988     0.0062 1.0000e-12     0.1348  660738946   154.1764          8   2024.662   9250.583     222015  0.000e+00
   1998.239    34.9620    34.9535     3.7133     3.7137    251.959    251.925    -0.0011 1.0000e-12     0.1348  660738946   154.1771          8   2024.762   9250.625     222016  0.000e+00
   1998.193    34.9621    34.9537     3.7130     3.7136    252.197    251.919    -0.0011 1.0000e-12     0.1348  660738946   154.1778          8   2024.715   9250.667     222017  0.000e+00
   1998.239    34.9619    34.9535     3.7131     3.7131    251.944    251.983    -0.0011 1.0000e-12     0.1348  660738946   154.1785          8   2024.762   9250.708     222018  0.000e+00
   1998.239    34.9619    34.9539     3.7131     3.7129    252.225    251.976    -0.0011 1.0000e-12     0.1348  660738946   154.1792          8   2024.762   9250.750     222019  0.000e+00
   1998.292    34.9621    34.9537     3.7129     3.7127    252.240    251.968    -0.0011 1.2448e-04     0.1348  660738946   154.1799          8   2024.815   9250.792     222020  0.000e+00
   1998.292    34.9618    34.9541     3.7129     3.7124    251.985    252.023    -0.0011 1.0000e-12     0.1348  660738946   154.1806          8   2024.815   9250.833     222021  0.000e+00
   1998.338    34.9623    34.9540     3.7127     3.7123    251.999    251.774    -0.0011 1.2448e-04     0.1348  660738947   154.1813          8   2024.862   9250.875     222022  0.000e+00
   1998.292    34.9618    34.9538     3.7129     3.7123    252.011    252.070     0.0062 1.2448e-04     0.1348  660738947   154.1819          8   2024.815   9250.917     222023  0.000e+00
   1998.338    34.9616    34.9537     3.7127     3.7124    251.986    252.127     0.0062 1.2448e-04     0.1348  660738947   154.1826          8   2024.862   9250.958     222024  0.000e+00
   1998.377    34.9620    34.9541     3.7127     3.7123    251.959    252.118    -0.0011 1.2448e-04     0.1348  660738947   154.1833          8   2024.902   9251.000     222025  0.000e+00
   1998.338    34.9622    34.9542     3.7125     3.7125    251.930    252.102     0.0062 1.2448e-04     0.1348  660738947   154.1840          8   2024.862   9251.042     222026  0.000e+00
   1998.390    34.9619    34.9537     3.7125     3.7126    251.948    252.087     0.0062 2.7495e-04     0.1348  660738947   154.1847          8   2024.916   9251.083     222027  0.000e+00
   1998.390    34.9620    34.9538     3.7125     3.7127    251.965    252.067    -0.0011 2.7495e-04     0.1348  660738947   154.1854          8   2024.916   9251.125     222028  0.000e+00
   1998.390    34.9621    34.9538     3.7125     3.7127    251.762    252.046     0.0062 2.7495e-04     0.1348  660738947   154.1861          8   2024.916   9251.167     222029  0.000e+00
   1998.390    34.9613    34.9539     3.7127     3.7126    251.967    252.022    -0.0011 2.7495e-04     0.1348  660738947   154.1868          8   2024.916   9251.208     222030  0.000e+00
   1998.390    34.9619    34.9536     3.7124     3.7127    251.949    251.995    -0.0011 2.7495e-04     0.1348  660738947   154.1875          8   2024.916   9251.250     222031  0.000e+00
   1998.390    34.9620    34.9540     3.7125     3.7124    251.928    251.967    -0.0011 2.7495e-04     0.1348  660738947   154.1882          8   2024.916   9251.292     222032  0.000e+00
   1998.443    34.9620    34.9539     3.7125     3.7126    251.910    252.003    -0.0011 2.7495e-04     0.1348  660738947   154.1889          8   2024.969   9251.333     222033  0.000e+00
   1998.390    34.9620    34.9537     3.7124     3.7126    252.157    252.035    -0.0011 2.7495e-04     0.1348  660738947   154.1896          8   2024.916   9251.375     222034  0.000e+00
    998.677    35.6099    35.6021     8.8698     8.8684    207.306    186.918    -0.0011 7.2892e-04     0.1324  660740076   173.0062          9   1009.507  10380.375     249130  0.000e+00
    998.580    35.6095    35.6011     8.8696     8.8698    206.777    186.915     0.0062 7.2892e-04     0.1324  660740076   173.0069          9   1009.409  10380.417     249131  0.000e+00
    998.580    35.6101    35.6023     8.8688     8.8685    206.595    186.926    -0.0011 7.2892e-04     0.1324  660740076   173.0076          9   1009.409  10380.458     249132  0.000e+00
    998.528    35.6110    35.6024     8.8677     8.8683    206.819    187.147    -0.0011 7.2892e-04     0.1324  660740076   173.0083          9   1009.356  10380.500     249133  0.000e+00
    998.483    35.6099    35.6034     8.8677     8.8667    206.726    186.945    -0.0011 8.8110e-04     0.1324  660740076   173.0090          9   1009.311  10380.542     249134  0.000e+00
    998.496    35.6088    35.6054     8.8674     8.8637    206.662    186.931    -0.0011 8.8110e-04     0.1324  660740076   173.0097          9   1009.324  10380.583     249135  0.000e+00
    998.432    35.6079    35.6066     8.8656     8.8623    206.375    186.910    -0.0011 8.8110e-04     0.1324  660740076   173.0104          9   1009.258  10380.625     249136  0.000e+00
    998.387    35.6077    35.6051     8.8615     8.8643    206.272    186.876    -0.0011 8.8110e-04     0.1324  660740076   173.0111          9   1009.213  10380.667     249137  0.000e+00
    998.387    35.6079    35.6021     8.8568     8.8675    206.199    187.055    -0.0011 1.0337e-03     0.1324  660740076   173.0118          9   1009.213  10380.708     249138  0.000e+00
    998.342    35.6086    35.5999     8.8518     8.8694    205.941    186.872    -0.0011 1.0337e-03     0.1324  660740076   173.0125          9   1009.167  10380.750     249139  0.000e+00
    998.245    35.6095    35.5993     8.8479     8.8698    205.852    186.844    -0.0011 1.0337e-03     0.1324  660740076   173.0132          9   1009.069  10380.792     249140  0.000e+00
    998.290    35.6107    35.5999     8.8435     8.8687    205.773    186.823    -0.0011 1.0337e-03     0.1324  660740076   173.0139          9   1009.115  10380.833     249141  0.000e+00
    998.193    35.6126    35.6001     8.8398     8.8680    205.905    186.799    -0.0011 8.8110e-04     0.1324  660740077   173.0146          9   1009.017  10380.875     249142  0.000e+00
    998.193    35.6125    35.6002     8.8380     8.8674    205.869    186.777    -0.0011 7.2892e-04     0.1324  660740077   173.0153          9   1009.017  10380.917     249143  0.000e+00
    998.193    35.6131    35.6011     8.8361     8.8662    206.050    186.542    -0.0011 7.2892e-04     0.1324  660740077   173.0160          9   1009.017  10380.958     249144  0.000e+00
    998.109    35.6133    35.6007     8.8351     8.8668    206.252    186.697    -0.0011 8.8110e-04     0.1324  660740077   173.0167          9   1008.932  10381.000     249145  0.000e+00
    998.097    35.6132    35.6005     8.8359     8.8671    206.283    186.458    -0.0011 7.2892e-04     0.1324  660740077   173.0174          9   1008.919  10381.042     249146  0.000e+00
    998.097    35.6132    35.6006     8.8372     8.8675    206.106    186.435    -0.0011 7.2892e-04     0.1348  660740077   173.0181          9   1008.919  10381.083     249147  0.000e+00
    998.000    35.6131    35.6001     8.8395     8.8684    206.117    186.411    -0.0084 7.2892e-04     0.1373  660740077   173.0188          9   1008.821  10381.125     249148  0.000e+00
    998.000    35.6133    35.6006     8.8412     8.8683    206.161    186.609    -0.0084 7.2892e-04     0.1373  660740077   173.0194          9   1008.821  10381.167     249149  0.000e+00
    998.000    35.6131    35.6005     8.8443     8.8683    206.206    186.593    -0.0084 7.2892e-04     0.1373  660740077   173.0201          9   1008.821  10381.208     249150  0.000e+00
