data/UWS/Data_management/CTD_sensor_data/SO279_CTD_processed/SO279_102-1_CTD-07_processed.ros
* Sea-Bird SBE 9 Data File:
* FileName = D:\CTDData\SO279\SO279_102-1_CTD-07.hex
* Software Version Seasave V 7.26.1.8
* Temperature SN = 5938
* Conductivity SN = 4108
* Number of Bytes Per Scan = 41
* Number of Voltage Words = 4
* Number of Scans Averaged by the Deck Unit = 1
* NMEA Latitude = 35 00.00 N
* NMEA Longitude = 021 00.00 W
* NMEA UTC (Time) = Dec 27 2020  07:53:18
* NMEA baud rate = 4800
# nquan = 17
# nvalues = 1536                                  
# units = specified
# name 0 = depSM: Depth [salt water, m]
# name 1 = sal00: Salinity, Practical [PSU]
# name 2 = sal11: Salinity, Practical, 2 [PSU]
# name 3 = t090C: Temperature [ITS-90, deg C]
# name 4 = t190C: Temperature, 2 [ITS-90, deg C]
# name 5 = sbeox0Mm/L: Oxygen, SBE 43 [umol/l]
# name 6 = sbeox1Mm/L: Oxygen, SBE 43, 2 [umol/l]
# name 7 = flECO-AFL: Fluorescence, WET Labs ECO-AFL/FL [mg/m^3]
# name 8 = par: PAR/Irradiance, Biospherical/Licor
# name 9 = turbWETntu0: Turbidity, WET Labs ECO [NTU]
# name 10 = timeQ: Time, NMEA [seconds]
# name 11 = timeM: Time, Elapsed [minutes]
# name 12 = nbf: Bottles Fired
# name 13 = prDM: Pressure, Digiquartz [db]
# name 14 = timeS: Time, Elapsed [seconds]
# name 15 = scan: Scan Count
# name 16 = flag:  0.000e+00
# interval = seconds: 0.0416667
# start_time = Dec 27 2020 07:53:19 [NMEA time, first data scan]
# bad_flag = -9.990e-29
*END*
[from data line 1022]
    153.093    36.1340    36.0523    15.4941    15.4814    130.143    204.990    -0.1037 1.0000e-12     0.1251  662384945   235.7694         16    154.264  14146.167     339509  0.000e+00
    153.119    36.1352    36.0534    15.4910    15.4820    130.156    205.000    -0.1037 1.0000e-12     0.1251  662384945   235.7701         16    154.290  14146.208     339510  0.000e+00
    153.138    36.1373    36.0552    15.4918    15.4832    130.157    205.005    -0.1037 1.0000e-12     0.1251  662384945   235.7708         16    154.309  14146.250     339511  0.000e+00
    153.189    36.1384    36.0545    15.4953    15.4883    130.153    204.997    -0.1037 1.0000e-12     0.1251  662384945   235.7715         16    154.360  14146.292     339512  0.000e+00
    153.163    36.1388    36.0550    15.4977    15.4919    130.141    204.990    -0.1037 1.0000e-12     0.1251  662384945   235.7722         16    154.335  14146.333     339513  0.000e+00
    153.189    36.1394    36.0546    15.4987    15.4941    130.002    204.990    -0.1037 1.0000e-12     0.1251  662384945   235.7729         16    154.360  14146.375     339514  0.000e+00
    153.163    36.1394    36.0536    15.5016    15.4975    129.989    204.967    -0.1037 1.0000e-12     0.1251  662384945   235.7736         16    154.335  14146.417     339515  0.000e+00
    153.189    36.1389    36.0533    15.5043    15.4995    129.979    205.120    -0.1037 1.0000e-12     0.1251  662384945   235.7743         16    154.360  14146.458     339516  0.000e+00
    153.189    36.1382    36.0518    15.5056    15.5010    130.112    204.962    -0.1037 1.0000e-12     0.1251  662384945   235.7750         16    154.360  14146.500     339517  0.000e+00
    153.214    36.1380    36.0526    15.5048    15.5002    130.120    204.950    -0.1037 1.0000e-12     0.1251  662384945   235.7757         16    154.386  14146.542     339518  0.000e+00
    153.233    36.1380    36.0534    15.5045    15.4995    129.987    204.951    -0.1037 1.0000e-12     0.1251  662384945   235.7764         16    154.405  14146.583     339519  0.000e+00
    153.214    36.1374    36.0543    15.5065    15.4988    129.978    204.949    -0.1037 1.0000e-12     0.1251  662384945   235.7771         16    154.386  14146.625     339520  0.000e+00
    153.233    36.1371    36.0544    15.5070    15.4985    130.114    204.947    -0.1037 1.0000e-12     0.1251  662384945   235.7778         16    154.405  14146.667     339521  0.000e+00
    153.233    36.1379    36.0539    15.5060    15.4983    130.123    204.944    -0.1037 1.0000e-12     0.1251  662384945   235.7785         16    154.405  14146.708     339522  0.000e+00
    153.258    36.1381    36.0541    15.5058    15.4985    129.980    204.937    -0.1037 1.0000e-12     0.1251  662384945   235.7792         16    154.431  14146.750     339523  0.000e+00
    153.233    36.1372    36.0546    15.5058    15.4983    130.117    204.929    -0.1037 1.0000e-12     0.1275  662384945   235.7799         16    154.405  14146.792     339524  0.000e+00
    153.214    36.1369    36.0556    15.5051    15.4976    130.125    204.921    -0.0963 1.0000e-12     0.1251  662384945   235.7806         16    154.386  14146.833     339525  0.000e+00
    153.277    36.1379    36.0545    15.5034    15.4986    130.136    204.910    -0.0963 1.0000e-12     0.1251  662384945   235.7813         16    154.450  14146.875     339526  0.000e+00
    153.277    36.1383    36.0545    15.5023    15.4988    130.145    204.898    -0.0963 1.0000e-12     0.1251  662384945   235.7819         16    154.450  14146.917     339527  0.000e+00
    153.214    36.1376    36.0540    15.5004    15.4990    130.016    204.899    -0.0963 1.0000e-12     0.1251  662384946   235.7826         16    154.386  14146.958     339528  0.000e+00
    153.233    36.1356    36.0538    15.4969    15.4987    130.024    204.888    -0.0890 1.0000e-12     0.1251  662384946   235.7833         16    154.405  14147.000     339529  0.000e+00
    153.258    36.1354    36.0532    15.4923    15.4995    130.164    204.871    -0.0890 1.0000e-12     0.1251  662384946   235.7840         16    154.431  14147.042     339530  0.000e+00
    153.233    36.1360    36.0520    15.4885    15.5012    130.170    204.865    -0.0963 1.0000e-12     0.1251  662384946   235.7847         16    154.405  14147.083     339531  0.000e+00
    153.277    36.1365    36.0520    15.4867    15.5015    130.181    204.865    -0.0963 1.0000e-12     0.1251  662384946   235.7854         16    154.450  14147.125     339532  0.000e+00
     92.198    36.5427    36.4499    17.9592    17.9497    133.595    218.208     0.1235 1.0000e-12     0.1397  662385065   237.7729         17     92.889  14266.375     342394  0.000e+00
     92.268    36.5439    36.4497    17.9570    17.9464    133.472    218.246     0.1235 1.0000e-12     0.1397  662385065   237.7736         17     92.960  14266.417     342395  0.000e+00
     92.217    36.5452    36.4498    17.9558    17.9447    133.598    218.261     0.1235 1.0000e-12     0.1397  662385065   237.7743         17     92.908  14266.458     342396  0.000e+00
     92.268    36.5449    36.4499    17.9551    17.9433    133.611    218.421     0.1235 1.0000e-12     0.1397  662385065   237.7750         17     92.960  14266.500     342397  0.000e+00
     92.217    36.5442    36.4505    17.9541    17.9426    133.622    218.441     0.1235 1.0000e-12     0.1397  662385065   237.7757         17     92.908  14266.542     342398  0.000e+00
     92.312    36.5449    36.4510    17.9531    17.9433    133.625    218.432     0.1235 1.0000e-12     0.1397  662385065   237.7764         17     93.004  14266.583     342399  0.000e+00
     92.242    36.5473    36.4515    17.9534    17.9455    133.629    218.423     0.1235 1.0000e-12     0.1397  662385065   237.7771         17     92.934  14266.625     342400  0.000e+00
     92.356    36.5488    36.4519    17.9561    17.9483    133.620    218.427     0.1235 1.0000e-12     0.1397  662385065   237.7778         17     93.049  14266.667     342401  0.000e+00
     92.356    36.5473    36.4519    17.9584    17.9498    133.490    218.433     0.1235 1.0000e-12     0.1397  662385065   237.7785         17     93.049  14266.708     342402  0.000e+00
     92.312    36.5464    36.4506    17.9588    17.9500    133.739    218.429     0.1235 1.0000e-12     0.1397  662385065   237.7792         17     93.004  14266.750     342403  0.000e+00
     92.407    36.5461    36.4499    17.9605    17.9485    133.740    218.434     0.1235 1.0000e-12     0.1397  662385065   237.7799         17     93.100  14266.792     342404  0.000e+00
     92.407    36.5465    36.4500    17.9614    17.9464    133.748    218.447     0.1235 1.0000e-12     0.1397  662385065   237.7806         17     93.100  14266.833     342405  0.000e+00
     92.407    36.5456    36.4501    17.9606    17.9456    133.621    218.455     0.1235 1.0000e-12     0.1397  662385065   237.7813         17     93.100  14266.875     342406  0.000e+00
     92.382    36.5451    36.4504    17.9594    17.9460    133.616    218.455     0.1235 1.0000e-12     0.1397  662385065   237.7819         17     93.075  14266.917     342407  0.000e+00
     92.452    36.5460    36.4520    17.9592    17.9472    133.608    218.450     0.1235 1.0000e-12     0.1397  662385066   237.7826         17     93.145  14266.958     342408  0.000e+00
     92.496    36.5460    36.4523    17.9595    17.9507    133.597    218.450     0.1235 1.0000e-12     0.1446  662385066   237.7833         17     93.190  14267.000     342409  0.000e+00
     92.496    36.5413    36.4531    17.9575    17.9534    133.595    218.437     0.1235 1.0000e-12     0.1446  662385066   237.7840         17     93.190  14267.042     342410  0.000e+00
     92.496    36.5331    36.4518    17.9481    17.9560    133.752    218.438     0.1235 1.0000e-12     0.1446  662385066   237.7847         17     93.190  14267.083     342411  0.000e+00
     92.547    36.5275    36.4479    17.9327    17.9541    133.677    218.474     0.1235 1.0000e-12     0.1446  662385066   237.7854         17     93.241  14267.125     342412  0.000e+00
     92.592    36.5268    36.4462    17.9198    17.9467    133.837    218.515     0.1235 1.0000e-12     0.1446  662385066   237.7861         17     93.286  14267.167     342413  0.000e+00
     92.617    36.5294    36.4446    17.9101    17.9377    133.731    218.548     0.1235 1.0000e-12     0.1446  662385066   237.7868         17     93.312  14267.208     342414  0.000e+00
     92.591    36.5340    36.4450    17.9049    17.9316    133.742    218.564     0.1235 1.0000e-12     0.1446  662385066   237.7875         17     93.286  14267.250     342415  0.000e+00
     92.642    36.5384    36.4453    17.9044    17.9298    133.873    218.563     0.1235 1.0000e-12     0.1446  662385066   237.7882         17     93.337  14267.292     342416  0.000e+00
     92.687    36.5406    36.4466    17.9075    17.9289    133.873    218.569     0.1235 1.0000e-12     0.1446  662385066   237.7889         17     93.382  14267.333     342417  0.000e+00
     92.687    36.5399    36.4482    17.9105    17.9303    133.997    218.576     0.1235 1.0000e-12     0.1446  662385066   237.7896         17     93.382  14267.375     342418  0.000e+00
     92.731    36.5382    36.4481    17.9104    17.9324    133.743    218.570     0.1235 1.0000e-12     0.1446  662385066   237.7903         17     93.427  14267.417     342419  0.000e+00
     92.731    36.5382    36.4484    17.9085    17.9326    133.737    218.556     0.1235 1.0000e-12     0.1446  662385066   237.7910         17     93.427  14267.458     342420  0.000e+00
     92.801    36.5399    36.4485    17.9102    17.9347    133.853    218.534     0.1235 1.0000e-12     0.1446  662385066   237.7917         17     93.497  14267.500     342421  0.000e+00
     92.782    36.5412    36.4491    17.9138    17.9374    133.847    218.506     0.1235 1.0000e-12     0.1446  662385066   237.7924         17     93.478  14267.542     342422  0.000e+00
     92.827    36.5418    36.4498    17.9167    17.9390    133.966    218.482     0.1235 1.0000e-12     0.1446  662385066   237.7931         17     93.523  14267.583     342423  0.000e+00
     92.871    36.5350    36.4502    17.9183    17.9404    133.839    218.458     0.1235 1.0000e-12     0.1446  662385066   237.7937         17     93.568  14267.625     342424  0.000e+00
     92.871    36.5214    36.4502    17.9095    17.9433    133.873    218.425     0.1235 1.0000e-12     0.1446  662385066   237.7944         17     93.568  14267.667     342425  0.000e+00
     92.922    36.5180    36.4493    17.8889    17.9456    134.061    218.396     0.1235 1.0000e-12     0.1446  662385066   237.7951         17     93.619  14267.708     342426  0.000e+00
     92.922    36.5188    36.4491    17.8741    17.9445    133.975    218.376     0.1235 1.0000e-12     0.1446  662385066   237.7958         17     93.619  14267.750     342427  0.000e+00
     92.992    36.5219    36.4479    17.8628    17.9429    134.001    218.360     0.1235 1.0000e-12     0.1446  662385066   237.7965         17     93.689  14267.792     342428  0.000e+00
     93.011    36.5265    36.4473    17.8560    17.9400    134.005    218.372     0.1235 1.0000e-12     0.1446  662385066   237.7972         17     93.709  14267.833     342429  0.000e+00
     93.011    36.5326    36.4478    17.8572    17.9379    133.994    218.511     0.1235 1.0000e-12     0.1446  662385066   237.7979         17     93.709  14267.875     342430  0.000e+00
     93.106    36.5368    36.4490    17.8659    17.9390    133.966    218.345     0.1235 1.0000e-12     0.1446  662385066   237.7986         17     93.805  14267.917     342431  0.000e+00
     93.062    36.5406    36.4480    17.8751    17.9407    133.935    218.307     0.1235 1.0000e-12     0.1446  662385067   237.7993         17     93.760  14267.958     342432  0.000e+00
     93.106    36.5433    36.4471    17.8852    17.9390    133.895    218.310     0.1235 1.0000e-12     0.1446  662385067   237.8000         17     93.805  14268.000     342433  0.000e+00
     93.151    36.5436    36.4477    17.8943    17.9366    133.857    218.300     0.1235 1.0000e-12     0.1422  662385067   237.8007         17     93.850  14268.042     342434  0.000e+00
     93.151    36.5390    36.4488    17.9005    17.9357    133.839    218.294     0.1161 1.0000e-12     0.1422  662385067   237.8014         17     93.849  14268.083     342435  0.000e+00
     93.227    36.5319    36.4488    17.8943    17.9361    133.862    218.286     0.1235 1.0000e-12     0.1422  662385067   237.8021         17     93.926  14268.125     342436  0.000e+00
     93.201    36.5290    36.4487    17.8850    17.9366    133.888    218.420     0.1235 1.0000e-12     0.1422  662385067   237.8028         17     93.901  14268.167     342437  0.000e+00
     93.246    36.5316    36.4490    17.8800    17.9372    133.900    218.421     0.1235 1.0000e-12     0.1422  662385067   237.8035         17     93.946  14268.208     342438  0.000e+00
     93.246    36.5340    36.4481    17.8804    17.9385    133.889    218.419     0.1235 1.0000e-12     0.1422  662385067   237.8042         17     93.946  14268.250     342439  0.000e+00
     93.341    36.5346    36.4443    17.8809    17.9372    133.879    218.432     0.1235 1.0000e-12     0.1422  662385067   237.8049         17     94.042  14268.292     342440  0.000e+00
     93.290    36.5345    36.4394    17.8818    17.9303    133.997    218.464     0.1235 1.0000e-12     0.1422  662385067   237.8056         17     93.990  14268.333     342441  0.000e+00
     93.341    36.5346    36.4389    17.8824    17.9169    134.002    218.518     0.1235 1.0000e-12     0.1422  662385067   237.8063         17     94.042  14268.375     342442  0.000e+00
     93.367    36.5340    36.4366    17.8818    17.9062    134.010    218.562     0.1235 1.0000e-12     0.1422  662385067   237.8069         17     94.067  14268.417     342443  0.000e+00
     93.386    36.5331    36.4310    17.8809    17.8926    133.878    218.621     0.1235 1.0000e-12     0.1422  662385067   237.8076         17     94.086  14268.458     342444  0.000e+00
     93.437    36.5326    36.4283    17.8800    17.8727    133.877    218.700     0.1235 1.0000e-12     0.1422  662385067   237.8083         17     94.138  14268.500     342445  0.000e+00
     93.437    36.5324    36.4283    17.8783    17.8584    133.876    218.765     0.1235 1.0000e-12     0.1422  662385067   237.8090         17     94.138  14268.542     342446  0.000e+00
     93.481    36.5321    36.4364    17.8768    17.8497    134.007    218.797     0.1235 1.0000e-12     0.1422  662385067   237.8097         17     94.183  14268.583     342447  0.000e+00
     93.437    36.5336    36.4362    17.8763    17.8564    133.878    218.776     0.1235 1.0000e-12     0.1422  662385067   237.8104         17     94.138  14268.625     342448  0.000e+00
     93.481    36.5345    36.4331    17.8775    17.8536    133.868    218.798     0.1235 1.0000e-12     0.1422  662385067   237.8111         17     94.182  14268.667     342449  0.000e+00
     93.526    36.5293    36.4297    17.8756    17.8394    134.003    218.866     0.1235 1.0000e-12     0.1422  662385067   237.8118         17     94.227  14268.708     342450  0.000e+00
     93.526    36.5210    36.4296    17.8644    17.8273    134.030    218.919     0.1235 1.0000e-12     0.1422  662385067   237.8125         17     94.227  14268.750     342451  0.000e+00
     93.551    36.5188    36.4314    17.8499    17.8235    134.078    218.937     0.1235 1.0000e-12     0.1422  662385067   237.8132         17     94.253  14268.792     342452  0.000e+00
     93.576    36.5246    36.4326    17.8403    17.8258    134.106    218.931     0.1235 1.0000e-12     0.1422  662385067   237.8139         17     94.278  14268.833     342453  0.000e+00
