data/UWS/Data_management/CTD_sensor_data/SO279_CTD_processed/SO279_1-1_CTD-01_processed_DepthAVG.cnv
* Sea-Bird SBE 9 Data File:
* FileName = D:\CTDData\SO279\SO279_1-1_CTD-01.hex
* Software Version Seasave V 7.26.1.8
* Temperature SN = 5938
* Conductivity SN = 4108
* Number of Bytes Per Scan = 41
* Number of Voltage Words = 4
* Number of Scans Averaged by the Deck Unit = 1
* NMEA Latitude = 47 15.00 N
* NMEA Longitude = 010 06.27 W
* NMEA UTC (Time) = Dec 08 2020  08:01:09
* NMEA baud rate = 4800
# nquan = 16
# nvalues = 868                         
# units = specified
# name 0 = depSM: Depth [salt water, m]
# name 1 = sal00: Salinity, Practical [PSU]
# name 2 = sal11: Salinity, Practical, 2 [PSU]
# name 3 = t090C: Temperature [ITS-90, deg C]
# name 4 = t190C: Temperature, 2 [ITS-90, deg C]
# name 5 = sbeox0Mm/L: Oxygen, SBE 43 [umol/l]
# name 6 = sbeox1Mm/L: Oxygen, SBE 43, 2 [umol/l]
# name 7 = flECO-AFL: Fluorescence, WET Labs ECO-AFL/FL [mg/m^3]
# name 8 = par: PAR/Irradiance, Biospherical/Licor
# name 9 = turbWETntu0: Turbidity, WET Labs ECO [NTU]
# name 10 = timeQ: Time, NMEA [seconds]
# name 11 = timeM: Time, Elapsed [minutes]
# name 12 = nbf: Bottles Fired
# name 13 = prDM: Pressure, Digiquartz [db]
# name 14 = timeS: Time, Elapsed [seconds]
# name 15 = flag: flag
# span 0 =     10.000,   4345.000       
# span 1 =    34.9078,    35.6975       
# span 2 =    34.8987,    35.6868       
# span 3 =     2.4762,    13.6976       
# span 4 =     2.4773,    13.6995       
# span 5 =    191.132,    255.702       
# span 6 =    175.623,    255.456       
# span 7 =    -0.1346,     0.4079       
# span 8 = 1.0000e-12, 1.0000e-12       
# span 9 =     0.1168,     0.1705       
# span 10 =  660729566,  660736311      
# span 11 =    -2.1614,   110.2516      
# span 12 =          0,          0      
# span 13 =     10.084,   4427.026      
# span 14 =   -129.683,   6615.098      
# span 15 = 0.0000e+00, 0.0000e+00      
# interval = meters: 5                  
# start_time = Dec 08 2020 08:01:36 [NMEA time, first data scan]
# bad_flag = -9.990e-29
*END*
[from data line 91]
    465.000    35.5122    35.5031    11.0810    11.0832    217.156    210.600    -0.0566 1.0000e-12     0.1242  660730596    15.0100          0    469.435    900.597 0.0000e+00
    470.000    35.5147    35.5057    11.0766    11.0788    216.977    209.819    -0.0639 1.0000e-12     0.1241  660730603    15.1266          0    474.488    907.597 0.0000e+00
    475.000    35.5147    35.5057    11.0599    11.0618    216.203    208.258    -0.0666 1.0000e-12     0.1241  660730611    15.2537          0    479.542    915.221 0.0000e+00
    480.000    35.5152    35.5061    11.0492    11.0513    215.988    207.956    -0.0665 1.0000e-12     0.1236  660730618    15.3652          0    484.596    921.912 0.0000e+00
    485.000    35.5168    35.5076    11.0456    11.0478    215.375    207.188    -0.0704 1.0000e-12     0.1219  660730625    15.4889          0    489.649    929.332 0.0000e+00
    490.000    35.5115    35.5024    11.0135    11.0153    215.982    207.107    -0.0830 1.0000e-12     0.1250  660730633    15.6152          0    494.703    936.911 0.0000e+00
    495.000    35.5046    35.4952    10.9762    10.9760    217.722    208.307    -0.0817 1.0000e-12     0.1235  660730640    15.7332          0    499.757    943.990 0.0000e+00
    500.000    35.5007    35.4916    10.9494    10.9520    218.400    208.262    -0.0747 1.0000e-12     0.1220  660730647    15.8503          0    504.812    951.018 0.0000e+00
    505.000    35.4997    35.4905    10.9277    10.9297    217.474    207.335    -0.0801 1.0000e-12     0.1226  660730654    15.9681          0    509.866    958.085 0.0000e+00
    510.000    35.5026    35.4935    10.9148    10.9165    217.120    207.011    -0.0794 1.0000e-12     0.1219  660730661    16.0909          0    514.920    965.455 0.0000e+00
    515.000    35.5081    35.4993    10.9161    10.9181    214.376    205.224    -0.0719 1.0000e-12     0.1235  660730668    16.2015          0    519.975    972.089 0.0000e+00
    520.000    35.5062    35.4972    10.9100    10.9115    215.910    204.043    -0.0816 1.0000e-12     0.1222  660730676    16.3378          0    525.030    980.266 0.0000e+00
    525.000    35.5081    35.4992    10.9014    10.9040    215.490    203.512    -0.0769 1.0000e-12     0.1229  660730682    16.4374          0    530.084    986.243 0.0000e+00
    530.000    35.5107    35.5017    10.8767    10.8789    214.723    203.050    -0.0755 1.0000e-12     0.1222  660730690    16.5647          0    535.139    993.883 0.0000e+00
    535.000    35.5090    35.4997    10.8561    10.8581    213.986    201.508    -0.0787 1.0000e-12     0.1228  660730697    16.6913          0    540.194   1001.480 0.0000e+00
    540.000    35.5056    35.4966    10.8261    10.8279    213.226    201.448    -0.0772 1.0000e-12     0.1222  660730703    16.7886          0    545.250   1007.315 0.0000e+00
    545.000    35.5037    35.4945    10.7945    10.7940    212.971    201.399    -0.0812 1.0000e-12     0.1225  660730710    16.9071          0    550.305   1014.426 0.0000e+00
    550.000    35.5030    35.4937    10.7712    10.7728    214.740    200.430    -0.0813 1.0000e-12     0.1220  660730718    17.0442          0    555.360   1022.653 0.0000e+00
    555.000    35.5026    35.4933    10.7311    10.7332    212.978    198.771    -0.0842 1.0000e-12     0.1212  660730725    17.1635          0    560.416   1029.808 0.0000e+00
    560.000    35.5049    35.4956    10.7289    10.7310    212.625    198.052    -0.0796 1.0000e-12     0.1213  660730733    17.2880          0    565.471   1037.282 0.0000e+00
    565.000    35.5157    35.5065    10.7446    10.7467    211.973    196.989    -0.0746 1.0000e-12     0.1215  660730740    17.4063          0    570.527   1044.380 0.0000e+00
    570.000    35.5226    35.5134    10.7503    10.7524    210.857    195.639    -0.0797 1.0000e-12     0.1212  660730747    17.5304          0    575.583   1051.824 0.0000e+00
    575.000    35.5258    35.5165    10.7497    10.7518    210.457    194.643    -0.0812 1.0000e-12     0.1227  660730754    17.6420          0    580.639   1058.520 0.0000e+00
    580.000    35.5291    35.5198    10.7514    10.7535    209.600    193.964    -0.0757 1.0000e-12     0.1222  660730762    17.7802          0    585.695   1066.815 0.0000e+00
    585.000    35.5321    35.5230    10.7499    10.7519    209.609    193.388    -0.0794 1.0000e-12     0.1216  660730769    17.8891          0    590.752   1073.346 0.0000e+00
    590.000    35.5340    35.5249    10.7465    10.7484    209.486    192.774    -0.0808 1.0000e-12     0.1217  660730776    18.0075          0    595.808   1080.449 0.0000e+00
    595.000    35.5358    35.5269    10.7431    10.7447    208.283    192.487    -0.0836 1.0000e-12     0.1235  660730783    18.1261          0    600.865   1087.564 0.0000e+00
    600.000    35.5427    35.5335    10.7442    10.7463    209.068    192.245    -0.0813 1.0000e-12     0.1202  660730791    18.2532          0    605.921   1095.194 0.0000e+00
    605.000    35.5477    35.5384    10.7391    10.7412    207.865    190.891    -0.0807 1.0000e-12     0.1212  660730798    18.3650          0    610.978   1101.898 0.0000e+00
    610.000    35.5495    35.5404    10.7276    10.7295    207.154    190.616    -0.0877 1.0000e-12     0.1200  660730805    18.4955          0    616.035   1109.732 0.0000e+00
    615.000    35.5449    35.5359    10.6737    10.6732    207.347    189.873    -0.0860 1.0000e-12     0.1210  660730812    18.6063          0    621.092   1116.377 0.0000e+00
    620.000    35.5428    35.5336    10.6472    10.6501    206.847    189.286    -0.0764 1.0000e-12     0.1226  660730819    18.7303          0    626.149   1123.821 0.0000e+00
    625.000    35.5415    35.5321    10.6289    10.6310    206.931    189.446    -0.0857 1.0000e-12     0.1213  660730826    18.8469          0    631.206   1130.814 0.0000e+00
    630.000    35.5469    35.5376    10.6330    10.6351    206.322    188.750    -0.0773 1.0000e-12     0.1210  660730834    18.9790          0    636.264   1138.741 0.0000e+00
    635.000    35.5624    35.5530    10.6514    10.6537    205.698    187.997    -0.0745 1.0000e-12     0.1217  660730841    19.0899          0    641.321   1145.396 0.0000e+00
    640.000    35.5865    35.5769    10.7279    10.7303    204.581    186.643    -0.0741 1.0000e-12     0.1209  660730848    19.2057          0    646.379   1152.342 0.0000e+00
    645.000    35.6115    35.6024    10.8041    10.8061    203.153    186.390    -0.0717 1.0000e-12     0.1232  660730856    19.3334          0    651.436   1160.005 0.0000e+00
    650.000    35.6273    35.6181    10.8141    10.8161    202.048    184.310    -0.0723 1.0000e-12     0.1223  660730863    19.4527          0    656.494   1167.159 0.0000e+00
    655.000    35.6300    35.6208    10.8130    10.8151    200.587    183.829    -0.0697 1.0000e-12     0.1231  660730869    19.5580          0    661.552   1173.480 0.0000e+00
    660.000    35.6307    35.6215    10.8094    10.8113    201.085    183.542    -0.0710 1.0000e-12     0.1240  660730878    19.6976          0    666.610   1181.855 0.0000e+00
    665.000    35.6308    35.6215    10.7943    10.7965    200.544    183.809    -0.0610 1.0000e-12     0.1222  660730884    19.8092          0    671.669   1188.554 0.0000e+00
    670.000    35.6283    35.6186    10.7700    10.7689    200.601    183.080    -0.0715 1.0000e-12     0.1230  660730892    19.9458          0    676.727   1196.747 0.0000e+00
    675.000    35.6245    35.6151    10.7408    10.7425    200.452    183.376    -0.0672 1.0000e-12     0.1236  660730899    20.0545          0    681.785   1203.270 0.0000e+00
    680.000    35.6193    35.6099    10.7116    10.7120    200.420    183.294    -0.0654 1.0000e-12     0.1222  660730906    20.1684          0    686.844   1210.101 0.0000e+00
    685.000    35.6082    35.5989    10.6204    10.6227    200.371    182.903    -0.0586 1.0000e-12     0.1219  660730914    20.3140          0    691.903   1218.839 0.0000e+00
    690.000    35.6100    35.6008    10.5953    10.5973    200.518    182.507    -0.0594 1.0000e-12     0.1229  660730920    20.4122          0    696.962   1224.735 0.0000e+00
    695.000    35.6149    35.6055    10.6067    10.6088    199.883    182.381    -0.0585 1.0000e-12     0.1219  660730928    20.5342          0    702.020   1232.052 0.0000e+00
    700.000    35.6305    35.6211    10.6414    10.6437    198.935    181.843    -0.0575 1.0000e-12     0.1221  660730935    20.6495          0    707.080   1238.968 0.0000e+00
    705.000    35.6356    35.6263    10.6413    10.6432    198.461    180.427    -0.0574 1.0000e-12     0.1219  660730943    20.7840          0    712.139   1247.039 0.0000e+00
    710.000    35.6368    35.6274    10.6413    10.6434    198.370    180.929    -0.0476 1.0000e-12     0.1235  660730950    20.8980          0    717.198   1253.877 0.0000e+00
    715.000    35.6368    35.6275    10.6278    10.6292    198.106    180.427    -0.0601 1.0000e-12     0.1237  660730956    21.0110          0    722.258   1260.657 0.0000e+00
    720.000    35.6425    35.6330    10.6181    10.6203    197.615    180.579    -0.0484 1.0000e-12     0.1238  660730963    21.1305          0    727.317   1267.830 0.0000e+00
    725.000    35.6515    35.6421    10.6195    10.6216    197.162    179.593    -0.0513 1.0000e-12     0.1231  660730972    21.2679          0    732.377   1276.075 0.0000e+00
    730.000    35.6626    35.6543    10.6260    10.6289    196.519    178.673    -0.0400 1.0000e-12     0.1242  660730978    21.3753          0    737.437   1282.518 0.0000e+00
    735.000    35.6664    35.6569    10.6236    10.6257    195.868    178.548    -0.0414 1.0000e-12     0.1237  660730985    21.4953          0    742.496   1289.717 0.0000e+00
    740.000    35.6661    35.6567    10.6085    10.6106    195.211    178.032    -0.0404 1.0000e-12     0.1243  660730992    21.6077          0    747.557   1296.463 0.0000e+00
    745.000    35.6669    35.6574    10.5906    10.5926    194.441    177.862    -0.0345 1.0000e-12     0.1233  660731000    21.7453          0    752.617   1304.716 0.0000e+00
    750.000    35.6733    35.6635    10.5864    10.5888    194.107    177.228    -0.0374 1.0000e-12     0.1233  660731007    21.8600          0    757.677   1311.598 0.0000e+00
    755.000    35.6761    35.6668    10.5830    10.5847    193.613    176.753    -0.0350 1.0000e-12     0.1241  660731014    21.9760          0    762.737   1318.558 0.0000e+00
    760.000    35.6813    35.6719    10.5717    10.5738    192.870    176.589    -0.0339 1.0000e-12     0.1248  660731021    22.0898          0    767.798   1325.391 0.0000e+00
    765.000    35.6859    35.6763    10.5728    10.5749    192.287    175.957    -0.0380 1.0000e-12     0.1245  660731029    22.2309          0    772.859   1333.853 0.0000e+00
    770.000    35.6948    35.6857    10.5758    10.5781    192.281    175.922    -0.0322 1.0000e-12     0.1242  660731036    22.3376          0    777.919   1340.254 0.0000e+00
    775.000    35.6975    35.6868    10.5421    10.5362    192.004    175.791    -0.0312 1.0000e-12     0.1240  660731043    22.4520          0    782.980   1347.122 0.0000e+00
    780.000    35.6802    35.6704    10.3887    10.3855    191.316    176.032    -0.0290 1.0000e-12     0.1232  660731050    22.5788          0    788.041   1354.730 0.0000e+00
    785.000    35.6738    35.6643    10.3222    10.3206    192.389    175.876    -0.0339 1.0000e-12     0.1253  660731057    22.6960          0    793.103   1361.758 0.0000e+00
    790.000    35.6753    35.6657    10.3054    10.3071    192.282    175.769    -0.0348 1.0000e-12     0.1242  660731064    22.8138          0    798.164   1368.827 0.0000e+00
    795.000    35.6744    35.6650    10.2666    10.2687    191.132    175.623    -0.0337 1.0000e-12     0.1247  660731072    22.9338          0    803.225   1376.026 0.0000e+00
    800.000    35.6712    35.6618    10.2208    10.2226    192.384    175.783    -0.0296 1.0000e-12     0.1237  660731079    23.0557          0    808.287   1383.341 0.0000e+00
    805.000    35.6643    35.6552    10.1656    10.1662    192.525    175.660    -0.0295 1.0000e-12     0.1251  660731086    23.1695          0    813.348   1390.172 0.0000e+00
    810.000    35.6570    35.6476    10.1164    10.1187    192.408    176.110    -0.0335 1.0000e-12     0.1259  660731094    23.3049          0    818.410   1398.292 0.0000e+00
    815.000    35.6547    35.6451    10.0936    10.0939    193.028    176.101    -0.0336 1.0000e-12     0.1244  660731101    23.4160          0    823.472   1404.959 0.0000e+00
    820.000    35.6562    35.6467    10.0868    10.0880    193.038    176.142    -0.0397 1.0000e-12     0.1241  660731108    23.5330          0    828.534   1411.983 0.0000e+00
    825.000    35.6581    35.6487    10.0822    10.0841    192.523    176.060    -0.0399 1.0000e-12     0.1249  660731115    23.6559          0    833.596   1419.354 0.0000e+00
    830.000    35.6554    35.6461    10.0468    10.0463    192.688    176.165    -0.0395 1.0000e-12     0.1229  660731123    23.7831          0    838.659   1426.986 0.0000e+00
    835.000    35.6402    35.6305     9.9536     9.9513    193.392    176.442    -0.0347 1.0000e-12     0.1239  660731130    23.8984          0    843.721   1433.902 0.0000e+00
    840.000    35.6107    35.6002     9.7766     9.7721    195.083    177.018    -0.0404 1.0000e-12     0.1240  660731137    24.0239          0    848.783   1441.434 0.0000e+00
    845.000    35.5987    35.5882     9.7008     9.6966    195.180    177.302    -0.0378 1.0000e-12     0.1233  660731144    24.1424          0    853.846   1448.541 0.0000e+00
    850.000    35.5853    35.5758     9.6049     9.6070    195.602    177.608    -0.0403 1.0000e-12     0.1233  660731151    24.2623          0    858.909   1455.737 0.0000e+00
    855.000    35.5784    35.5686     9.5464     9.5417    194.678    178.054    -0.0398 1.0000e-12     0.1232  660731159    24.3880          0    863.972   1463.279 0.0000e+00
    860.000    35.5835    35.5741     9.5366     9.5379    196.641    178.418    -0.0307 1.0000e-12     0.1255  660731166    24.5061          0    869.035   1470.368 0.0000e+00
    865.000    35.5915    35.5823     9.5340     9.5362    196.411    178.199    -0.0392 1.0000e-12     0.1241  660731174    24.6314          0    874.098   1477.881 0.0000e+00
    870.000    35.5976    35.5884     9.5335     9.5354    196.020    178.199    -0.0315 1.0000e-12     0.1255  660731181    24.7527          0    879.161   1485.163 0.0000e+00
    875.000    35.6028    35.5939     9.5261     9.5281    196.332    178.306    -0.0307 1.0000e-12     0.1258  660731189    24.8826          0    884.224   1492.955 0.0000e+00
    880.000    35.6072    35.5982     9.5255     9.5274    196.306    178.449    -0.0344 1.0000e-12     0.1267  660731195    24.9969          0    889.288   1499.813 0.0000e+00
    885.000    35.6129    35.6040     9.5073     9.5081    196.238    178.495    -0.0370 1.0000e-12     0.1254  660731203    25.1213          0    894.351   1507.275 0.0000e+00
    890.000    35.6119    35.6029     9.4757     9.4751    196.178    178.678    -0.0381 1.0000e-12     0.1256  660731210    25.2402          0    899.415   1514.414 0.0000e+00
    895.000    35.6107    35.6015     9.4455     9.4481    195.932    178.862    -0.0378 1.0000e-12     0.1259  660731218    25.3702          0    904.479   1522.213 0.0000e+00
    900.000    35.6106    35.6013     9.4200     9.4235    196.385    178.949    -0.0337 1.0000e-12     0.1256  660731225    25.4892          0    909.543   1529.352 0.0000e+00
    905.000    35.6078    35.5985     9.3807     9.3802    196.588    179.330    -0.0352 1.0000e-12     0.1262  660731232    25.6077          0    914.607   1536.461 0.0000e+00
