data/UWS/Data_management/CTD_sensor_data/SO279_CTD_processed/SO279_1-1_CTD-01_processed_DepthAVG.cnv
* Sea-Bird SBE 9 Data File:
* FileName = D:\CTDData\SO279\SO279_1-1_CTD-01.hex
* Software Version Seasave V 7.26.1.8
* Temperature SN = 5938
* Conductivity SN = 4108
* Number of Bytes Per Scan = 41
* Number of Voltage Words = 4
* Number of Scans Averaged by the Deck Unit = 1
* NMEA Latitude = 47 15.00 N
* NMEA Longitude = 010 06.27 W
* NMEA UTC (Time) = Dec 08 2020  08:01:09
* NMEA baud rate = 4800
# nquan = 16
# nvalues = 868                         
# units = specified
# name 0 = depSM: Depth [salt water, m]
# name 1 = sal00: Salinity, Practical [PSU]
# name 2 = sal11: Salinity, Practical, 2 [PSU]
# name 3 = t090C: Temperature [ITS-90, deg C]
# name 4 = t190C: Temperature, 2 [ITS-90, deg C]
# name 5 = sbeox0Mm/L: Oxygen, SBE 43 [umol/l]
# name 6 = sbeox1Mm/L: Oxygen, SBE 43, 2 [umol/l]
# name 7 = flECO-AFL: Fluorescence, WET Labs ECO-AFL/FL [mg/m^3]
# name 8 = par: PAR/Irradiance, Biospherical/Licor
# name 9 = turbWETntu0: Turbidity, WET Labs ECO [NTU]
# name 10 = timeQ: Time, NMEA [seconds]
# name 11 = timeM: Time, Elapsed [minutes]
# name 12 = nbf: Bottles Fired
# name 13 = prDM: Pressure, Digiquartz [db]
# name 14 = timeS: Time, Elapsed [seconds]
# name 15 = flag: flag
# span 0 =     10.000,   4345.000       
# span 1 =    34.9078,    35.6975       
# span 2 =    34.8987,    35.6868       
# span 3 =     2.4762,    13.6976       
# span 4 =     2.4773,    13.6995       
# span 5 =    191.132,    255.702       
# span 6 =    175.623,    255.456       
# span 7 =    -0.1346,     0.4079       
# span 8 = 1.0000e-12, 1.0000e-12       
# span 9 =     0.1168,     0.1705       
# span 10 =  660729566,  660736311      
# span 11 =    -2.1614,   110.2516      
# span 12 =          0,          0      
# span 13 =     10.084,   4427.026      
# span 14 =   -129.683,   6615.098      
# span 15 = 0.0000e+00, 0.0000e+00      
# interval = meters: 5                  
# start_time = Dec 08 2020 08:01:36 [NMEA time, first data scan]
# bad_flag = -9.990e-29
*END*
[from data line 362]
   1820.000    34.9616    34.9530     3.9403     3.9418    254.439    253.927    -0.0039 1.0000e-12     0.1309  660732580    48.0809          0   1843.372   2884.854 0.0000e+00
   1825.000    34.9613    34.9527     3.9332     3.9347    254.388    253.943    -0.0008 1.0000e-12     0.1317  660732588    48.1991          0   1848.458   2891.945 0.0000e+00
   1830.000    34.9602    34.9516     3.9249     3.9266    254.299    254.026    -0.0035 1.0000e-12     0.1325  660732595    48.3181          0   1853.545   2899.089 0.0000e+00
   1835.000    34.9568    34.9484     3.8993     3.9019    254.838    254.255    -0.0040 1.0000e-12     0.1312  660732602    48.4336          0   1858.631   2906.015 0.0000e+00
   1840.000    34.9545    34.9457     3.8834     3.8847    255.256    254.538    -0.0013 1.0000e-12     0.1321  660732608    48.5446          0   1863.718   2912.675 0.0000e+00
   1845.000    34.9532    34.9445     3.8679     3.8693    255.474    255.009    -0.0027 1.0000e-12     0.1313  660732615    48.6566          0   1868.805   2919.394 0.0000e+00
   1850.000    34.9520    34.9434     3.8535     3.8550    255.702    255.456     0.0011 1.0000e-12     0.1317  660732622    48.7798          0   1873.892   2926.791 0.0000e+00
   1855.000    34.9515    34.9428     3.8471     3.8487    255.581    255.129    -0.0036 1.0000e-12     0.1319  660732630    48.8998          0   1878.979   2933.991 0.0000e+00
   1860.000    34.9518    34.9430     3.8458     3.8474    255.675    255.292    -0.0031 1.0000e-12     0.1316  660732636    49.0105          0   1884.066   2940.633 0.0000e+00
   1865.000    34.9527    34.9440     3.8423     3.8439    255.608    254.958    -0.0024 1.0000e-12     0.1319  660732643    49.1154          0   1889.153   2946.921 0.0000e+00
   1870.000    34.9541    34.9454     3.8451     3.8466    255.250    254.840    -0.0008 1.0000e-12     0.1303  660732650    49.2403          0   1894.240   2954.417 0.0000e+00
   1875.000    34.9567    34.9480     3.8470     3.8488    254.643    254.411     0.0003 1.0000e-12     0.1309  660732657    49.3522          0   1899.328   2961.135 0.0000e+00
   1880.000    34.9586    34.9499     3.8519     3.8535    254.219    253.958    -0.0009 1.0000e-12     0.1316  660732664    49.4771          0   1904.416   2968.624 0.0000e+00
   1885.000    34.9608    34.9521     3.8605     3.8622    253.734    253.502    -0.0020 1.0000e-12     0.1307  660732671    49.5892          0   1909.503   2975.354 0.0000e+00
   1890.000    34.9637    34.9550     3.8695     3.8712    253.541    253.065    -0.0080 1.0000e-12     0.1319  660732677    49.6918          0   1914.591   2981.506 0.0000e+00
   1895.000    34.9655    34.9568     3.8728     3.8746    253.150    252.698    -0.0023 1.0000e-12     0.1339  660732684    49.8132          0   1919.679   2988.795 0.0000e+00
   1900.000    34.9678    34.9591     3.8744     3.8759    252.280    252.196    -0.0009 1.0000e-12     0.1312  660732692    49.9340          0   1924.767   2996.038 0.0000e+00
   1905.000    34.9681    34.9593     3.8696     3.8713    252.103    251.812    -0.0031 1.0000e-12     0.1322  660732699    50.0480          0   1929.855   3002.882 0.0000e+00
   1910.000    34.9683    34.9595     3.8680     3.8695    252.133    251.898    -0.0018 1.0000e-12     0.1322  660732705    50.1562          0   1934.944   3009.372 0.0000e+00
   1915.000    34.9684    34.9596     3.8662     3.8677    252.084    251.611    -0.0030 1.0000e-12     0.1328  660732713    50.2849          0   1940.032   3017.091 0.0000e+00
   1920.000    34.9688    34.9602     3.8576     3.8591    251.970    251.578     0.0010 1.0000e-12     0.1330  660732719    50.3873          0   1945.121   3023.239 0.0000e+00
   1925.000    34.9692    34.9605     3.8514     3.8528    251.785    251.270    -0.0014 1.0000e-12     0.1318  660732726    50.5136          0   1950.210   3030.817 0.0000e+00
   1930.000    34.9689    34.9600     3.8442     3.8460    251.789    251.168     0.0014 1.0000e-12     0.1339  660732733    50.6274          0   1955.298   3037.643 0.0000e+00
   1935.000    34.9691    34.9603     3.8445     3.8459    251.635    251.539    -0.0008 1.0000e-12     0.1327  660732740    50.7400          0   1960.387   3044.400 0.0000e+00
   1940.000    34.9692    34.9604     3.8392     3.8407    251.704    251.267     0.0002 1.0000e-12     0.1311  660732747    50.8491          0   1965.476   3050.944 0.0000e+00
   1945.000    34.9690    34.9603     3.8325     3.8339    251.461    251.195    -0.0011 1.0000e-12     0.1328  660732754    50.9724          0   1970.566   3058.345 0.0000e+00
   1950.000    34.9688    34.9601     3.8283     3.8297    251.505    250.942     0.0014 1.0000e-12     0.1332  660732761    51.0851          0   1975.655   3065.107 0.0000e+00
   1955.000    34.9687    34.9599     3.8221     3.8237    251.624    251.055     0.0026 1.0000e-12     0.1327  660732768    51.2121          0   1980.744   3072.724 0.0000e+00
   1960.000    34.9686    34.9598     3.8213     3.8229    251.598    250.958    -0.0008 1.0000e-12     0.1332  660732774    51.3133          0   1985.834   3078.800 0.0000e+00
   1965.000    34.9683    34.9596     3.8148     3.8162    251.556    251.142     0.0003 1.0000e-12     0.1319  660732782    51.4331          0   1990.923   3085.988 0.0000e+00
   1970.000    34.9686    34.9599     3.8071     3.8086    251.681    251.181    -0.0019 1.0000e-12     0.1331  660732789    51.5506          0   1996.013   3093.033 0.0000e+00
   1975.000    34.9692    34.9603     3.8023     3.8039    251.399    250.971    -0.0001 1.0000e-12     0.1336  660732795    51.6632          0   2001.103   3099.790 0.0000e+00
   1980.000    34.9679    34.9592     3.7853     3.7871    251.372    250.893    -0.0022 1.0000e-12     0.1329  660732803    51.7810          0   2006.193   3106.859 0.0000e+00
   1985.000    34.9670    34.9582     3.7745     3.7754    251.651    251.298    -0.0010 1.0000e-12     0.1330  660732810    51.9069          0   2011.283   3114.415 0.0000e+00
   1990.000    34.9674    34.9586     3.7756     3.7771    251.464    251.025     0.0015 1.0000e-12     0.1329  660732816    52.0142          0   2016.374   3120.853 0.0000e+00
   1995.000    34.9681    34.9593     3.7751     3.7766    251.317    251.189    -0.0008 1.0000e-12     0.1308  660732823    52.1278          0   2021.464   3127.667 0.0000e+00
   2000.000    34.9672    34.9585     3.7637     3.7653    251.271    250.889     0.0007 1.0000e-12     0.1315  660732831    52.2493          0   2026.554   3134.958 0.0000e+00
   2005.000    34.9658    34.9571     3.7490     3.7507    251.511    251.120    -0.0015 1.0000e-12     0.1323  660732838    52.3654          0   2031.645   3141.925 0.0000e+00
   2010.000    34.9670    34.9583     3.7500     3.7514    251.399    251.067     0.0011 1.0000e-12     0.1338  660732844    52.4759          0   2036.736   3148.555 0.0000e+00
   2015.000    34.9665    34.9578     3.7389     3.7401    251.350    250.927     0.0035 1.0000e-12     0.1319  660732852    52.6024          0   2041.827   3156.147 0.0000e+00
   2020.000    34.9649    34.9562     3.7244     3.7258    251.488    251.285     0.0033 1.0000e-12     0.1327  660732859    52.7243          0   2046.918   3163.459 0.0000e+00
   2025.000    34.9636    34.9548     3.7137     3.7153    251.738    251.323    -0.0009 1.0000e-12     0.1325  660732866    52.8344          0   2052.009   3170.063 0.0000e+00
   2030.000    34.9624    34.9536     3.7015     3.7027    251.882    251.563    -0.0001 1.0000e-12     0.1328  660732873    52.9578          0   2057.100   3177.471 0.0000e+00
   2035.000    34.9612    34.9524     3.6858     3.6869    251.848    251.683    -0.0008 1.0000e-12     0.1335  660732880    53.0661          0   2062.191   3183.968 0.0000e+00
   2040.000    34.9606    34.9518     3.6792     3.6806    252.169    251.790     0.0018 1.0000e-12     0.1337  660732887    53.1935          0   2067.283   3191.608 0.0000e+00
   2045.000    34.9607    34.9519     3.6754     3.6769    252.123    251.788     0.0000 1.0000e-12     0.1317  660732894    53.3085          0   2072.374   3198.510 0.0000e+00
   2050.000    34.9601    34.9513     3.6668     3.6679    252.121    251.571     0.0023 1.0000e-12     0.1332  660732901    53.4237          0   2077.466   3205.420 0.0000e+00
   2055.000    34.9600    34.9512     3.6576     3.6594    252.181    251.786    -0.0011 1.0000e-12     0.1329  660732908    53.5468          0   2082.558   3212.806 0.0000e+00
   2060.000    34.9596    34.9508     3.6514     3.6530    252.106    251.775    -0.0009 1.0000e-12     0.1334  660732915    53.6572          0   2087.650   3219.434 0.0000e+00
   2065.000    34.9595    34.9508     3.6461     3.6474    252.112    251.581     0.0050 1.0000e-12     0.1332  660732922    53.7772          0   2092.742   3226.633 0.0000e+00
   2070.000    34.9604    34.9516     3.6391     3.6406    251.993    251.783     0.0028 1.0000e-12     0.1337  660732929    53.8879          0   2097.834   3233.272 0.0000e+00
   2075.000    34.9606    34.9518     3.6376     3.6392    251.997    251.427     0.0000 1.0000e-12     0.1323  660732936    54.0095          0   2102.926   3240.571 0.0000e+00
   2080.000    34.9614    34.9526     3.6384     3.6399    251.841    251.762     0.0050 1.0000e-12     0.1319  660732943    54.1253          0   2108.019   3247.515 0.0000e+00
   2085.000    34.9621    34.9532     3.6365     3.6380    251.614    250.984    -0.0001 1.0000e-12     0.1336  660732950    54.2413          0   2113.111   3254.476 0.0000e+00
   2090.000    34.9626    34.9537     3.6387     3.6402    251.437    251.140    -0.0000 1.0000e-12     0.1346  660732957    54.3624          0   2118.204   3261.741 0.0000e+00
   2095.000    34.9644    34.9555     3.6383     3.6399    251.047    250.741     0.0031 1.0000e-12     0.1334  660732964    54.4796          0   2123.297   3268.777 0.0000e+00
   2100.000    34.9655    34.9567     3.6350     3.6364    250.753    250.309     0.0012 1.0000e-12     0.1339  660732971    54.5923          0   2128.390   3275.539 0.0000e+00
   2105.000    34.9662    34.9574     3.6298     3.6314    250.608    249.825     0.0004 1.0000e-12     0.1347  660732978    54.7124          0   2133.483   3282.747 0.0000e+00
   2110.000    34.9676    34.9589     3.6268     3.6283    250.226    249.773     0.0010 1.0000e-12     0.1349  660732986    54.8357          0   2138.576   3290.143 0.0000e+00
   2115.000    34.9671    34.9584     3.6220     3.6238    249.994    249.602     0.0020 1.0000e-12     0.1338  660732993    54.9494          0   2143.669   3296.965 0.0000e+00
   2120.000    34.9673    34.9585     3.6189     3.6202    249.974    249.616     0.0021 1.0000e-12     0.1348  660733000    55.0676          0   2148.762   3304.054 0.0000e+00
   2125.000    34.9685    34.9597     3.6157     3.6172    249.681    249.523     0.0002 1.0000e-12     0.1334  660733007    55.1867          0   2153.856   3311.204 0.0000e+00
   2130.000    34.9686    34.9598     3.6045     3.6059    249.522    249.208     0.0001 1.0000e-12     0.1355  660733014    55.3015          0   2158.949   3318.093 0.0000e+00
   2135.000    34.9691    34.9602     3.6036     3.6052    249.551    249.177     0.0035 1.0000e-12     0.1348  660733021    55.4250          0   2164.043   3325.499 0.0000e+00
   2140.000    34.9725    34.9637     3.6157     3.6168    248.955    248.434     0.0039 1.0000e-12     0.1336  660733028    55.5406          0   2169.137   3332.439 0.0000e+00
   2145.000    34.9704    34.9616     3.5930     3.5934    248.681    248.218     0.0018 1.0000e-12     0.1340  660733035    55.6565          0   2174.231   3339.390 0.0000e+00
   2150.000    34.9689    34.9602     3.5756     3.5770    249.199    249.036     0.0034 1.0000e-12     0.1332  660733042    55.7787          0   2179.325   3346.724 0.0000e+00
   2155.000    34.9683    34.9595     3.5691     3.5704    249.415    249.036    -0.0001 1.0000e-12     0.1329  660733050    55.8984          0   2184.419   3353.907 0.0000e+00
   2160.000    34.9684    34.9596     3.5676     3.5690    249.317    249.004     0.0026 1.0000e-12     0.1342  660733056    56.0121          0   2189.514   3360.726 0.0000e+00
   2165.000    34.9681    34.9593     3.5572     3.5585    249.371    248.740     0.0017 1.0000e-12     0.1342  660733063    56.1213          0   2194.608   3367.277 0.0000e+00
   2170.000    34.9677    34.9589     3.5499     3.5515    249.462    248.978     0.0013 1.0000e-12     0.1347  660733071    56.2554          0   2199.703   3375.324 0.0000e+00
   2175.000    34.9676    34.9588     3.5467     3.5483    249.267    248.913     0.0036 1.0000e-12     0.1341  660733078    56.3656          0   2204.797   3381.937 0.0000e+00
   2180.000    34.9679    34.9590     3.5430     3.5451    249.131    248.623     0.0019 1.0000e-12     0.1330  660733084    56.4793          0   2209.892   3388.759 0.0000e+00
   2185.000    34.9684    34.9597     3.5386     3.5399    248.959    248.291     0.0036 1.0000e-12     0.1328  660733091    56.5963          0   2214.987   3395.781 0.0000e+00
   2190.000    34.9696    34.9615     3.5409     3.5416    248.644    248.150     0.0031 1.0000e-12     0.1333  660733099    56.7240          0   2220.082   3403.441 0.0000e+00
   2195.000    34.9717    34.9630     3.5426     3.5441    247.756    247.211     0.0017 1.0000e-12     0.1342  660733106    56.8406          0   2225.177   3410.435 0.0000e+00
   2200.000    34.9706    34.9618     3.5304     3.5319    247.545    247.186     0.0017 1.0000e-12     0.1343  660733112    56.9326          0   2230.273   3415.958 0.0000e+00
   2205.000    34.9701    34.9614     3.5271     3.5282    248.029    247.452     0.0085 1.0000e-12     0.1343  660733120    57.0710          0   2235.368   3424.261 0.0000e+00
   2210.000    34.9700    34.9612     3.5199     3.5216    248.041    247.460     0.0029 1.0000e-12     0.1329  660733127    57.1854          0   2240.463   3431.123 0.0000e+00
   2215.000    34.9710    34.9622     3.5157     3.5173    247.799    247.364     0.0054 1.0000e-12     0.1350  660733134    57.3057          0   2245.559   3438.339 0.0000e+00
   2220.000    34.9719    34.9631     3.5164     3.5178    247.573    246.980     0.0023 1.0000e-12     0.1340  660733141    57.4291          0   2250.655   3445.744 0.0000e+00
   2225.000    34.9721    34.9634     3.5149     3.5163    247.154    246.530     0.0075 1.0000e-12     0.1339  660733148    57.5425          0   2255.751   3452.547 0.0000e+00
   2230.000    34.9716    34.9628     3.5086     3.5097    247.002    246.351     0.0042 1.0000e-12     0.1335  660733155    57.6579          0   2260.847   3459.475 0.0000e+00
   2235.000    34.9704    34.9616     3.4978     3.4992    247.511    246.943     0.0013 1.0000e-12     0.1329  660733163    57.7833          0   2265.943   3466.998 0.0000e+00
   2240.000    34.9711    34.9623     3.4963     3.4978    247.370    246.919     0.0050 1.0000e-12     0.1349  660733169    57.8972          0   2271.039   3473.832 0.0000e+00
   2245.000    34.9713    34.9626     3.4929     3.4942    247.022    246.678     0.0020 1.0000e-12     0.1345  660733176    58.0130          0   2276.135   3480.781 0.0000e+00
   2250.000    34.9718    34.9629     3.4890     3.4903    246.984    246.180     0.0019 1.0000e-12     0.1335  660733184    58.1384          0   2281.232   3488.303 0.0000e+00
   2255.000    34.9718    34.9630     3.4845     3.4858    246.601    246.551     0.0070 1.0000e-12     0.1340  660733191    58.2496          0   2286.329   3494.976 0.0000e+00
   2260.000    34.9710    34.9621     3.4752     3.4760    246.674    246.002     0.0059 1.0000e-12     0.1354  660733198    58.3697          0   2291.425   3502.182 0.0000e+00
