data/UWS/Data_management/CTD_sensor_data/SO279_CTD_processed/SO279_22-1_CTD-02_processed_DepthAVG.cnv
* Sea-Bird SBE 9 Data File:
* FileName = D:\CTDData\SO279\SO279_22-1_CTD-01.hex
* Software Version Seasave V 7.26.1.8
* Temperature SN = 5938
* Conductivity SN = 4108
* Number of Bytes Per Scan = 41
* Number of Voltage Words = 4
* Number of Scans Averaged by the Deck Unit = 1
* NMEA Latitude = 31 16.05 N
* NMEA Longitude = 024 48.73 W
* NMEA UTC (Time) = Dec 14 2020  00:25:11
* NMEA baud rate = 4800
# nquan = 16
# nvalues = 1081                        
# units = specified
# name 0 = depSM: Depth [salt water, m]
# name 1 = sal00: Salinity, Practical [PSU]
# name 2 = sal11: Salinity, Practical, 2 [PSU]
# name 3 = t090C: Temperature [ITS-90, deg C]
# name 4 = t190C: Temperature, 2 [ITS-90, deg C]
# name 5 = sbeox0Mm/L: Oxygen, SBE 43 [umol/l]
# name 6 = sbeox1Mm/L: Oxygen, SBE 43, 2 [umol/l]
# name 7 = flECO-AFL: Fluorescence, WET Labs ECO-AFL/FL [mg/m^3]
# name 8 = par: PAR/Irradiance, Biospherical/Licor
# name 9 = turbWETntu0: Turbidity, WET Labs ECO [NTU]
# name 10 = timeQ: Time, NMEA [seconds]
# name 11 = timeM: Time, Elapsed [minutes]
# name 12 = nbf: Bottles Fired
# name 13 = prDM: Pressure, Digiquartz [db]
# name 14 = timeS: Time, Elapsed [seconds]
# name 15 = flag: flag
# span 0 =     10.000,   5410.000       
# span 1 =    32.0260,    37.1133       
# span 2 =    34.5735,    37.0141       
# span 3 =     2.4184,    20.7617       
# span 4 =     2.4194,    20.7620       
# span 5 =    169.142,    229.154       
# span 6 =    162.350,    235.456       
# span 7 =    -0.0619,     0.2376       
# span 8 = -2.304e-05, 8.7528e-04       
# span 9 =     0.1201,     0.1396       
# span 10 =  661220751,  661229207      
# span 11 =     0.6521,   141.5810      
# span 12 =          0,          3      
# span 13 =     10.070,   5517.682      
# span 14 =     39.126,   8494.858      
# span 15 = 0.0000e+00, 0.0000e+00      
# interval = meters: 5                  
# start_time = Dec 14 2020 00:25:12 [NMEA time, first data scan]
# bad_flag = -9.990e-29
*END*
[from data line 633]
   3175.000    34.9424    34.9334     2.6868     2.6880    225.928    230.978     0.0008 1.0000e-12     0.1296  661225573    81.0275          0   3221.489   4861.649 0.0000e+00
   3180.000    34.9422    34.9333     2.6856     2.6868    225.915    230.883     0.0020 1.0000e-12     0.1285  661225581    81.1520          0   3226.600   4869.119 0.0000e+00
   3185.000    34.9420    34.9331     2.6838     2.6850    225.833    230.907     0.0043 1.0000e-12     0.1287  661225589    81.2799          0   3231.711   4876.795 0.0000e+00
   3190.000    34.9418    34.9329     2.6821     2.6832    225.890    230.882     0.0042 1.0000e-12     0.1284  661225597    81.4124          0   3236.822   4884.746 0.0000e+00
   3195.000    34.9417    34.9327     2.6807     2.6818    226.009    230.767     0.0041 1.0000e-12     0.1287  661225604    81.5354          0   3241.934   4892.125 0.0000e+00
   3200.000    34.9415    34.9325     2.6790     2.6801    225.875    230.788     0.0045 1.0000e-12     0.1291  661225611    81.6595          0   3247.045   4899.569 0.0000e+00
   3205.000    34.9412    34.9323     2.6755     2.6767    225.895    230.702     0.0069 1.0000e-12     0.1284  661225619    81.7906          0   3252.157   4907.435 0.0000e+00
   3210.000    34.9410    34.9320     2.6739     2.6748    225.848    230.591     0.0010 1.0000e-12     0.1304  661225627    81.9162          0   3257.268   4914.970 0.0000e+00
   3215.000    34.9407    34.9318     2.6716     2.6728    225.895    230.783     0.0062 1.0000e-12     0.1292  661225634    82.0421          0   3262.380   4922.528 0.0000e+00
   3220.000    34.9404    34.9315     2.6678     2.6689    225.826    230.700     0.0035 1.0000e-12     0.1290  661225642    82.1730          0   3267.492   4930.380 0.0000e+00
   3225.000    34.9402    34.9312     2.6662     2.6674    225.805    230.718     0.0066 1.0000e-12     0.1287  661225649    82.2948          0   3272.605   4937.686 0.0000e+00
   3230.000    34.9401    34.9312     2.6645     2.6656    225.861    230.783     0.0102 1.0000e-12     0.1299  661225658    82.4322          0   3277.717   4945.931 0.0000e+00
   3235.000    34.9398    34.9309     2.6623     2.6637    225.792    230.722     0.0084 1.0000e-12     0.1297  661225665    82.5488          0   3282.829   4952.928 0.0000e+00
   3240.000    34.9395    34.9305     2.6586     2.6600    225.755    230.615     0.0064 1.0000e-12     0.1299  661225672    82.6712          0   3287.942   4960.271 0.0000e+00
   3245.000    34.9392    34.9303     2.6574     2.6587    225.808    230.718     0.0053 1.0000e-12     0.1297  661225680    82.8046          0   3293.054   4968.274 0.0000e+00
   3250.000    34.9391    34.9302     2.6550     2.6561    225.851    230.537     0.0067 1.0000e-12     0.1306  661225688    82.9392          0   3298.167   4976.349 0.0000e+00
   3255.000    34.9388    34.9297     2.6529     2.6541    225.838    230.685     0.0074 1.0000e-12     0.1291  661225695    83.0491          0   3303.280   4982.946 0.0000e+00
   3260.000    34.9385    34.9295     2.6506     2.6515    225.779    230.445     0.0100 1.0000e-12     0.1307  661225703    83.1897          0   3308.393   4991.379 0.0000e+00
   3265.000    34.9382    34.9293     2.6483     2.6494    225.823    230.606     0.0046 1.0000e-12     0.1291  661225710    83.3024          0   3313.506   4998.145 0.0000e+00
   3270.000    34.9380    34.9290     2.6474     2.6488    225.733    230.582     0.0055 1.0000e-12     0.1293  661225719    83.4460          0   3318.619   5006.762 0.0000e+00
   3275.000    34.9379    34.9290     2.6456     2.6467    225.759    230.623     0.0022 1.0000e-12     0.1295  661225724    83.5452          0   3323.732   5012.710 0.0000e+00
   3280.000    34.9377    34.9288     2.6457     2.6470    225.710    230.742     0.0091 1.0000e-12     0.1293  661225734    83.7053          0   3328.846   5022.319 0.0000e+00
   3285.000    34.9377    34.9287     2.6433     2.6445    225.658    230.572     0.0067 1.0000e-12     0.1292  661225740    83.7993          0   3333.959   5027.961 0.0000e+00
   3290.000    34.9375    34.9285     2.6433     2.6448    225.827    230.360     0.0048 1.0000e-12     0.1290  661225749    83.9570          0   3339.073   5037.419 0.0000e+00
   3295.000    34.9371    34.9281     2.6369     2.6381    225.687    230.270     0.0011 1.0000e-12     0.1313  661225755    84.0523          0   3344.187   5043.136 0.0000e+00
   3300.000    34.9368    34.9278     2.6368     2.6383    225.698    230.519     0.0054 1.0000e-12     0.1291  661225763    84.1937          0   3349.301   5051.624 0.0000e+00
   3305.000    34.9365    34.9275     2.6325     2.6335    225.674    230.566     0.0029 1.0000e-12     0.1293  661225771    84.3262          0   3354.415   5059.574 0.0000e+00
   3310.000    34.9362    34.9272     2.6305     2.6317    225.730    230.366     0.0034 1.0000e-12     0.1282  661225778    84.4426          0   3359.529   5066.554 0.0000e+00
   3315.000    34.9360    34.9269     2.6283     2.6296    225.655    230.450     0.0053 1.0000e-12     0.1396  661225787    84.5831          0   3364.643   5074.985 0.0000e+00
   3320.000    34.9358    34.9269     2.6257     2.6269    225.594    230.379     0.0053 1.0000e-12     0.1369  661225794    84.6994          0   3369.757   5081.965 0.0000e+00
   3325.000    34.9356    34.9266     2.6255     2.6267    225.684    230.140     0.0079 1.0000e-12     0.1284  661225802    84.8345          0   3374.872   5090.073 0.0000e+00
   3330.000    34.9355    34.9265     2.6247     2.6259    225.578    230.304     0.0057 1.0000e-12     0.1294  661225809    84.9457          0   3379.987   5096.744 0.0000e+00
   3335.000    34.9354    34.9263     2.6230     2.6242    225.735    230.170     0.0024 1.0000e-12     0.1294  661225817    85.0841          0   3385.101   5105.047 0.0000e+00
   3340.000    34.9351    34.9260     2.6207     2.6219    225.646    230.404     0.0036 1.0000e-12     0.1284  661225824    85.2098          0   3390.216   5112.589 0.0000e+00
   3345.000    34.9348    34.9258     2.6186     2.6199    225.698    230.322     0.0039 1.0000e-12     0.1286  661225831    85.3275          0   3395.331   5119.652 0.0000e+00
   3350.000    34.9345    34.9255     2.6173     2.6185    225.742    230.537     0.0043 1.0000e-12     0.1283  661225840    85.4743          0   3400.446   5128.457 0.0000e+00
   3355.000    34.9344    34.9253     2.6160     2.6172    225.630    230.355     0.0049 1.0000e-12     0.1287  661225847    85.5850          0   3405.561   5135.097 0.0000e+00
   3360.000    34.9343    34.9253     2.6146     2.6158    225.620    230.542     0.0070 1.0000e-12     0.1302  661225855    85.7227          0   3410.676   5143.363 0.0000e+00
   3365.000    34.9340    34.9251     2.6137     2.6150    225.708    230.366     0.0024 1.0000e-12     0.1300  661225862    85.8359          0   3415.792   5150.154 0.0000e+00
   3370.000    34.9339    34.9250     2.6129     2.6140    225.660    230.466     0.0038 1.0000e-12     0.1280  661225870    85.9763          0   3420.907   5158.581 0.0000e+00
   3375.000    34.9337    34.9248     2.6116     2.6127    225.603    230.312     0.0038 1.0000e-12     0.1286  661225877    86.0949          0   3426.023   5165.692 0.0000e+00
   3380.000    34.9334    34.9245     2.6094     2.6107    225.642    230.370     0.0096 1.0000e-12     0.1292  661225885    86.2136          0   3431.139   5172.819 0.0000e+00
   3385.000    34.9332    34.9243     2.6063     2.6074    225.725    230.216     0.0048 1.0000e-12     0.1300  661225894    86.3637          0   3436.255   5181.819 0.0000e+00
   3390.000    34.9330    34.9240     2.6054     2.6065    225.643    230.392     0.0087 1.0000e-12     0.1292  661225900    86.4685          0   3441.371   5188.111 0.0000e+00
   3395.000    34.9328    34.9240     2.6037     2.6048    225.735    230.308     0.0072 1.0000e-12     0.1305  661225909    86.6121          0   3446.487   5196.727 0.0000e+00
   3400.000    34.9327    34.9237     2.6028     2.6041    225.645    230.135     0.0077 1.0000e-12     0.1298  661225915    86.7266          0   3451.603   5203.595 0.0000e+00
   3405.000    34.9327    34.9237     2.6014     2.6026    225.622    230.104     0.0089 1.0000e-12     0.1293  661225923    86.8510          0   3456.719   5211.058 0.0000e+00
   3410.000    34.9326    34.9236     2.5994     2.6004    225.506    230.316     0.0078 1.0000e-12     0.1288  661225932    87.0109          0   3461.836   5220.653 0.0000e+00
   3415.000    34.9323    34.9233     2.5986     2.5996    225.512    230.087     0.0052 1.0000e-12     0.1292  661225938    87.1093          0   3466.952   5226.558 0.0000e+00
   3420.000    34.9320    34.9231     2.5946     2.5956    225.456    229.769    -0.0003 1.0000e-12     0.1293  661225947    87.2616          0   3472.069   5235.696 0.0000e+00
   3425.000    34.9317    34.9227     2.5932     2.5944    225.561    230.056     0.0040 1.0000e-12     0.1291  661225954    87.3677          0   3477.186   5242.063 0.0000e+00
   3430.000    34.9316    34.9227     2.5911     2.5922    225.509    230.152     0.0070 1.0000e-12     0.1296  661225962    87.5084          0   3482.303   5250.507 0.0000e+00
   3435.000    34.9312    34.9222     2.5892     2.5903    225.518    230.011     0.0042 1.0000e-12     0.1293  661225969    87.6243          0   3487.420   5257.458 0.0000e+00
   3440.000    34.9311    34.9222     2.5873     2.5884    225.556    229.920     0.0086 1.0000e-12     0.1305  661225977    87.7515          0   3492.537   5265.091 0.0000e+00
   3445.000    34.9309    34.9219     2.5866     2.5876    225.551    230.148     0.0027 1.0000e-12     0.1288  661225985    87.8944          0   3497.654   5273.665 0.0000e+00
   3450.000    34.9306    34.9217     2.5843     2.5855    225.427    230.067     0.0061 1.0000e-12     0.1289  661225992    88.0092          0   3502.772   5280.552 0.0000e+00
   3455.000    34.9304    34.9214     2.5826     2.5835    225.514    230.060     0.0067 1.0000e-12     0.1289  661226001    88.1520          0   3507.889   5289.120 0.0000e+00
   3460.000    34.9300    34.9212     2.5793     2.5803    225.491    229.906     0.0053 1.0000e-12     0.1287  661226008    88.2648          0   3513.007   5295.887 0.0000e+00
   3465.000    34.9299    34.9208     2.5788     2.5799    225.616    229.968     0.0049 1.0000e-12     0.1307  661226017    88.4125          0   3518.125   5304.751 0.0000e+00
   3470.000    34.9297    34.9208     2.5765     2.5776    225.546    229.826     0.0042 1.0000e-12     0.1296  661226022    88.5087          0   3523.242   5310.524 0.0000e+00
   3475.000    34.9296    34.9207     2.5760     2.5773    225.496    229.983     0.0084 1.0000e-12     0.1291  661226031    88.6556          0   3528.360   5319.339 0.0000e+00
   3480.000    34.9296    34.9206     2.5768     2.5780    225.551    230.229     0.0079 1.0000e-12     0.1294  661226039    88.7938          0   3533.479   5327.627 0.0000e+00
   3485.000    34.9294    34.9203     2.5735     2.5748    225.247    229.709     0.0050 1.0000e-12     0.1288  661226046    88.8963          0   3538.597   5333.776 0.0000e+00
   3490.000    34.9292    34.9202     2.5730     2.5743    225.549    229.971     0.0072 1.0000e-12     0.1300  661226056    89.0666          0   3543.715   5343.996 0.0000e+00
   3495.000    34.9291    34.9200     2.5723     2.5736    225.452    230.001     0.0057 1.0000e-12     0.1290  661226062    89.1745          0   3548.833   5350.468 0.0000e+00
   3500.000    34.9287    34.9198     2.5688     2.5698    225.498    229.849     0.0065 1.0000e-12     0.1281  661226070    89.3082          0   3553.952   5358.489 0.0000e+00
   3505.000    34.9285    34.9195     2.5673     2.5683    225.451    229.907     0.0051 1.0000e-12     0.1296  661226078    89.4338          0   3559.071   5366.028 0.0000e+00
   3510.000    34.9283    34.9193     2.5655     2.5666    225.402    229.869     0.0063 1.0000e-12     0.1293  661226085    89.5600          0   3564.190   5373.601 0.0000e+00
   3515.000    34.9281    34.9191     2.5637     2.5648    225.448    229.996     0.0036 1.0000e-12     0.1300  661226094    89.7088          0   3569.308   5382.528 0.0000e+00
   3520.000    34.9279    34.9189     2.5629     2.5641    225.501    230.018     0.0049 1.0000e-12     0.1285  661226101    89.8266          0   3574.427   5389.598 0.0000e+00
   3525.000    34.9279    34.9189     2.5623     2.5634    225.491    230.231     0.0021 1.0000e-12     0.1299  661226110    89.9653          0   3579.547   5397.919 0.0000e+00
   3530.000    34.9277    34.9187     2.5623     2.5634    225.428    229.998     0.0036 1.0000e-12     0.1286  661226116    90.0767          0   3584.666   5404.603 0.0000e+00
   3535.000    34.9277    34.9188     2.5616     2.5626    225.517    229.698     0.0046 1.0000e-12     0.1287  661226125    90.2208          0   3589.785   5413.247 0.0000e+00
   3540.000    34.9276    34.9186     2.5608     2.5620    225.431    229.880     0.0075 1.0000e-12     0.1295  661226132    90.3391          0   3594.905   5420.343 0.0000e+00
   3545.000    34.9274    34.9184     2.5591     2.5602    225.429    229.789     0.0035 1.0000e-12     0.1276  661226140    90.4761          0   3600.024   5428.564 0.0000e+00
   3550.000    34.9272    34.9181     2.5579     2.5590    225.501    229.957     0.0032 1.0000e-12     0.1286  661226148    90.6072          0   3605.144   5436.429 0.0000e+00
   3555.000    34.9270    34.9179     2.5567     2.5579    225.434    229.828     0.0053 1.0000e-12     0.1280  661226156    90.7312          0   3610.264   5443.869 0.0000e+00
   3560.000    34.9268    34.9178     2.5553     2.5564    225.470    230.041     0.0042 1.0000e-12     0.1295  661226163    90.8585          0   3615.384   5451.511 0.0000e+00
   3565.000    34.9268    34.9178     2.5551     2.5561    225.417    229.991     0.0041 1.0000e-12     0.1282  661226171    90.9853          0   3620.504   5459.117 0.0000e+00
   3570.000    34.9267    34.9177     2.5548     2.5560    225.434    229.812     0.0052 1.0000e-12     0.1287  661226179    91.1222          0   3625.624   5467.330 0.0000e+00
   3575.000    34.9267    34.9176     2.5535     2.5546    225.447    229.744     0.0039 1.0000e-12     0.1308  661226187    91.2584          0   3630.744   5475.502 0.0000e+00
   3580.000    34.9264    34.9173     2.5526     2.5536    225.434    229.831     0.0064 1.0000e-12     0.1291  661226195    91.3851          0   3635.865   5483.109 0.0000e+00
   3585.000    34.9263    34.9173     2.5503     2.5514    225.237    229.618     0.0035 1.0000e-12     0.1262  661226202    91.5033          0   3640.985   5490.200 0.0000e+00
   3590.000    34.9261    34.9170     2.5506     2.5519    225.410    229.919     0.0045 1.0000e-12     0.1291  661226210    91.6363          0   3646.106   5498.176 0.0000e+00
   3595.000    34.9258    34.9167     2.5472     2.5483    225.336    229.848     0.0056 1.0000e-12     0.1299  661226217    91.7528          0   3651.227   5505.165 0.0000e+00
   3600.000    34.9255    34.9164     2.5449     2.5457    225.431    229.895     0.0018 1.0000e-12     0.1301  661226227    91.9166          0   3656.348   5514.999 0.0000e+00
   3605.000    34.9252    34.9162     2.5432     2.5445    225.383    229.896     0.0023 1.0000e-12     0.1289  661226233    92.0209          0   3661.469   5521.251 0.0000e+00
   3610.000    34.9252    34.9162     2.5424     2.5435    225.434    229.965     0.0078 1.0000e-12     0.1296  661226242    92.1750          0   3666.590   5530.499 0.0000e+00
   3615.000    34.9250    34.9160     2.5416     2.5428    225.419    229.926     0.0067 1.0000e-12     0.1291  661226248    92.2782          0   3671.711   5536.694 0.0000e+00
   3620.000    34.9250    34.9160     2.5404     2.5415    225.416    229.977     0.0063 1.0000e-12     0.1291  661226257    92.4229          0   3676.832   5545.373 0.0000e+00
