data/UWS/Data_management/CTD_sensor_data/SO279_CTD_processed/SO279_1-1_CTD-01_processed_DepthAVG.cnv
* Sea-Bird SBE 9 Data File:
* FileName = D:\CTDData\SO279\SO279_1-1_CTD-01.hex
* Software Version Seasave V 7.26.1.8
* Temperature SN = 5938
* Conductivity SN = 4108
* Number of Bytes Per Scan = 41
* Number of Voltage Words = 4
* Number of Scans Averaged by the Deck Unit = 1
* NMEA Latitude = 47 15.00 N
* NMEA Longitude = 010 06.27 W
* NMEA UTC (Time) = Dec 08 2020  08:01:09
* NMEA baud rate = 4800
# nquan = 16
# nvalues = 868                         
# units = specified
# name 0 = depSM: Depth [salt water, m]
# name 1 = sal00: Salinity, Practical [PSU]
# name 2 = sal11: Salinity, Practical, 2 [PSU]
# name 3 = t090C: Temperature [ITS-90, deg C]
# name 4 = t190C: Temperature, 2 [ITS-90, deg C]
# name 5 = sbeox0Mm/L: Oxygen, SBE 43 [umol/l]
# name 6 = sbeox1Mm/L: Oxygen, SBE 43, 2 [umol/l]
# name 7 = flECO-AFL: Fluorescence, WET Labs ECO-AFL/FL [mg/m^3]
# name 8 = par: PAR/Irradiance, Biospherical/Licor
# name 9 = turbWETntu0: Turbidity, WET Labs ECO [NTU]
# name 10 = timeQ: Time, NMEA [seconds]
# name 11 = timeM: Time, Elapsed [minutes]
# name 12 = nbf: Bottles Fired
# name 13 = prDM: Pressure, Digiquartz [db]
# name 14 = timeS: Time, Elapsed [seconds]
# name 15 = flag: flag
# span 0 =     10.000,   4345.000       
# span 1 =    34.9078,    35.6975       
# span 2 =    34.8987,    35.6868       
# span 3 =     2.4762,    13.6976       
# span 4 =     2.4773,    13.6995       
# span 5 =    191.132,    255.702       
# span 6 =    175.623,    255.456       
# span 7 =    -0.1346,     0.4079       
# span 8 = 1.0000e-12, 1.0000e-12       
# span 9 =     0.1168,     0.1705       
# span 10 =  660729566,  660736311      
# span 11 =    -2.1614,   110.2516      
# span 12 =          0,          0      
# span 13 =     10.084,   4427.026      
# span 14 =   -129.683,   6615.098      
# span 15 = 0.0000e+00, 0.0000e+00      
# interval = meters: 5                  
# start_time = Dec 08 2020 08:01:36 [NMEA time, first data scan]
# bad_flag = -9.990e-29
*END*
[from data line 724]
   3630.000    34.9223    34.9134     2.5546     2.5557    229.459    228.340     0.0075 1.0000e-12     0.1329  660735222    92.1057          0   3692.381   5526.342 0.0000e+00
   3635.000    34.9221    34.9132     2.5531     2.5542    229.422    228.246     0.0065 1.0000e-12     0.1329  660735230    92.2390          0   3697.511   5534.341 0.0000e+00
   3640.000    34.9220    34.9131     2.5527     2.5539    229.394    228.253     0.0045 1.0000e-12     0.1331  660735238    92.3696          0   3702.640   5542.174 0.0000e+00
   3645.000    34.9220    34.9130     2.5528     2.5539    229.381    228.263     0.0073 1.0000e-12     0.1323  660735245    92.4895          0   3707.769   5549.368 0.0000e+00
   3650.000    34.9219    34.9129     2.5506     2.5519    229.422    228.323     0.0037 1.0000e-12     0.1334  660735253    92.6147          0   3712.899   5556.885 0.0000e+00
   3655.000    34.9217    34.9128     2.5495     2.5507    229.496    228.231     0.0049 1.0000e-12     0.1303  660735261    92.7600          0   3718.028   5565.601 0.0000e+00
   3660.000    34.9216    34.9127     2.5488     2.5499    229.410    228.307     0.0032 1.0000e-12     0.1312  660735268    92.8719          0   3723.158   5572.316 0.0000e+00
   3665.000    34.9214    34.9125     2.5472     2.5483    229.418    228.245     0.0074 1.0000e-12     0.1314  660735276    93.0110          0   3728.288   5580.662 0.0000e+00
   3670.000    34.9212    34.9123     2.5459     2.5471    229.378    228.168     0.0080 1.0000e-12     0.1326  660735284    93.1315          0   3733.418   5587.889 0.0000e+00
   3675.000    34.9211    34.9122     2.5452     2.5464    229.263    228.127     0.0037 1.0000e-12     0.1310  660735291    93.2583          0   3738.548   5595.498 0.0000e+00
   3680.000    34.9209    34.9120     2.5445     2.5457    229.321    228.353     0.0049 1.0000e-12     0.1328  660735299    93.3903          0   3743.678   5603.420 0.0000e+00
   3685.000    34.9210    34.9120     2.5441     2.5453    229.208    228.162     0.0015 1.0000e-12     0.1326  660735306    93.5131          0   3748.808   5610.784 0.0000e+00
   3690.000    34.9210    34.9120     2.5438     2.5449    229.487    228.148     0.0099 1.0000e-12     0.1317  660735315    93.6512          0   3753.939   5619.070 0.0000e+00
   3695.000    34.9209    34.9120     2.5432     2.5443    229.406    228.353     0.0095 1.0000e-12     0.1321  660735322    93.7794          0   3759.069   5626.766 0.0000e+00
   3700.000    34.9207    34.9118     2.5423     2.5435    229.298    227.998     0.0024 1.0000e-12     0.1320  660735330    93.9053          0   3764.200   5634.319 0.0000e+00
   3705.000    34.9206    34.9116     2.5412     2.5424    229.307    228.147     0.0114 1.0000e-12     0.1317  660735338    94.0323          0   3769.331   5641.939 0.0000e+00
   3710.000    34.9203    34.9114     2.5395     2.5408    229.204    228.226     0.0039 1.0000e-12     0.1334  660735345    94.1543          0   3774.461   5649.255 0.0000e+00
   3715.000    34.9202    34.9113     2.5387     2.5399    229.184    228.084     0.0057 1.0000e-12     0.1331  660735353    94.2875          0   3779.592   5657.249 0.0000e+00
   3720.000    34.9201    34.9113     2.5380     2.5392    229.086    228.000     0.0058 1.0000e-12     0.1321  660735361    94.4261          0   3784.723   5665.565 0.0000e+00
   3725.000    34.9200    34.9110     2.5371     2.5381    229.180    228.122     0.0081 1.0000e-12     0.1343  660735368    94.5462          0   3789.855   5672.769 0.0000e+00
   3730.000    34.9198    34.9108     2.5346     2.5356    229.214    228.055     0.0055 1.0000e-12     0.1322  660735376    94.6732          0   3794.986   5680.390 0.0000e+00
   3735.000    34.9197    34.9108     2.5334     2.5346    229.189    227.990     0.0049 1.0000e-12     0.1313  660735383    94.7948          0   3800.118   5687.687 0.0000e+00
   3740.000    34.9195    34.9106     2.5334     2.5348    229.138    227.914     0.0079 1.0000e-12     0.1302  660735392    94.9416          0   3805.249   5696.495 0.0000e+00
   3745.000    34.9194    34.9105     2.5329     2.5342    229.112    227.901     0.0076 1.0000e-12     0.1319  660735399    95.0592          0   3810.381   5703.554 0.0000e+00
   3750.000    34.9193    34.9103     2.5317     2.5329    229.109    227.932     0.0103 1.0000e-12     0.1313  660735407    95.1904          0   3815.513   5711.427 0.0000e+00
   3755.000    34.9192    34.9102     2.5316     2.5329    229.136    227.924     0.0047 1.0000e-12     0.1325  660735415    95.3179          0   3820.645   5719.072 0.0000e+00
   3760.000    34.9191    34.9102     2.5312     2.5324    229.110    227.869     0.0073 1.0000e-12     0.1310  660735422    95.4357          0   3825.777   5726.142 0.0000e+00
   3765.000    34.9191    34.9101     2.5313     2.5324    229.224    228.024     0.0033 1.0000e-12     0.1315  660735432    95.6018          0   3830.909   5736.106 0.0000e+00
   3770.000    34.9190    34.9100     2.5307     2.5317    228.950    227.995     0.0105 1.0000e-12     0.1330  660735438    95.6977          0   3836.041   5741.865 0.0000e+00
   3775.000    34.9188    34.9098     2.5284     2.5294    229.081    227.897     0.0096 1.0000e-12     0.1325  660735445    95.8296          0   3841.173   5749.773 0.0000e+00
   3780.000    34.9187    34.9097     2.5281     2.5293    229.102    227.762     0.0116 1.0000e-12     0.1327  660735453    95.9596          0   3846.306   5757.579 0.0000e+00
   3785.000    34.9186    34.9096     2.5276     2.5288    229.048    227.902     0.0088 1.0000e-12     0.1341  660735461    96.0934          0   3851.439   5765.606 0.0000e+00
   3790.000    34.9186    34.9096     2.5284     2.5295    228.979    227.811     0.0120 1.0000e-12     0.1308  660735469    96.2273          0   3856.571   5773.638 0.0000e+00
   3795.000    34.9185    34.9095     2.5283     2.5294    229.012    227.848     0.0013 1.0000e-12     0.1331  660735477    96.3477          0   3861.704   5780.860 0.0000e+00
   3800.000    34.9184    34.9095     2.5280     2.5292    228.996    227.706     0.0016 1.0000e-12     0.1328  660735484    96.4712          0   3866.837   5788.271 0.0000e+00
   3805.000    34.9184    34.9094     2.5270     2.5281    229.025    227.797     0.0069 1.0000e-12     0.1324  660735492    96.5999          0   3871.970   5795.994 0.0000e+00
   3810.000    34.9182    34.9092     2.5260     2.5267    229.071    227.870     0.0028 1.0000e-12     0.1331  660735500    96.7404          0   3877.103   5804.423 0.0000e+00
   3815.000    34.9182    34.9091     2.5255     2.5268    229.007    227.798     0.0039 1.0000e-12     0.1326  660735507    96.8622          0   3882.237   5811.731 0.0000e+00
   3820.000    34.9181    34.9091     2.5250     2.5262    228.994    227.795     0.0049 1.0000e-12     0.1322  660735515    96.9858          0   3887.370   5819.151 0.0000e+00
   3825.000    34.9180    34.9091     2.5246     2.5257    228.971    227.750     0.0044 1.0000e-12     0.1321  660735522    97.1141          0   3892.504   5826.846 0.0000e+00
   3830.000    34.9180    34.9090     2.5249     2.5261    229.170    227.990     0.0067 1.0000e-12     0.1333  660735531    97.2557          0   3897.637   5835.340 0.0000e+00
   3835.000    34.9179    34.9089     2.5247     2.5258    229.077    227.827     0.0018 1.0000e-12     0.1325  660735537    97.3638          0   3902.771   5841.831 0.0000e+00
   3840.000    34.9177    34.9088     2.5234     2.5246    229.010    227.696     0.0058 1.0000e-12     0.1317  660735544    97.4728          0   3907.905   5848.366 0.0000e+00
   3845.000    34.9175    34.9086     2.5213     2.5221    229.085    227.682     0.0008 1.0000e-12     0.1331  660735551    97.5921          0   3913.039   5855.527 0.0000e+00
   3850.000    34.9174    34.9084     2.5210     2.5221    229.017    227.908     0.0048 1.0000e-12     0.1320  660735558    97.7087          0   3918.173   5862.523 0.0000e+00
   3855.000    34.9174    34.9083     2.5207     2.5218    229.096    227.802     0.0069 1.0000e-12     0.1320  660735565    97.8254          0   3923.307   5869.525 0.0000e+00
   3860.000    34.9172    34.9082     2.5188     2.5200    228.974    227.830     0.0104 1.0000e-12     0.1316  660735572    97.9371          0   3928.442   5876.227 0.0000e+00
   3865.000    34.9170    34.9080     2.5174     2.5186    229.033    227.825     0.0018 1.0000e-12     0.1310  660735579    98.0590          0   3933.576   5883.538 0.0000e+00
   3870.000    34.9167    34.9078     2.5156     2.5167    229.021    227.570     0.0047 1.0000e-12     0.1311  660735586    98.1688          0   3938.711   5890.129 0.0000e+00
   3875.000    34.9167    34.9078     2.5146     2.5157    228.954    227.420     0.0047 1.0000e-12     0.1319  660735593    98.2877          0   3943.845   5897.262 0.0000e+00
   3880.000    34.9165    34.9074     2.5137     2.5148    228.970    227.741     0.0044 1.0000e-12     0.1312  660735600    98.4037          0   3948.980   5904.223 0.0000e+00
   3885.000    34.9164    34.9074     2.5137     2.5147    228.895    227.786     0.0031 1.0000e-12     0.1317  660735607    98.5174          0   3954.115   5911.045 0.0000e+00
   3890.000    34.9163    34.9073     2.5130     2.5141    228.863    227.600     0.0090 1.0000e-12     0.1342  660735614    98.6367          0   3959.250   5918.201 0.0000e+00
   3895.000    34.9162    34.9071     2.5118     2.5130    228.927    227.599     0.0068 1.0000e-12     0.1307  660735620    98.7434          0   3964.386   5924.605 0.0000e+00
   3900.000    34.9161    34.9071     2.5112     2.5123    228.818    227.745     0.0049 1.0000e-12     0.1318  660735628    98.8699          0   3969.521   5932.196 0.0000e+00
   3905.000    34.9159    34.9069     2.5112     2.5123    228.908    227.443     0.0083 1.0000e-12     0.1335  660735635    98.9824          0   3974.656   5938.941 0.0000e+00
   3910.000    34.9159    34.9068     2.5108     2.5120    228.918    227.551     0.0031 1.0000e-12     0.1321  660735641    99.0929          0   3979.792   5945.573 0.0000e+00
   3915.000    34.9157    34.9068     2.5103     2.5114    228.934    227.686     0.0027 1.0000e-12     0.1313  660735648    99.2136          0   3984.928   5952.815 0.0000e+00
   3920.000    34.9156    34.9066     2.5094     2.5106    228.901    227.726     0.0098 1.0000e-12     0.1319  660735656    99.3317          0   3990.063   5959.902 0.0000e+00
   3925.000    34.9156    34.9065     2.5089     2.5101    228.823    227.571     0.0137 1.0000e-12     0.1312  660735662    99.4465          0   3995.199   5966.792 0.0000e+00
   3930.000    34.9154    34.9064     2.5074     2.5085    228.902    227.689     0.0049 1.0000e-12     0.1307  660735670    99.5666          0   4000.335   5973.997 0.0000e+00
   3935.000    34.9153    34.9062     2.5072     2.5083    228.871    227.590     0.0037 1.0000e-12     0.1321  660735676    99.6804          0   4005.471   5980.822 0.0000e+00
   3940.000    34.9152    34.9062     2.5070     2.5080    228.857    227.442     0.0066 1.0000e-12     0.1327  660735683    99.7904          0   4010.607   5987.421 0.0000e+00
   3945.000    34.9151    34.9061     2.5067     2.5077    228.907    227.567     0.0083 1.0000e-12     0.1324  660735690    99.9096          0   4015.744   5994.574 0.0000e+00
   3950.000    34.9150    34.9060     2.5061     2.5073    228.844    227.623     0.0066 1.0000e-12     0.1323  660735697   100.0239          0   4020.880   6001.434 0.0000e+00
   3955.000    34.9150    34.9059     2.5049     2.5060    228.716    227.566     0.0100 1.0000e-12     0.1317  660735704   100.1306          0   4026.017   6007.834 0.0000e+00
   3960.000    34.9149    34.9058     2.5051     2.5063    229.031    227.330     0.0135 1.0000e-12     0.1327  660735711   100.2582          0   4031.153   6015.492 0.0000e+00
   3965.000    34.9147    34.9057     2.5052     2.5064    228.780    227.438     0.0065 1.0000e-12     0.1329  660735717   100.3642          0   4036.290   6021.852 0.0000e+00
   3970.000    34.9147    34.9057     2.5044     2.5055    228.849    227.593     0.0081 1.0000e-12     0.1315  660735725   100.4891          0   4041.427   6029.346 0.0000e+00
   3975.000    34.9145    34.9055     2.5037     2.5048    228.795    227.298     0.0038 1.0000e-12     0.1335  660735732   100.6007          0   4046.564   6036.042 0.0000e+00
   3980.000    34.9144    34.9054     2.5033     2.5044    228.814    227.251     0.0047 1.0000e-12     0.1316  660735738   100.7117          0   4051.701   6042.704 0.0000e+00
   3985.000    34.9144    34.9053     2.5027     2.5039    228.747    227.506     0.0041 1.0000e-12     0.1312  660735745   100.8227          0   4056.839   6049.359 0.0000e+00
   3990.000    34.9142    34.9052     2.5023     2.5034    228.840    227.389     0.0063 1.0000e-12     0.1334  660735753   100.9501          0   4061.976   6057.005 0.0000e+00
   3995.000    34.9141    34.9052     2.5010     2.5021    228.789    227.457     0.0083 1.0000e-12     0.1320  660735759   101.0588          0   4067.114   6063.525 0.0000e+00
   4000.000    34.9139    34.9049     2.5002     2.5015    228.853    227.424     0.0072 1.0000e-12     0.1305  660735767   101.1841          0   4072.251   6071.047 0.0000e+00
   4005.000    34.9138    34.9047     2.4992     2.5005    228.694    227.493     0.0072 1.0000e-12     0.1322  660735773   101.2831          0   4077.389   6076.987 0.0000e+00
   4010.000    34.9137    34.9047     2.4980     2.4990    228.826    227.445     0.0120 1.0000e-12     0.1321  660735781   101.4169          0   4082.527   6085.016 0.0000e+00
   4015.000    34.9136    34.9046     2.4980     2.4990    228.776    227.228     0.0016 1.0000e-12     0.1318  660735787   101.5204          0   4087.665   6091.226 0.0000e+00
   4020.000    34.9134    34.9044     2.4973     2.4983    228.806    227.300     0.0115 1.0000e-12     0.1331  660735794   101.6450          0   4092.803   6098.698 0.0000e+00
   4025.000    34.9135    34.9043     2.4976     2.4987    228.699    227.513     0.0062 1.0000e-12     0.1334  660735801   101.7627          0   4097.941   6105.760 0.0000e+00
   4030.000    34.9133    34.9042     2.4976     2.4987    228.752    227.234     0.0096 1.0000e-12     0.1338  660735808   101.8732          0   4103.079   6112.395 0.0000e+00
   4035.000    34.9132    34.9042     2.4967     2.4978    228.651    227.243     0.0123 1.0000e-12     0.1333  660735815   101.9816          0   4108.218   6118.893 0.0000e+00
   4040.000    34.9132    34.9042     2.4966     2.4977    228.675    227.351     0.0059 1.0000e-12     0.1337  660735822   102.1046          0   4113.356   6126.276 0.0000e+00
   4045.000    34.9130    34.9040     2.4960     2.4970    228.711    227.529     0.0064 1.0000e-12     0.1312  660735829   102.2201          0   4118.495   6133.205 0.0000e+00
   4050.000    34.9129    34.9039     2.4955     2.4967    228.699    227.135     0.0106 1.0000e-12     0.1324  660735836   102.3321          0   4123.634   6139.928 0.0000e+00
   4055.000    34.9128    34.9038     2.4956     2.4966    228.710    227.418     0.0126 1.0000e-12     0.1306  660735843   102.4537          0   4128.773   6147.224 0.0000e+00
   4060.000    34.9128    34.9037     2.4951     2.4963    228.700    227.437     0.0051 1.0000e-12     0.1330  660735849   102.5640          0   4133.912   6153.840 0.0000e+00
   4065.000    34.9127    34.9037     2.4946     2.4957    228.626    227.351     0.0121 1.0000e-12     0.1329  660735856   102.6769          0   4139.051   6160.614 0.0000e+00
   4070.000    34.9126    34.9035     2.4945     2.4957    228.702    227.207     0.0054 1.0000e-12     0.1336  660735864   102.8073          0   4144.190   6168.437 0.0000e+00
