data/UWS/Data_management/CTD_sensor_data/SO279_CTD_processed/SO279_53-1_CTD-04_processed.ros
* Sea-Bird SBE 9 Data File:
* FileName = D:\CTDData\SO279\SO279_53-1_CTD-04.hex
* Software Version Seasave V 7.26.1.8
* Temperature SN = 5938
* Conductivity SN = 4108
* Number of Bytes Per Scan = 41
* Number of Voltage Words = 4
* Number of Scans Averaged by the Deck Unit = 1
* NMEA Latitude = 31 07.08 N
* NMEA Longitude = 033 48.97 W
* NMEA UTC (Time) = Dec 18 2020  11:51:30
* NMEA baud rate = 4800
# nquan = 17
# nvalues = 1459                                  
# units = specified
# name 0 = depSM: Depth [salt water, m]
# name 1 = sal00: Salinity, Practical [PSU]
# name 2 = sal11: Salinity, Practical, 2 [PSU]
# name 3 = t090C: Temperature [ITS-90, deg C]
# name 4 = t190C: Temperature, 2 [ITS-90, deg C]
# name 5 = sbeox0Mm/L: Oxygen, SBE 43 [umol/l]
# name 6 = sbeox1Mm/L: Oxygen, SBE 43, 2 [umol/l]
# name 7 = flECO-AFL: Fluorescence, WET Labs ECO-AFL/FL [mg/m^3]
# name 8 = par: PAR/Irradiance, Biospherical/Licor
# name 9 = turbWETntu0: Turbidity, WET Labs ECO [NTU]
# name 10 = timeQ: Time, NMEA [seconds]
# name 11 = timeM: Time, Elapsed [minutes]
# name 12 = nbf: Bottles Fired
# name 13 = prDM: Pressure, Digiquartz [db]
# name 14 = timeS: Time, Elapsed [seconds]
# name 15 = scan: Scan Count
# name 16 = flag:  0.000e+00
# interval = seconds: 0.0416667
# start_time = Dec 18 2020 11:51:31 [NMEA time, first data scan]
# bad_flag = -9.990e-29
*END*
[from data line 766]
    304.446    36.3021    36.2794    16.6566    16.6547    189.464    187.612    -0.0597 1.0000e-12     0.1275  661618809   188.6368         14    306.788  11318.208     271638  0.000e+00
    304.401    36.3020    36.2796    16.6563    16.6545    189.754    187.600    -0.0597 1.0000e-12     0.1275  661618809   188.6375         14    306.742  11318.250     271639  0.000e+00
    304.401    36.3022    36.2796    16.6561    16.6547    189.914    187.744    -0.0597 1.0000e-12     0.1275  661618809   188.6382         14    306.742  11318.292     271640  0.000e+00
    304.459    36.3023    36.2794    16.6562    16.6547    189.943    187.750    -0.0597 1.0000e-12     0.1275  661618809   188.6389         14    306.800  11318.333     271641  0.000e+00
    304.401    36.3023    36.2801    16.6561    16.6545    189.827    187.752    -0.0597 1.0000e-12     0.1275  661618809   188.6396         15    306.742  11318.375     271642  0.000e+00
    304.497    36.3023    36.2795    16.6562    16.6547    189.862    187.759    -0.0597 1.0000e-12     0.1275  661618809   188.6403         15    306.839  11318.417     271643  0.000e+00
    304.459    36.3023    36.2796    16.6563    16.6550    189.754    187.761    -0.0597 1.0000e-12     0.1275  661618809   188.6410         15    306.800  11318.458     271644  0.000e+00
    304.446    36.3020    36.2797    16.6558    16.6551    189.767    187.765    -0.0597 1.0000e-12     0.1275  661618809   188.6417         15    306.788  11318.500     271645  0.000e+00
    304.446    36.3018    36.2799    16.6554    16.6552    189.630    187.768    -0.0597 1.0000e-12     0.1275  661618809   188.6424         15    306.788  11318.542     271646  0.000e+00
    304.542    36.3023    36.2801    16.6546    16.6550    189.624    187.775    -0.0597 1.0000e-12     0.1275  661618809   188.6431         15    306.884  11318.583     271647  0.000e+00
    304.459    36.3020    36.2795    16.6546    16.6554    189.740    187.932    -0.0597 1.0000e-12     0.1275  661618809   188.6438         15    306.800  11318.625     271648  0.000e+00
    304.497    36.3021    36.2800    16.6543    16.6551    189.867    187.797    -0.0597 1.0000e-12     0.1275  661618809   188.6444         15    306.839  11318.667     271649  0.000e+00
    304.542    36.3020    36.2801    16.6546    16.6551    189.711    187.801    -0.0597 1.0000e-12     0.1275  661618809   188.6451         15    306.884  11318.708     271650  0.000e+00
    304.504    36.3017    36.2799    16.6548    16.6550    189.671    187.804    -0.0597 1.0000e-12     0.1275  661618809   188.6458         15    306.846  11318.750     271651  0.000e+00
    304.542    36.3020    36.2796    16.6550    16.6554    189.490    187.963    -0.0597 1.0000e-12     0.1275  661618809   188.6465         15    306.884  11318.792     271652  0.000e+00
    304.542    36.3018    36.2794    16.6548    16.6552    189.437    187.981    -0.0597 1.0000e-12     0.1275  661618809   188.6472         15    306.884  11318.833     271653  0.000e+00
    304.497    36.3019    36.2794    16.6544    16.6552    189.272    187.997    -0.0597 1.0000e-12     0.1275  661618809   188.6479         15    306.839  11318.875     271654  0.000e+00
    304.504    36.3020    36.2792    16.6543    16.6552    189.385    188.014    -0.0597 1.0000e-12     0.1275  661618809   188.6486         15    306.846  11318.917     271655  0.000e+00
    304.587    36.3018    36.2792    16.6539    16.6549    189.530    188.033    -0.0597 1.0000e-12     0.1275  661618810   188.6493         15    306.929  11318.958     271656  0.000e+00
    304.542    36.3019    36.2795    16.6538    16.6547    189.551    188.048    -0.0597 1.0000e-12     0.1275  661618810   188.6500         15    306.884  11319.000     271657  0.000e+00
    304.446    36.3016    36.2794    16.6539    16.6548    189.849    188.060    -0.0597 1.0000e-12     0.1275  661618810   188.6507         15    306.788  11319.042     271658  0.000e+00
    304.599    36.3018    36.2796    16.6534    16.6544    190.163    188.079    -0.0597 1.0000e-12     0.1275  661618810   188.6514         15    306.942  11319.083     271659  0.000e+00
    304.587    36.3014    36.2793    16.6536    16.6542    190.319    188.093    -0.0597 1.0000e-12     0.1275  661618810   188.6521         15    306.929  11319.125     271660  0.000e+00
    304.587    36.3016    36.2790    16.6533    16.6540    190.353    188.107    -0.0597 1.0000e-12     0.1275  661618810   188.6528         15    306.929  11319.167     271661  0.000e+00
    304.504    36.3015    36.2788    16.6532    16.6537    190.262    188.103    -0.0524 1.0000e-12     0.1299  661618810   188.6535         15    306.846  11319.208     271662  0.000e+00
    304.587    36.3017    36.2795    16.6531    16.6530    190.303    187.963    -0.0524 1.0000e-12     0.1324  661618810   188.6542         15    306.929  11319.250     271663  0.000e+00
    304.587    36.3015    36.2797    16.6531    16.6528    190.339    188.114    -0.0450 1.0000e-12     0.1324  661618810   188.6549         15    306.929  11319.292     271664  0.000e+00
    304.542    36.3014    36.2795    16.6529    16.6525    190.214    188.125    -0.0450 1.0000e-12     0.1324  661618810   188.6556         15    306.884  11319.333     271665  0.000e+00
    304.599    36.3013    36.2791    16.6529    16.6525    190.089    188.137    -0.0524 1.0000e-12     0.1324  661618810   188.6563         15    306.942  11319.375     271666  0.000e+00
    304.587    36.3016    36.2794    16.6528    16.6518    190.090    188.148    -0.0524 1.0000e-12     0.1324  661618810   188.6569         15    306.929  11319.417     271667  0.000e+00
    304.587    36.3007    36.2789    16.6528    16.6518    190.369    188.157    -0.0524 1.0000e-12     0.1324  661618810   188.6576         15    306.929  11319.458     271668  0.000e+00
    304.548    36.2998    36.2787    16.6518    16.6516    190.519    188.319    -0.0524 1.0000e-12     0.1324  661618810   188.6583         15    306.891  11319.500     271669  0.000e+00
    304.587    36.2995    36.2786    16.6501    16.6514    190.519    188.342    -0.0524 1.0000e-12     0.1324  661618810   188.6590         15    306.929  11319.542     271670  0.000e+00
    304.587    36.2974    36.2785    16.6492    16.6506    190.503    188.211    -0.0450 1.0000e-12     0.1324  661618810   188.6597         15    306.929  11319.583     271671  0.000e+00
    304.587    36.2979    36.2786    16.6458    16.6499    190.361    188.218    -0.0450 1.0000e-12     0.1324  661618810   188.6604         15    306.929  11319.625     271672  0.000e+00
    304.548    36.2987    36.2788    16.6423    16.6490    190.224    188.379    -0.0450 1.0000e-12     0.1324  661618810   188.6611         15    306.891  11319.667     271673  0.000e+00
    304.587    36.2992    36.2788    16.6404    16.6492    190.210    188.242    -0.0524 1.0000e-12     0.1324  661618810   188.6618         15    306.929  11319.708     271674  0.000e+00
    304.587    36.2999    36.2792    16.6394    16.6491    190.488    188.245    -0.0524 1.0000e-12     0.1324  661618810   188.6625         15    306.929  11319.750     271675  0.000e+00
    304.599    36.3002    36.2798    16.6389    16.6490    190.514    188.246    -0.0524 1.0000e-12     0.1324  661618810   188.6632         15    306.942  11319.792     271676  0.000e+00
    304.587    36.3004    36.2794    16.6381    16.6494    190.528    188.246    -0.0524 1.0000e-12     0.1324  661618810   188.6639         15    306.929  11319.833     271677  0.000e+00
    304.587    36.3001    36.2794    16.6375    16.6494    190.261    188.232    -0.0450 1.0000e-12     0.1324  661618810   188.6646         15    306.929  11319.875     271678  0.000e+00
    304.542    36.3005    36.2785    16.6370    16.6498    190.260    188.214    -0.0450 1.0000e-12     0.1324  661618810   188.6653         15    306.884  11319.917     271679  0.000e+00
    304.548    36.3008    36.2789    16.6367    16.6497    190.119    188.212    -0.0450 1.0000e-12     0.1324  661618811   188.6660         15    306.891  11319.958     271680  0.000e+00
    304.587    36.3009    36.2784    16.6373    16.6497    190.243    188.211    -0.0524 1.0000e-12     0.1324  661618811   188.6667         15    306.929  11320.000     271681  0.000e+00
    304.587    36.3023    36.2787    16.6392    16.6492    190.508    188.210    -0.0450 1.0000e-12     0.1324  661618811   188.6674         15    306.929  11320.042     271682  0.000e+00
    304.548    36.3030    36.2789    16.6417    16.6489    190.778    188.206    -0.0450 1.0000e-12     0.1324  661618811   188.6681         15    306.891  11320.083     271683  0.000e+00
    304.587    36.3029    36.2787    16.6438    16.6487    190.929    188.204    -0.0524 1.0000e-12     0.1324  661618811   188.6687         15    306.929  11320.125     271684  0.000e+00
    304.542    36.3022    36.2786    16.6453    16.6482    191.077    188.184    -0.0450 1.0000e-12     0.1324  661618811   188.6694         15    306.884  11320.167     271685  0.000e+00
    304.587    36.3024    36.2787    16.6463    16.6484    191.093    188.163    -0.0524 1.0000e-12     0.1324  661618811   188.6701         15    306.929  11320.208     271686  0.000e+00
    304.548    36.3023    36.2789    16.6472    16.6486    191.254    188.138    -0.0450 1.0000e-12     0.1324  661618811   188.6708         15    306.891  11320.250     271687  0.000e+00
    304.542    36.3020    36.2789    16.6479    16.6490    191.163    188.113    -0.0377 1.0000e-12     0.1348  661618811   188.6715         15    306.884  11320.292     271688  0.000e+00
    304.542    36.3028    36.2787    16.6482    16.6494    191.208    188.102    -0.0304 1.0000e-12     0.1348  661618811   188.6722         15    306.884  11320.333     271689  0.000e+00
    304.504    36.3026    36.2790    16.6496    16.6494    190.969    188.090    -0.0304 1.0000e-12     0.1348  661618811   188.6729         15    306.845  11320.375     271690  0.000e+00
    304.542    36.3021    36.2787    16.6509    16.6494    190.840    188.080    -0.0304 1.0000e-12     0.1348  661618811   188.6736         15    306.884  11320.417     271691  0.000e+00
    304.542    36.3022    36.2788    16.6516    16.6495    190.700    188.068    -0.0304 1.0000e-12     0.1348  661618811   188.6743         15    306.884  11320.458     271692  0.000e+00
    304.542    36.3021    36.2791    16.6522    16.6494    190.678    188.056    -0.0377 1.0000e-12     0.1348  661618811   188.6750         15    306.884  11320.500     271693  0.000e+00
    304.504    36.3022    36.2788    16.6524    16.6494    190.655    187.888    -0.0304 1.0000e-12     0.1348  661618811   188.6757         15    306.845  11320.542     271694  0.000e+00
    304.497    36.3023    36.2784    16.6531    16.6494    190.758    187.860    -0.0304 1.0000e-12     0.1348  661618811   188.6764         15    306.839  11320.583     271695  0.000e+00
    304.497    36.3022    36.2783    16.6534    16.6489    190.870    187.835    -0.0304 1.0000e-12     0.1348  661618811   188.6771         15    306.839  11320.625     271696  0.000e+00
    304.504    36.3021    36.2782    16.6532    16.6486    191.000    187.824    -0.0304 1.0000e-12     0.1348  661618811   188.6778         15    306.845  11320.667     271697  0.000e+00
    304.497    36.3013    36.2786    16.6533    16.6477    190.867    187.799    -0.0304 1.0000e-12     0.1348  661618811   188.6785         15    306.839  11320.708     271698  0.000e+00
    304.497    36.3009    36.2789    16.6522    16.6475    190.717    187.927    -0.0304 1.0000e-12     0.1348  661618811   188.6792         15    306.839  11320.750     271699  0.000e+00
    304.497    36.3005    36.2785    16.6519    16.6470    190.552    187.917    -0.0304 1.0000e-12     0.1348  661618811   188.6799         15    306.839  11320.792     271700  0.000e+00
    304.408    36.3006    36.2778    16.6512    16.6473    190.224    187.761    -0.0304 1.0000e-12     0.1348  661618811   188.6806         15    306.749  11320.833     271701  0.000e+00
    304.497    36.3005    36.2779    16.6507    16.6475    190.019    187.750    -0.0304 1.0000e-12     0.1348  661618811   188.6813         15    306.839  11320.875     271702  0.000e+00
    304.446    36.3003    36.2784    16.6504    16.6479    189.649    187.735    -0.0304 1.0000e-12     0.1348  661618811   188.6819         15    306.787  11320.917     271703  0.000e+00
    304.446    36.3011    36.2783    16.6494    16.6489    189.412    187.876    -0.0304 1.0000e-12     0.1348  661618812   188.6826         15    306.787  11320.958     271704  0.000e+00
    304.408    36.3019    36.2789    16.6490    16.6499    189.450    187.719    -0.0304 1.0000e-12     0.1348  661618812   188.6833         15    306.749  11321.000     271705  0.000e+00
    304.446    36.3029    36.2787    16.6497    16.6499    189.495    187.710    -0.0304 1.0000e-12     0.1348  661618812   188.6840         15    306.787  11321.042     271706  0.000e+00
    304.401    36.3035    36.2786    16.6514    16.6495    189.843    187.700    -0.0304 1.0000e-12     0.1348  661618812   188.6847         15    306.742  11321.083     271707  0.000e+00
    304.408    36.3038    36.2787    16.6518    16.6492    189.967    187.692    -0.0304 1.0000e-12     0.1348  661618812   188.6854         15    306.749  11321.125     271708  0.000e+00
    304.401    36.3033    36.2792    16.6522    16.6495    190.110    187.527    -0.0304 1.0000e-12     0.1348  661618812   188.6861         15    306.742  11321.167     271709  0.000e+00
    304.401    36.3027    36.2798    16.6533    16.6507    189.983    187.500    -0.0304 1.0000e-12     0.1348  661618812   188.6868         15    306.742  11321.208     271710  0.000e+00
    304.401    36.3033    36.2805    16.6541    16.6521    189.835    187.474    -0.0304 1.0000e-12     0.1348  661618812   188.6875         15    306.742  11321.250     271711  0.000e+00
    304.318    36.3029    36.2811    16.6553    16.6525    189.675    187.435    -0.0304 1.0000e-12     0.1348  661618812   188.6882         15    306.659  11321.292     271712  0.000e+00
    304.401    36.3032    36.2809    16.6553    16.6535    189.514    187.414    -0.0450 1.0000e-12     0.1324  661618812   188.6889         15    306.742  11321.333     271713  0.000e+00
    304.305    36.3029    36.2804    16.6556    16.6544    189.607    187.547    -0.0524 1.0000e-12     0.1299  661618812   188.6896         15    306.646  11321.375     271714  0.000e+00
    133.581    36.7651    36.7426    19.4958    19.4923    189.119    193.900     0.0209 1.0000e-12     0.1348  661619036   192.4160         16    134.552  11544.958     277080  0.000e+00
    133.568    36.7649    36.7408    19.4958    19.4955    189.120    193.893     0.0209 1.0000e-12     0.1348  661619036   192.4167         16    134.540  11545.000     277081  0.000e+00
    133.568    36.7647    36.7408    19.4956    19.4970    189.130    194.043     0.0209 1.0000e-12     0.1348  661619036   192.4174         16    134.540  11545.042     277082  0.000e+00
    133.524    36.7645    36.7410    19.4954    19.4972    189.123    193.925     0.0209 1.0000e-12     0.1348  661619036   192.4181         16    134.495  11545.083     277083  0.000e+00
    133.568    36.7653    36.7403    19.4947    19.4986    188.992    193.935     0.0209 1.0000e-12     0.1348  661619036   192.4187         16    134.540  11545.125     277084  0.000e+00
    133.524    36.7652    36.7415    19.4949    19.4969    188.976    193.940     0.0209 1.0000e-12     0.1348  661619036   192.4194         16    134.495  11545.167     277085  0.000e+00
    133.568    36.7643    36.7426    19.4959    19.4944    189.088    193.949     0.0209 1.0000e-12     0.1348  661619036   192.4201         16    134.540  11545.208     277086  0.000e+00
    133.524    36.7642    36.7423    19.4965    19.4934    189.086    193.953     0.0209 1.0000e-12     0.1348  661619036   192.4208         16    134.495  11545.250     277087  0.000e+00
