data/UWS/Data_management/CTD_sensor_data/SO279_CTD_processed/SO279_102-1_CTD-07_processed.ros
* Sea-Bird SBE 9 Data File:
* FileName = D:\CTDData\SO279\SO279_102-1_CTD-07.hex
* Software Version Seasave V 7.26.1.8
* Temperature SN = 5938
* Conductivity SN = 4108
* Number of Bytes Per Scan = 41
* Number of Voltage Words = 4
* Number of Scans Averaged by the Deck Unit = 1
* NMEA Latitude = 35 00.00 N
* NMEA Longitude = 021 00.00 W
* NMEA UTC (Time) = Dec 27 2020  07:53:18
* NMEA baud rate = 4800
# nquan = 17
# nvalues = 1536                                  
# units = specified
# name 0 = depSM: Depth [salt water, m]
# name 1 = sal00: Salinity, Practical [PSU]
# name 2 = sal11: Salinity, Practical, 2 [PSU]
# name 3 = t090C: Temperature [ITS-90, deg C]
# name 4 = t190C: Temperature, 2 [ITS-90, deg C]
# name 5 = sbeox0Mm/L: Oxygen, SBE 43 [umol/l]
# name 6 = sbeox1Mm/L: Oxygen, SBE 43, 2 [umol/l]
# name 7 = flECO-AFL: Fluorescence, WET Labs ECO-AFL/FL [mg/m^3]
# name 8 = par: PAR/Irradiance, Biospherical/Licor
# name 9 = turbWETntu0: Turbidity, WET Labs ECO [NTU]
# name 10 = timeQ: Time, NMEA [seconds]
# name 11 = timeM: Time, Elapsed [minutes]
# name 12 = nbf: Bottles Fired
# name 13 = prDM: Pressure, Digiquartz [db]
# name 14 = timeS: Time, Elapsed [seconds]
# name 15 = scan: Scan Count
# name 16 = flag:  0.000e+00
# interval = seconds: 0.0416667
# start_time = Dec 27 2020 07:53:19 [NMEA time, first data scan]
# bad_flag = -9.990e-29
*END*
[from data line 681]
   1003.494    35.8470    35.7796     9.5380     9.5412    159.641    173.804    -0.0011 1.0000e-12     0.1348  662383738   215.6618         11   1013.258  12939.708     310554  0.000e+00
   1003.494    35.8472    35.7803     9.5385     9.5414    159.638    173.810    -0.0011 1.0000e-12     0.1348  662383738   215.6625         11   1013.258  12939.750     310555  0.000e+00
   1003.539    35.8475    35.7803     9.5390     9.5431    159.638    173.781    -0.0011 1.0000e-12     0.1348  662383738   215.6632         11   1013.304  12939.792     310556  0.000e+00
   1003.539    35.8475    35.7810     9.5398     9.5441    159.637    173.754    -0.0011 1.0000e-12     0.1348  662383738   215.6639         11   1013.304  12939.833     310557  0.000e+00
   1003.539    35.8477    35.7808     9.5403     9.5458    159.639    173.725    -0.0011 1.0000e-12     0.1348  662383738   215.6646         11   1013.304  12939.875     310558  0.000e+00
   1003.584    35.8474    35.7803     9.5408     9.5482    159.644    173.694    -0.0011 1.0000e-12     0.1348  662383738   215.6653         11   1013.349  12939.917     310559  0.000e+00
   1003.539    35.8475    35.7800     9.5408     9.5497    159.837    173.665    -0.0011 1.0000e-12     0.1348  662383739   215.6660         11   1013.304  12939.958     310560  0.000e+00
   1003.584    35.8470    35.7791     9.5411     9.5494    159.472    173.646    -0.0011 1.0000e-12     0.1348  662383739   215.6667         11   1013.349  12940.000     310561  0.000e+00
   1003.636    35.8469    35.7792     9.5409     9.5489    159.443    173.626    -0.0011 1.0000e-12     0.1348  662383739   215.6674         11   1013.402  12940.042     310562  0.000e+00
   1003.636    35.8470    35.7796     9.5408     9.5479    159.601    173.607    -0.0011 1.0000e-12     0.1348  662383739   215.6681         11   1013.402  12940.083     310563  0.000e+00
   1003.584    35.8470    35.7798     9.5408     9.5478    159.406    173.583    -0.0011 1.0000e-12     0.1348  662383739   215.6687         11   1013.349  12940.125     310564  0.000e+00
   1003.636    35.8470    35.7797     9.5404     9.5495    159.382    173.555    -0.0011 1.0000e-12     0.1324  662383739   215.6694         11   1013.402  12940.167     310565  0.000e+00
   1003.636    35.8468    35.7795     9.5406     9.5513    159.377    173.526    -0.0011 1.0000e-12     0.1324  662383739   215.6701         11   1013.402  12940.208     310566  0.000e+00
   1003.636    35.8472    35.7787     9.5408     9.5526    159.560    173.498    -0.0011 1.0000e-12     0.1324  662383739   215.6708         11   1013.402  12940.250     310567  0.000e+00
   1003.636    35.8472    35.7793     9.5413     9.5525    159.558    173.476    -0.0011 1.0000e-12     0.1324  662383739   215.6715         11   1013.402  12940.292     310568  0.000e+00
   1003.636    35.8469    35.7799     9.5417     9.5525    159.391    173.453    -0.0011 1.0000e-12     0.1324  662383739   215.6722         11   1013.402  12940.333     310569  0.000e+00
   1003.732    35.8474    35.7795     9.5421     9.5525    159.373    173.464    -0.0011 1.0000e-12     0.1324  662383739   215.6729         11   1013.500  12940.375     310570  0.000e+00
   1003.636    35.8470    35.7793     9.5432     9.5523    159.352    173.441    -0.0011 1.0000e-12     0.1324  662383739   215.6736         11   1013.402  12940.417     310571  0.000e+00
   1003.681    35.8468    35.7798     9.5437     9.5522    159.337    173.421    -0.0011 1.0000e-12     0.1324  662383739   215.6743         11   1013.447  12940.458     310572  0.000e+00
   1003.636    35.8471    35.7794     9.5438     9.5523    159.344    173.430    -0.0011 1.0000e-12     0.1324  662383739   215.6750         11   1013.402  12940.500     310573  0.000e+00
   1003.681    35.8473    35.7796     9.5438     9.5526    159.148    173.441    -0.0011 1.0000e-12     0.1324  662383739   215.6757         11   1013.447  12940.542     310574  0.000e+00
   1003.636    35.8473    35.7799     9.5440     9.5526    159.119    173.452    -0.0011 1.0000e-12     0.1324  662383739   215.6764         11   1013.402  12940.583     310575  0.000e+00
   1003.732    35.8472    35.7804     9.5443     9.5535    159.282    173.464    -0.0011 1.0000e-12     0.1324  662383739   215.6771         11   1013.500  12940.625     310576  0.000e+00
   1003.636    35.8477    35.7810     9.5445     9.5541    159.275    173.473    -0.0011 1.0000e-12     0.1324  662383739   215.6778         11   1013.402  12940.667     310577  0.000e+00
   1003.636    35.8480    35.7798     9.5448     9.5556    159.272    173.485    -0.0011 1.0000e-12     0.1324  662383739   215.6785         11   1013.402  12940.708     310578  0.000e+00
   1003.681    35.8477    35.7783     9.5451     9.5549    159.272    173.476    -0.0011 1.0000e-12     0.1324  662383739   215.6792         11   1013.447  12940.750     310579  0.000e+00
   1003.636    35.8472    35.7779     9.5456     9.5531    159.106    173.469    -0.0011 1.0000e-12     0.1324  662383739   215.6799         11   1013.402  12940.792     310580  0.000e+00
   1003.681    35.8465    35.7790     9.5456     9.5499    159.279    173.437    -0.0011 1.0000e-12     0.1324  662383739   215.6806         11   1013.447  12940.833     310581  0.000e+00
   1003.636    35.8462    35.7799     9.5448     9.5463    159.288    173.434    -0.0011 1.0000e-12     0.1324  662383739   215.6813         11   1013.402  12940.875     310582  0.000e+00
   1003.636    35.8464    35.7802     9.5434     9.5443    159.301    173.427    -0.0011 1.0000e-12     0.1324  662383739   215.6819         11   1013.402  12940.917     310583  0.000e+00
    752.892    35.6866    35.6328    10.3792    10.3896    126.959    169.628    -0.0084 1.0000e-12     0.1299  662384069   221.1715         12    759.757  13270.292     318488  0.000e+00
    752.815    35.6858    35.6329    10.3795    10.3898    126.949    169.638    -0.0084 1.0000e-12     0.1299  662384069   221.1722         12    759.679  13270.333     318489  0.000e+00
    752.815    35.6866    35.6322    10.3786    10.3899    126.941    169.624    -0.0084 1.0000e-12     0.1299  662384069   221.1729         12    759.679  13270.375     318490  0.000e+00
    752.892    35.6863    35.6305    10.3785    10.3891    126.934    169.643    -0.0084 1.0000e-12     0.1299  662384069   221.1736         12    759.757  13270.417     318491  0.000e+00
    752.911    35.6862    35.6299    10.3783    10.3880    126.944    169.633    -0.0084 1.0000e-12     0.1299  662384069   221.1743         12    759.777  13270.458     318492  0.000e+00
    752.866    35.6872    35.6294    10.3780    10.3877    126.934    169.841    -0.0084 1.0000e-12     0.1299  662384069   221.1750         12    759.731  13270.500     318493  0.000e+00
    752.937    35.6871    35.6303    10.3781    10.3878    126.926    169.680    -0.0084 1.0000e-12     0.1299  662384069   221.1757         12    759.803  13270.542     318494  0.000e+00
    752.962    35.6870    35.6314    10.3783    10.3885    126.936    169.660    -0.0084 1.0000e-12     0.1299  662384069   221.1764         12    759.829  13270.583     318495  0.000e+00
    752.911    35.6873    35.6324    10.3781    10.3885    127.102    169.639    -0.0084 1.0000e-12     0.1299  662384069   221.1771         12    759.777  13270.625     318496  0.000e+00
    752.988    35.6878    35.6324    10.3781    10.3888    127.112    169.620    -0.0084 1.0000e-12     0.1299  662384069   221.1778         12    759.855  13270.667     318497  0.000e+00
    752.962    35.6878    35.6327    10.3783    10.3887    127.118    169.626    -0.0084 1.0000e-12     0.1299  662384069   221.1785         12    759.829  13270.708     318498  0.000e+00
    752.988    35.6879    35.6330    10.3783    10.3883    126.969    169.634    -0.0084 1.0000e-12     0.1299  662384069   221.1792         12    759.855  13270.750     318499  0.000e+00
    753.052    35.6871    35.6322    10.3785    10.3883    126.803    169.643    -0.0084 1.0000e-12     0.1275  662384069   221.1799         12    759.920  13270.792     318500  0.000e+00
    752.962    35.6873    35.6306    10.3781    10.3873    126.813    169.653    -0.0157 1.0000e-12     0.1275  662384069   221.1806         12    759.829  13270.833     318501  0.000e+00
    753.085    35.6869    35.6296    10.3781    10.3848    126.986    169.645    -0.0157 1.0000e-12     0.1275  662384069   221.1813         12    759.952  13270.875     318502  0.000e+00
    753.052    35.6868    35.6287    10.3777    10.3835    126.981    169.656    -0.0157 1.0000e-12     0.1275  662384069   221.1819         12    759.920  13270.917     318503  0.000e+00
    753.052    35.6869    35.6287    10.3775    10.3824    126.977    169.666    -0.0157 1.0000e-12     0.1275  662384070   221.1826         12    759.920  13270.958     318504  0.000e+00
    753.130    35.6867    35.6282    10.3776    10.3813    126.973    169.678    -0.0157 1.0000e-12     0.1275  662384070   221.1833         12    759.998  13271.000     318505  0.000e+00
    753.052    35.6868    35.6281    10.3778    10.3801    126.984    169.686    -0.0157 1.0000e-12     0.1275  662384070   221.1840         12    759.920  13271.042     318506  0.000e+00
    753.149    35.6864    35.6281    10.3777    10.3796    127.000    169.696    -0.0157 1.0000e-12     0.1275  662384070   221.1847         12    760.017  13271.083     318507  0.000e+00
    753.130    35.6867    35.6278    10.3776    10.3793    127.013    169.702    -0.0157 1.0000e-12     0.1275  662384070   221.1854         12    759.998  13271.125     318508  0.000e+00
    753.149    35.6863    35.6283    10.3775    10.3786    127.012    169.683    -0.0157 1.0000e-12     0.1275  662384070   221.1861         12    760.017  13271.167     318509  0.000e+00
    753.200    35.6863    35.6280    10.3773    10.3783    126.992    169.663    -0.0157 1.0000e-12     0.1275  662384070   221.1868         12    760.069  13271.208     318510  0.000e+00
    753.181    35.6862    35.6277    10.3771    10.3782    126.989    169.666    -0.0157 1.0000e-12     0.1275  662384070   221.1875         12    760.050  13271.250     318511  0.000e+00
    753.149    35.6862    35.6277    10.3770    10.3781    127.160    169.669    -0.0157 1.0000e-12     0.1275  662384070   221.1882         12    760.017  13271.292     318512  0.000e+00
    753.245    35.6865    35.6275    10.3768    10.3779    127.000    169.648    -0.0157 1.0000e-12     0.1275  662384070   221.1889         12    760.115  13271.333     318513  0.000e+00
    753.226    35.6862    35.6279    10.3768    10.3778    126.995    169.426    -0.0157 1.0000e-12     0.1275  662384070   221.1896         12    760.095  13271.375     318514  0.000e+00
    753.200    35.6861    35.6274    10.3765    10.3781    127.009    169.597    -0.0157 1.0000e-12     0.1275  662384070   221.1903         12    760.069  13271.417     318515  0.000e+00
    753.297    35.6858    35.6276    10.3767    10.3781    127.007    169.405    -0.0157 1.0000e-12     0.1275  662384070   221.1910         12    760.167  13271.458     318516  0.000e+00
    753.271    35.6862    35.6277    10.3765    10.3778    127.021    169.579    -0.0157 1.0000e-12     0.1275  662384070   221.1917         12    760.141  13271.500     318517  0.000e+00
    753.297    35.6864    35.6275    10.3766    10.3776    127.036    169.584    -0.0157 1.0000e-12     0.1275  662384070   221.1924         12    760.167  13271.542     318518  0.000e+00
    753.245    35.6865    35.6270    10.3766    10.3781    127.033    169.388    -0.0157 1.0000e-12     0.1275  662384070   221.1931         12    760.115  13271.583     318519  0.000e+00
    753.323    35.6864    35.6273    10.3765    10.3779    126.857    169.565    -0.0157 1.0000e-12     0.1275  662384070   221.1937         12    760.193  13271.625     318520  0.000e+00
    753.387    35.6861    35.6276    10.3763    10.3778    126.665    169.571    -0.0157 1.0000e-12     0.1275  662384070   221.1944         12    760.258  13271.667     318521  0.000e+00
    753.271    35.6860    35.6274    10.3765    10.3778    126.979    169.600    -0.0157 1.0000e-12     0.1275  662384070   221.1951         12    760.141  13271.708     318522  0.000e+00
    753.342    35.6859    35.6274    10.3765    10.3778    126.980    169.607    -0.0157 1.0000e-12     0.1275  662384070   221.1958         12    760.212  13271.750     318523  0.000e+00
    753.387    35.6860    35.6273    10.3763    10.3778    126.999    169.613    -0.0157 1.0000e-12     0.1275  662384070   221.1965         12    760.258  13271.792     318524  0.000e+00
    753.368    35.6863    35.6278    10.3763    10.3775    126.842    169.619    -0.0157 1.0000e-12     0.1275  662384070   221.1972         12    760.238  13271.833     318525  0.000e+00
    753.342    35.6861    35.6276    10.3761    10.3778    127.020    169.650    -0.0304 1.0000e-12     0.1299  662384070   221.1979         12    760.212  13271.875     318526  0.000e+00
    753.387    35.6861    35.6273    10.3761    10.3778    126.849    169.658    -0.0304 1.0000e-12     0.1324  662384070   221.1986         12    760.258  13271.917     318527  0.000e+00
    753.419    35.6860    35.6276    10.3763    10.3776    127.010    169.638    -0.0377 1.0000e-12     0.1324  662384071   221.1993         12    760.290  13271.958     318528  0.000e+00
    753.387    35.6864    35.6278    10.3760    10.3776    127.014    169.643    -0.0304 1.0000e-12     0.1324  662384071   221.2000         12    760.258  13272.000     318529  0.000e+00
    753.438    35.6865    35.6275    10.3760    10.3776    126.843    169.622    -0.0304 1.0000e-12     0.1324  662384071   221.2007         12    760.310  13272.042     318530  0.000e+00
    753.419    35.6860    35.6274    10.3761    10.3776    127.005    169.626    -0.0304 1.0000e-12     0.1324  662384071   221.2014         12    760.290  13272.083     318531  0.000e+00
    753.438    35.6861    35.6273    10.3765    10.3778    126.990    169.603    -0.0304 1.0000e-12     0.1324  662384071   221.2021         12    760.310  13272.125     318532  0.000e+00
    753.387    35.6866    35.6272    10.3763    10.3778    126.800    169.578    -0.0304 1.0000e-12     0.1324  662384071   221.2028         12    760.258  13272.167     318533  0.000e+00
    753.464    35.6861    35.6274    10.3767    10.3776    126.962    169.583    -0.0304 1.0000e-12     0.1324  662384071   221.2035         12    760.336  13272.208     318534  0.000e+00
    753.438    35.6861    35.6271    10.3768    10.3779    126.965    169.583    -0.0304 1.0000e-12     0.1324  662384071   221.2042         12    760.310  13272.250     318535  0.000e+00
    753.438    35.6862    35.6276    10.3768    10.3779    126.793    169.585    -0.0304 1.0000e-12     0.1324  662384071   221.2049         12    760.310  13272.292     318536  0.000e+00
    753.464    35.6863    35.6275    10.3770    10.3782    126.955    169.586    -0.0304 1.0000e-12     0.1324  662384071   221.2056         12    760.336  13272.333     318537  0.000e+00
    753.438    35.6860    35.6275    10.3771    10.3785    126.959    169.587    -0.0304 1.0000e-12     0.1324  662384071   221.2063         12    760.310  13272.375     318538  0.000e+00
    753.483    35.6861    35.6278    10.3770    10.3785    126.789    169.590    -0.0377 1.0000e-12     0.1324  662384071   221.2069         12    760.355  13272.417     318539  0.000e+00
    753.464    35.6862    35.6277    10.3771    10.3789    126.951    169.590    -0.0304 1.0000e-12     0.1324  662384071   221.2076         12    760.336  13272.458     318540  0.000e+00
    753.438    35.6861    35.6280    10.3773    10.3789    127.130    169.591    -0.0304 1.0000e-12     0.1324  662384071   221.2083         12    760.310  13272.500     318541  0.000e+00
