data/UWS/Data_management/CTD_sensor_data/SO279_CTD_processed/SO279_36-1_CTD-03_processed_DepthAVG.cnv
* Sea-Bird SBE 9 Data File:
* FileName = D:\CTDData\SO279\SO279_36-1_CTD-01.hex
* Software Version Seasave V 7.26.1.8
* Temperature SN = 5938
* Conductivity SN = 4108
* Number of Bytes Per Scan = 41
* Number of Voltage Words = 4
* Number of Scans Averaged by the Deck Unit = 1
* NMEA Latitude = 30 53.53 N
* NMEA Longitude = 029 18.84 W
* NMEA UTC (Time) = Dec 16 2020  05:18:34
* NMEA baud rate = 4800
# nquan = 16
# nvalues = 851                         
# units = specified
# name 0 = depSM: Depth [salt water, m]
# name 1 = sal00: Salinity, Practical [PSU]
# name 2 = sal11: Salinity, Practical, 2 [PSU]
# name 3 = t090C: Temperature [ITS-90, deg C]
# name 4 = t190C: Temperature, 2 [ITS-90, deg C]
# name 5 = sbeox0Mm/L: Oxygen, SBE 43 [umol/l]
# name 6 = sbeox1Mm/L: Oxygen, SBE 43, 2 [umol/l]
# name 7 = flECO-AFL: Fluorescence, WET Labs ECO-AFL/FL [mg/m^3]
# name 8 = par: PAR/Irradiance, Biospherical/Licor
# name 9 = turbWETntu0: Turbidity, WET Labs ECO [NTU]
# name 10 = timeQ: Time, NMEA [seconds]
# name 11 = timeM: Time, Elapsed [minutes]
# name 12 = nbf: Bottles Fired
# name 13 = prDM: Pressure, Digiquartz [db]
# name 14 = timeS: Time, Elapsed [seconds]
# name 15 = flag: flag
# span 0 =     10.000,   4260.000       
# span 1 =    14.2957,    41.1551       
# span 2 =    24.8152,    38.9198       
# span 3 =     2.4593,    20.6328       
# span 4 =     2.4585,    20.6298       
# span 5 =    101.452,    235.477       
# span 6 =     97.395,    240.704       
# span 7 =    -0.0567,     0.2292       
# span 8 = 1.0000e-12, 5.7773e-04       
# span 9 =     0.1218,     0.1400       
# span 10 =  661411024,  661417765      
# span 11 =    -1.5072,   110.8375      
# span 12 =          0,          4      
# span 13 =     10.069,   4333.190      
# span 14 =    -90.430,   6650.247      
# span 15 = 0.0000e+00, 0.0000e+00      
# interval = meters: 5                  
# start_time = Dec 16 2020 05:18:35 [NMEA time, first data scan]
# bad_flag = -9.990e-29
*END*
[from data line 91]
    465.000    35.7356    35.7266    13.0561    13.0573    183.794    186.032    -0.0282 1.0000e-12     0.1241  661412036    15.3597          0    468.751    921.582 0.0000e+00
    470.000    35.7255    35.7171    12.9893    12.9893    185.298    187.362    -0.0267 1.0000e-12     0.1267  661412045    15.5006          0    473.797    930.034 0.0000e+00
    475.000    35.7198    35.7117    12.9408    12.9423    186.702    188.610    -0.0243 1.0000e-12     0.1243  661412051    15.6002          0    478.843    936.011 0.0000e+00
    480.000    35.7131    35.7045    12.8679    12.8698    186.622    188.385    -0.0256 1.0000e-12     0.1240  661412059    15.7378          0    483.889    944.265 0.0000e+00
    485.000    35.7111    35.7024    12.8458    12.8456    186.538    187.710    -0.0240 1.0000e-12     0.1250  661412065    15.8437          0    488.936    950.620 0.0000e+00
    490.000    35.7018    35.6936    12.7706    12.7737    186.854    187.754    -0.0286 1.0000e-12     0.1300  661412073    15.9684          0    493.982    958.107 0.0000e+00
    495.000    35.6941    35.6851    12.7174    12.7179    187.717    187.805    -0.0196 1.0000e-12     0.1247  661412080    16.0904          0    499.029    965.426 0.0000e+00
    500.000    35.6890    35.6802    12.6840    12.6853    188.057    188.131    -0.0175 1.0000e-12     0.1246  661412087    16.2023          0    504.076    972.137 0.0000e+00
    505.000    35.6809    35.6727    12.6193    12.6210    187.953    188.111    -0.0169 1.0000e-12     0.1258  661412095    16.3345          0    509.123    980.068 0.0000e+00
    510.000    35.6771    35.6686    12.5853    12.5880    187.225    186.520    -0.0171 1.0000e-12     0.1248  661412101    16.4447          0    514.170    986.681 0.0000e+00
    515.000    35.6656    35.6573    12.4807    12.4822    186.403    185.798    -0.0187 1.0000e-12     0.1261  661412108    16.5483          0    519.217    992.899 0.0000e+00
    520.000    35.6589    35.6501    12.4314    12.4284    186.628    184.954    -0.0163 1.0000e-12     0.1254  661412116    16.6901          0    524.264   1001.405 0.0000e+00
    525.000    35.6520    35.6436    12.3674    12.3691    186.308    184.977    -0.0169 1.0000e-12     0.1259  661412122    16.7826          0    529.312   1006.957 0.0000e+00
    530.000    35.6491    35.6405    12.3429    12.3433    187.029    184.213    -0.0191 1.0000e-12     0.1245  661412131    16.9319          0    534.359   1015.912 0.0000e+00
    535.000    35.6520    35.6435    12.3086    12.3103    185.918    183.788    -0.0182 1.0000e-12     0.1269  661412136    17.0244          0    539.407   1021.467 0.0000e+00
    540.000    35.6544    35.6460    12.3007    12.3017    185.333    182.324    -0.0174 1.0000e-12     0.1256  661412145    17.1673          0    544.455   1030.038 0.0000e+00
    545.000    35.6571    35.6487    12.2940    12.2960    184.760    181.993    -0.0226 1.0000e-12     0.1253  661412151    17.2666          0    549.503   1035.997 0.0000e+00
    550.000    35.6508    35.6426    12.2502    12.2529    185.096    181.560    -0.0169 1.0000e-12     0.1254  661412159    17.3989          0    554.551   1043.931 0.0000e+00
    555.000    35.6383    35.6300    12.1666    12.1684    185.407    181.911    -0.0287 1.0000e-12     0.1241  661412165    17.5077          0    559.599   1050.464 0.0000e+00
    560.000    35.6389    35.6299    12.1484    12.1540    186.013    182.313    -0.0169 1.0000e-12     0.1264  661412173    17.6416          0    564.647   1058.494 0.0000e+00
    565.000    35.6517    35.6432    12.1803    12.1823    184.558    180.608    -0.0168 1.0000e-12     0.1245  661412180    17.7463          0    569.695   1064.778 0.0000e+00
    570.000    35.6464    35.6381    12.1180    12.1197    184.082    179.667    -0.0106 1.0000e-12     0.1253  661412187    17.8763          0    574.744   1072.578 0.0000e+00
    575.000    35.6451    35.6368    12.0778    12.0768    183.748    179.386    -0.0162 1.0000e-12     0.1268  661412194    17.9881          0    579.793   1079.285 0.0000e+00
    580.000    35.6380    35.6297    12.0159    12.0177    183.873    179.180    -0.0123 1.0000e-12     0.1251  661412202    18.1123          0    584.841   1086.740 0.0000e+00
    585.000    35.6354    35.6271    11.9670    11.9690    183.917    179.026    -0.0128 1.0000e-12     0.1251  661412208    18.2271          0    589.890   1093.626 0.0000e+00
    590.000    35.6300    35.6216    11.8905    11.8922    183.259    177.336    -0.0170 1.0000e-12     0.1256  661412216    18.3482          0    594.939   1100.890 0.0000e+00
    595.000    35.6169    35.6085    11.7748    11.7765    183.682    177.875    -0.0238 1.0000e-12     0.1250  661412223    18.4686          0    599.988   1108.114 0.0000e+00
    600.000    35.6030    35.5948    11.6814    11.6838    185.226    179.157    -0.0166 1.0000e-12     0.1249  661412230    18.5867          0    605.038   1115.200 0.0000e+00
    605.000    35.5954    35.5849    11.6254    11.6270    185.707    179.315    -0.0131 1.0000e-12     0.1253  661412237    18.7071          0    610.087   1122.427 0.0000e+00
    610.000    35.5946    35.5857    11.6017    11.6013    185.758    178.928    -0.0160 1.0000e-12     0.1254  661412244    18.8212          0    615.137   1129.274 0.0000e+00
    615.000    35.5986    35.5901    11.5820    11.5838    185.312    178.536    -0.0211 1.0000e-12     0.1250  661412252    18.9522          0    620.186   1137.135 0.0000e+00
    620.000    35.6005    35.5920    11.5555    11.5573    185.102    178.025    -0.0142 1.0000e-12     0.1258  661412258    19.0598          0    625.236   1143.591 0.0000e+00
    625.000    35.5991    35.5907    11.5163    11.5178    184.870    177.405    -0.0115 1.0000e-12     0.1255  661412266    19.1852          0    630.286   1151.109 0.0000e+00
    630.000    35.5918    35.5833    11.4529    11.4548    184.580    176.578    -0.0139 1.0000e-12     0.1248  661412273    19.2969          0    635.336   1157.812 0.0000e+00
    635.000    35.5826    35.5746    11.4046    11.4071    184.766    177.058    -0.0161 1.0000e-12     0.1256  661412281    19.4318          0    640.386   1165.905 0.0000e+00
    640.000    35.5696    35.5601    11.3024    11.3004    185.496    177.198    -0.0149 1.0000e-12     0.1261  661412287    19.5405          0    645.436   1172.429 0.0000e+00
    645.000    35.5637    35.5550    11.2702    11.2714    185.746    177.722    -0.0129 1.0000e-12     0.1259  661412294    19.6568          0    650.486   1179.409 0.0000e+00
    650.000    35.5574    35.5489    11.1975    11.1992    186.146    177.514    -0.0107 1.0000e-12     0.1255  661412302    19.7849          0    655.537   1187.095 0.0000e+00
    655.000    35.5561    35.5480    11.1494    11.1500    185.511    176.353    -0.0112 1.0000e-12     0.1247  661412309    19.8973          0    660.588   1193.837 0.0000e+00
    660.000    35.5452    35.5369    11.0456    11.0445    185.793    176.521    -0.0089 1.0000e-12     0.1261  661412316    20.0133          0    665.638   1200.797 0.0000e+00
    665.000    35.5366    35.5282    10.9536    10.9552    186.378    177.556    -0.0095 1.0000e-12     0.1254  661412323    20.1413          0    670.689   1208.476 0.0000e+00
    670.000    35.5321    35.5236    10.9110    10.9124    186.915    177.667    -0.0113 1.0000e-12     0.1246  661412330    20.2508          0    675.740   1215.049 0.0000e+00
    675.000    35.5325    35.5239    10.8745    10.8765    186.715    177.185    -0.0051 1.0000e-12     0.1237  661412338    20.3860          0    680.791   1223.158 0.0000e+00
    680.000    35.5296    35.5211    10.8339    10.8354    186.462    176.489    -0.0049 1.0000e-12     0.1245  661412344    20.4879          0    685.842   1229.274 0.0000e+00
    685.000    35.5288    35.5197    10.7838    10.7856    186.288    176.693    -0.0069 1.0000e-12     0.1276  661412352    20.6283          0    690.894   1237.695 0.0000e+00
    690.000    35.5280    35.5193    10.7682    10.7699    185.671    175.543    -0.0072 1.0000e-12     0.1266  661412359    20.7302          0    695.945   1243.814 0.0000e+00
    695.000    35.5280    35.5195    10.7375    10.7393    184.902    175.041    -0.0093 1.0000e-12     0.1261  661412366    20.8526          0    700.997   1251.156 0.0000e+00
    700.000    35.5260    35.5173    10.6748    10.6777    184.674    174.485    -0.0037 1.0000e-12     0.1262  661412373    20.9693          0    706.048   1258.159 0.0000e+00
    705.000    35.5240    35.5155    10.6091    10.6111    184.538    174.058    -0.0052 1.0000e-12     0.1263  661412380    21.0947          0    711.100   1265.685 0.0000e+00
    710.000    35.5211    35.5122    10.5659    10.5676    182.156    171.200    -0.0073 1.0000e-12     0.1253  661412387    21.2082          0    716.152   1272.489 0.0000e+00
    715.000    35.5191    35.5105    10.5131    10.5149    180.766    169.962    -0.0012 1.0000e-12     0.1276  661412395    21.3368          0    721.204   1280.209 0.0000e+00
    720.000    35.5235    35.5149    10.5189    10.5207    180.140    169.445    -0.0017 1.0000e-12     0.1265  661412401    21.4451          0    726.256   1286.706 0.0000e+00
    725.000    35.5314    35.5234    10.5078    10.5088    181.137    171.044    -0.0036 1.0000e-12     0.1276  661412409    21.5755          0    731.309   1294.533 0.0000e+00
    730.000    35.5305    35.5221    10.4784    10.4803    181.862    171.416    -0.0036 1.0000e-12     0.1263  661412416    21.6888          0    736.361   1301.328 0.0000e+00
    735.000    35.5250    35.5164    10.3800    10.3804    180.683    169.629    -0.0060 1.0000e-12     0.1276  661412423    21.8027          0    741.414   1308.160 0.0000e+00
    740.000    35.5195    35.5104    10.3314    10.3324    177.488    165.679    -0.0024 1.0000e-12     0.1260  661412430    21.9273          0    746.466   1315.635 0.0000e+00
    745.000    35.5112    35.5028    10.2438    10.2458    177.613    166.176    -0.0053 1.0000e-12     0.1281  661412437    22.0415          0    751.519   1322.487 0.0000e+00
    750.000    35.5098    35.5012    10.2165    10.2189    178.836    167.979    -0.0014 1.0000e-12     0.1261  661412445    22.1660          0    756.572   1329.958 0.0000e+00
    755.000    35.5090    35.5007    10.1862    10.1891    178.625    167.841    -0.0023 1.0000e-12     0.1267  661412452    22.2799          0    761.625   1336.792 0.0000e+00
    760.000    35.5074    35.4992    10.1365    10.1372    178.985    167.473    -0.0028 1.0000e-12     0.1258  661412459    22.4073          0    766.678   1344.439 0.0000e+00
    765.000    35.5077    35.4992    10.0833    10.0898    177.522    165.920    -0.0026 1.0000e-12     0.1275  661412466    22.5254          0    771.731   1351.521 0.0000e+00
    770.000    35.5094    35.5003    10.0201    10.0228    176.758    165.066    -0.0028 1.0000e-12     0.1258  661412473    22.6394          0    776.785   1358.363 0.0000e+00
    775.000    35.5103    35.5005     9.9191     9.9222    179.101    167.451     0.0001 1.0000e-12     0.1265  661412482    22.7820          0    781.838   1366.918 0.0000e+00
    780.000    35.5097    35.5011     9.8642     9.8674    178.811    166.983    -0.0027 1.0000e-12     0.1266  661412488    22.8857          0    786.892   1373.144 0.0000e+00
    785.000    35.5093    35.5007     9.8218     9.8239    178.187    166.841    -0.0013 1.0000e-12     0.1272  661412496    23.0157          0    791.946   1380.943 0.0000e+00
    790.000    35.5091    35.5006     9.7882     9.7920    178.419    166.463    -0.0006 1.0000e-12     0.1268  661412503    23.1296          0    797.000   1387.775 0.0000e+00
    795.000    35.5076    35.4993     9.7458     9.7475    177.420    166.125    -0.0012 1.0000e-12     0.1282  661412511    23.2674          0    802.054   1396.046 0.0000e+00
    800.000    35.5079    35.4992     9.6782     9.6807    177.956    166.124    -0.0019 1.0000e-12     0.1267  661412517    23.3713          0    807.108   1402.275 0.0000e+00
    805.000    35.5063    35.4978     9.6563     9.6578    177.514    166.066     0.0019 1.0000e-12     0.1259  661412525    23.4977          0    812.162   1409.864 0.0000e+00
    810.000    35.4984    35.4899     9.5616     9.5639    178.062    166.068    -0.0012 1.0000e-12     0.1282  661412531    23.6105          0    817.216   1416.629 0.0000e+00
    815.000    35.4974    35.4889     9.4931     9.4949    178.029    165.702     0.0011 1.0000e-12     0.1261  661412540    23.7472          0    822.271   1424.834 0.0000e+00
    820.000    35.4974    35.4889     9.4532     9.4550    178.075    165.741    -0.0021 1.0000e-12     0.1267  661412546    23.8542          0    827.325   1431.254 0.0000e+00
    825.000    35.4961    35.4876     9.4039     9.4057    178.272    166.060    -0.0013 1.0000e-12     0.1261  661412554    23.9828          0    832.380   1438.965 0.0000e+00
    830.000    35.4983    35.4898     9.3672     9.3690    178.423    166.067    -0.0012 1.0000e-12     0.1271  661412561    24.0989          0    837.435   1445.932 0.0000e+00
    835.000    35.5013    35.4936     9.3344     9.3337    179.086    167.389     0.0014 1.0000e-12     0.1287  661412569    24.2292          0    842.490   1453.750 0.0000e+00
    840.000    35.4962    35.4877     9.2437     9.2456    178.905    166.459    -0.0003 1.0000e-12     0.1271  661412575    24.3373          0    847.545   1460.236 0.0000e+00
    845.000    35.4973    35.4891     9.2182     9.2215    178.991    166.499    -0.0002 1.0000e-12     0.1278  661412583    24.4741          0    852.600   1468.447 0.0000e+00
    850.000    35.5008    35.4923     9.1873     9.1892    178.939    166.817    -0.0003 1.0000e-12     0.1261  661412589    24.5776          0    857.656   1474.658 0.0000e+00
    855.000    35.5006    35.4922     9.1735     9.1740    179.327    167.813    -0.0018 1.0000e-12     0.1274  661412598    24.7168          0    862.711   1483.005 0.0000e+00
    860.000    35.5003    35.4916     9.1488     9.1504    179.143    167.368    -0.0036 1.0000e-12     0.1268  661412604    24.8280          0    867.767   1489.682 0.0000e+00
    865.000    35.5014    35.4929     9.1412     9.1430    178.974    167.417     0.0005 1.0000e-12     0.1281  661412612    24.9536          0    872.822   1497.215 0.0000e+00
    870.000    35.5147    35.5063     9.1624     9.1643    179.181    168.404     0.0008 1.0000e-12     0.1281  661412619    25.0729          0    877.878   1504.371 0.0000e+00
    875.000    35.5178    35.5093     9.1457     9.1474    179.761    169.329    -0.0016 1.0000e-12     0.1278  661412627    25.1961          0    882.934   1511.763 0.0000e+00
    880.000    35.5212    35.5127     9.1319     9.1334    179.781    169.639    -0.0007 1.0000e-12     0.1258  661412634    25.3123          0    887.990   1518.740 0.0000e+00
    885.000    35.5197    35.5112     9.0989     9.0970    180.490    170.340    -0.0009 1.0000e-12     0.1275  661412642    25.4514          0    893.046   1527.083 0.0000e+00
    890.000    35.5141    35.5054     9.0398     9.0388    180.698    170.189    -0.0004 1.0000e-12     0.1288  661412648    25.5566          0    898.103   1533.393 0.0000e+00
    895.000    35.5125    35.5040     9.0011     9.0030    179.475    170.276    -0.0021 1.0000e-12     0.1262  661412657    25.7016          0    903.159   1542.099 0.0000e+00
    900.000    35.5135    35.5050     8.9881     8.9901    180.683    170.544     0.0007 1.0000e-12     0.1277  661412663    25.8027          0    908.216   1548.162 0.0000e+00
    905.000    35.5140    35.5054     8.9575     8.9593    179.441    170.440    -0.0015 1.0000e-12     0.1259  661412670    25.9258          0    913.272   1555.549 0.0000e+00
