data/UWS/Data_management/CTD_sensor_data/SO279_CTD_processed/SO279_1-1_CTD-01_processed_DepthAVG.cnv
* Sea-Bird SBE 9 Data File:
* FileName = D:\CTDData\SO279\SO279_1-1_CTD-01.hex
* Software Version Seasave V 7.26.1.8
* Temperature SN = 5938
* Conductivity SN = 4108
* Number of Bytes Per Scan = 41
* Number of Voltage Words = 4
* Number of Scans Averaged by the Deck Unit = 1
* NMEA Latitude = 47 15.00 N
* NMEA Longitude = 010 06.27 W
* NMEA UTC (Time) = Dec 08 2020  08:01:09
* NMEA baud rate = 4800
# nquan = 16
# nvalues = 868                         
# units = specified
# name 0 = depSM: Depth [salt water, m]
# name 1 = sal00: Salinity, Practical [PSU]
# name 2 = sal11: Salinity, Practical, 2 [PSU]
# name 3 = t090C: Temperature [ITS-90, deg C]
# name 4 = t190C: Temperature, 2 [ITS-90, deg C]
# name 5 = sbeox0Mm/L: Oxygen, SBE 43 [umol/l]
# name 6 = sbeox1Mm/L: Oxygen, SBE 43, 2 [umol/l]
# name 7 = flECO-AFL: Fluorescence, WET Labs ECO-AFL/FL [mg/m^3]
# name 8 = par: PAR/Irradiance, Biospherical/Licor
# name 9 = turbWETntu0: Turbidity, WET Labs ECO [NTU]
# name 10 = timeQ: Time, NMEA [seconds]
# name 11 = timeM: Time, Elapsed [minutes]
# name 12 = nbf: Bottles Fired
# name 13 = prDM: Pressure, Digiquartz [db]
# name 14 = timeS: Time, Elapsed [seconds]
# name 15 = flag: flag
# span 0 =     10.000,   4345.000       
# span 1 =    34.9078,    35.6975       
# span 2 =    34.8987,    35.6868       
# span 3 =     2.4762,    13.6976       
# span 4 =     2.4773,    13.6995       
# span 5 =    191.132,    255.702       
# span 6 =    175.623,    255.456       
# span 7 =    -0.1346,     0.4079       
# span 8 = 1.0000e-12, 1.0000e-12       
# span 9 =     0.1168,     0.1705       
# span 10 =  660729566,  660736311      
# span 11 =    -2.1614,   110.2516      
# span 12 =          0,          0      
# span 13 =     10.084,   4427.026      
# span 14 =   -129.683,   6615.098      
# span 15 = 0.0000e+00, 0.0000e+00      
# interval = meters: 5                  
# start_time = Dec 08 2020 08:01:36 [NMEA time, first data scan]
# bad_flag = -9.990e-29
*END*
[from data line 543]
   2725.000    34.9528    34.9441     2.9190     2.9204    235.774    235.128     0.0020 1.0000e-12     0.1349  660733867    69.5259          0   2765.939   4171.554 0.0000e+00
   2730.000    34.9526    34.9439     2.9176     2.9188    235.742    235.325     0.0048 1.0000e-12     0.1344  660733874    69.6431          0   2771.047   4178.589 0.0000e+00
   2735.000    34.9523    34.9436     2.9119     2.9129    235.519    234.959     0.0032 1.0000e-12     0.1355  660733881    69.7577          0   2776.155   4185.461 0.0000e+00
   2740.000    34.9521    34.9434     2.9087     2.9100    235.381    234.821    -0.0008 1.0000e-12     0.1373  660733888    69.8782          0   2781.263   4192.691 0.0000e+00
   2745.000    34.9519    34.9432     2.9032     2.9043    235.541    234.936     0.0030 1.0000e-12     0.1356  660733896    69.9980          0   2786.371   4199.881 0.0000e+00
   2750.000    34.9517    34.9430     2.9001     2.9014    235.344    234.880     0.0016 1.0000e-12     0.1353  660733902    70.1135          0   2791.479   4206.813 0.0000e+00
   2755.000    34.9514    34.9427     2.8947     2.8962    235.218    234.450     0.0101 1.0000e-12     0.1356  660733911    70.2520          0   2796.588   4215.121 0.0000e+00
   2760.000    34.9512    34.9424     2.8920     2.8934    235.102    234.612     0.0049 1.0000e-12     0.1342  660733917    70.3588          0   2801.696   4221.527 0.0000e+00
   2765.000    34.9509    34.9422     2.8882     2.8895    235.207    234.617     0.0056 1.0000e-12     0.1338  660733925    70.4868          0   2806.805   4229.207 0.0000e+00
   2770.000    34.9508    34.9420     2.8866     2.8880    235.006    234.386     0.0021 1.0000e-12     0.1343  660733932    70.6041          0   2811.914   4236.245 0.0000e+00
   2775.000    34.9506    34.9420     2.8832     2.8845    234.905    234.563     0.0048 1.0000e-12     0.1345  660733939    70.7270          0   2817.023   4243.622 0.0000e+00
   2780.000    34.9503    34.9416     2.8789     2.8802    234.973    234.080    -0.0017 1.0000e-12     0.1346  660733947    70.8611          0   2822.132   4251.666 0.0000e+00
   2785.000    34.9501    34.9413     2.8741     2.8757    234.873    234.250     0.0050 1.0000e-12     0.1353  660733954    70.9760          0   2827.241   4258.560 0.0000e+00
   2790.000    34.9498    34.9411     2.8707     2.8722    234.687    233.923     0.0059 1.0000e-12     0.1366  660733962    71.1008          0   2832.350   4266.046 0.0000e+00
   2795.000    34.9496    34.9408     2.8663     2.8671    234.551    234.072     0.0081 1.0000e-12     0.1355  660733969    71.2191          0   2837.460   4273.148 0.0000e+00
   2800.000    34.9491    34.9405     2.8556     2.8564    234.564    234.014     0.0044 1.0000e-12     0.1353  660733976    71.3454          0   2842.569   4280.723 0.0000e+00
   2805.000    34.9486    34.9399     2.8493     2.8509    234.403    233.842     0.0035 1.0000e-12     0.1357  660733984    71.4683          0   2847.679   4288.096 0.0000e+00
   2810.000    34.9484    34.9397     2.8454     2.8466    234.216    233.632     0.0021 1.0000e-12     0.1348  660733991    71.5876          0   2852.789   4295.257 0.0000e+00
   2815.000    34.9480    34.9393     2.8397     2.8409    234.092    233.517     0.0043 1.0000e-12     0.1347  660733999    71.7158          0   2857.899   4302.945 0.0000e+00
   2820.000    34.9478    34.9391     2.8378     2.8393    233.916    233.489     0.0060 1.0000e-12     0.1363  660734006    71.8360          0   2863.009   4310.157 0.0000e+00
   2825.000    34.9475    34.9388     2.8326     2.8340    233.805    233.231     0.0045 1.0000e-12     0.1350  660734014    71.9665          0   2868.119   4317.993 0.0000e+00
   2830.000    34.9473    34.9385     2.8305     2.8321    233.670    232.924     0.0042 1.0000e-12     0.1362  660734021    72.0814          0   2873.229   4324.886 0.0000e+00
   2835.000    34.9472    34.9384     2.8295     2.8308    233.670    233.104     0.0050 1.0000e-12     0.1357  660734028    72.2072          0   2878.339   4332.431 0.0000e+00
   2840.000    34.9469    34.9382     2.8234     2.8246    233.669    233.032     0.0083 1.0000e-12     0.1351  660734035    72.3276          0   2883.450   4339.655 0.0000e+00
   2845.000    34.9466    34.9378     2.8217     2.8233    233.459    232.828     0.0055 1.0000e-12     0.1345  660734042    72.4467          0   2888.560   4346.804 0.0000e+00
   2850.000    34.9464    34.9376     2.8185     2.8197    233.335    232.515     0.0058 1.0000e-12     0.1360  660734050    72.5712          0   2893.671   4354.273 0.0000e+00
   2855.000    34.9462    34.9375     2.8153     2.8165    233.186    232.672     0.0073 1.0000e-12     0.1374  660734057    72.6893          0   2898.782   4361.359 0.0000e+00
   2860.000    34.9460    34.9372     2.8129     2.8138    233.258    232.786     0.0050 1.0000e-12     0.1351  660734065    72.8178          0   2903.893   4369.069 0.0000e+00
   2865.000    34.9458    34.9370     2.8102     2.8114    233.153    232.495     0.0039 1.0000e-12     0.1360  660734072    72.9403          0   2909.004   4376.419 0.0000e+00
   2870.000    34.9457    34.9369     2.8082     2.8095    233.125    232.647     0.0033 1.0000e-12     0.1358  660734078    73.0463          0   2914.115   4382.781 0.0000e+00
   2875.000    34.9455    34.9367     2.8069     2.8079    233.079    232.429     0.0041 1.0000e-12     0.1356  660734086    73.1796          0   2919.226   4390.774 0.0000e+00
   2880.000    34.9454    34.9366     2.8053     2.8066    232.960    232.521     0.0034 1.0000e-12     0.1353  660734094    73.3115          0   2924.338   4398.688 0.0000e+00
   2885.000    34.9453    34.9364     2.8031     2.8044    232.939    232.414     0.0013 1.0000e-12     0.1361  660734101    73.4145          0   2929.449   4404.869 0.0000e+00
   2890.000    34.9452    34.9363     2.8012     2.8025    232.970    232.210     0.0029 1.0000e-12     0.1369  660734108    73.5360          0   2934.561   4412.161 0.0000e+00
   2895.000    34.9449    34.9362     2.7979     2.7992    233.016    232.370     0.0042 1.0000e-12     0.1346  660734117    73.6821          0   2939.673   4420.926 0.0000e+00
   2900.000    34.9447    34.9360     2.7950     2.7963    233.054    232.221     0.0034 1.0000e-12     0.1352  660734123    73.7937          0   2944.785   4427.622 0.0000e+00
   2905.000    34.9446    34.9358     2.7927     2.7940    232.737    232.570     0.0037 1.0000e-12     0.1355  660734131    73.9180          0   2949.897   4435.079 0.0000e+00
   2910.000    34.9444    34.9356     2.7903     2.7916    232.807    232.469     0.0040 1.0000e-12     0.1350  660734138    74.0443          0   2955.009   4442.660 0.0000e+00
   2915.000    34.9443    34.9355     2.7896     2.7908    232.803    232.023     0.0023 1.0000e-12     0.1362  660734145    74.1638          0   2960.121   4449.827 0.0000e+00
   2920.000    34.9442    34.9354     2.7878     2.7891    232.754    232.003     0.0031 1.0000e-12     0.1353  660734153    74.2875          0   2965.233   4457.249 0.0000e+00
   2925.000    34.9440    34.9352     2.7857     2.7868    232.837    232.075     0.0037 1.0000e-12     0.1341  660734161    74.4208          0   2970.346   4465.249 0.0000e+00
   2930.000    34.9437    34.9350     2.7821     2.7835    232.772    232.261     0.0047 1.0000e-12     0.1351  660734168    74.5391          0   2975.458   4472.344 0.0000e+00
   2935.000    34.9435    34.9348     2.7773     2.7785    232.763    232.193     0.0038 1.0000e-12     0.1369  660734175    74.6519          0   2980.571   4479.115 0.0000e+00
   2940.000    34.9433    34.9345     2.7755     2.7767    232.580    232.218     0.0043 1.0000e-12     0.1347  660734183    74.7855          0   2985.684   4487.128 0.0000e+00
   2945.000    34.9432    34.9344     2.7748     2.7758    232.716    231.840     0.0068 1.0000e-12     0.1360  660734190    74.9096          0   2990.797   4494.577 0.0000e+00
   2950.000    34.9430    34.9343     2.7715     2.7728    232.634    232.157     0.0082 1.0000e-12     0.1336  660734198    75.0317          0   2995.910   4501.899 0.0000e+00
   2955.000    34.9427    34.9340     2.7674     2.7687    232.663    231.767     0.0010 1.0000e-12     0.1348  660734205    75.1586          0   3001.023   4509.518 0.0000e+00
   2960.000    34.9425    34.9336     2.7635     2.7648    232.560    232.015     0.0065 1.0000e-12     0.1349  660734213    75.2814          0   3006.137   4516.882 0.0000e+00
   2965.000    34.9424    34.9335     2.7627     2.7640    232.481    231.841     0.0018 1.0000e-12     0.1351  660734220    75.4035          0   3011.250   4524.209 0.0000e+00
   2970.000    34.9422    34.9333     2.7607     2.7620    232.375    231.709     0.0015 1.0000e-12     0.1356  660734227    75.5255          0   3016.363   4531.532 0.0000e+00
   2975.000    34.9421    34.9334     2.7584     2.7596    232.462    231.573     0.0055 1.0000e-12     0.1338  660734235    75.6555          0   3021.477   4539.332 0.0000e+00
   2980.000    34.9420    34.9332     2.7582     2.7599    232.566    231.887     0.0072 1.0000e-12     0.1345  660734242    75.7715          0   3026.591   4546.293 0.0000e+00
   2985.000    34.9419    34.9330     2.7566     2.7580    232.409    231.787     0.0027 1.0000e-12     0.1361  660734249    75.8891          0   3031.705   4553.347 0.0000e+00
   2990.000    34.9416    34.9329     2.7534     2.7546    232.387    231.605     0.0029 1.0000e-12     0.1360  660734256    76.0094          0   3036.819   4560.566 0.0000e+00
   2995.000    34.9414    34.9326     2.7502     2.7515    232.388    231.712     0.0009 1.0000e-12     0.1375  660734264    76.1419          0   3041.933   4568.515 0.0000e+00
   3000.000    34.9412    34.9324     2.7491     2.7504    232.295    231.608     0.0056 1.0000e-12     0.1375  660734271    76.2602          0   3047.047   4575.611 0.0000e+00
   3005.000    34.9412    34.9324     2.7486     2.7499    232.338    231.475     0.0029 1.0000e-12     0.1365  660734279    76.3823          0   3052.162   4582.940 0.0000e+00
   3010.000    34.9411    34.9324     2.7484     2.7496    232.422    231.645     0.0049 1.0000e-12     0.1354  660734286    76.5060          0   3057.276   4590.359 0.0000e+00
   3015.000    34.9409    34.9322     2.7449     2.7461    232.335    231.799     0.0067 1.0000e-12     0.1401  660734293    76.6296          0   3062.391   4597.777 0.0000e+00
   3020.000    34.9408    34.9320     2.7431     2.7443    232.343    231.557     0.0064 1.0000e-12     0.1340  660734301    76.7525          0   3067.505   4605.152 0.0000e+00
   3025.000    34.9407    34.9320     2.7430     2.7442    232.207    231.500     0.0041 1.0000e-12     0.1345  660734308    76.8779          0   3072.620   4612.675 0.0000e+00
   3030.000    34.9406    34.9318     2.7414     2.7427    232.175    231.763     0.0024 1.0000e-12     0.1340  660734316    77.0078          0   3077.735   4620.469 0.0000e+00
   3035.000    34.9403    34.9315     2.7371     2.7386    232.127    231.410     0.0032 1.0000e-12     0.1344  660734322    77.1122          0   3082.850   4626.735 0.0000e+00
   3040.000    34.9402    34.9314     2.7357     2.7369    232.301    231.853    -0.0016 1.0000e-12     0.1351  660734332    77.2718          0   3087.965   4636.309 0.0000e+00
   3045.000    34.9401    34.9312     2.7345     2.7357    232.181    231.172     0.0041 1.0000e-12     0.1344  660734338    77.3681          0   3093.081   4642.084 0.0000e+00
   3050.000    34.9399    34.9311     2.7318     2.7330    232.149    231.266     0.0071 1.0000e-12     0.1346  660734345    77.4931          0   3098.196   4649.585 0.0000e+00
   3055.000    34.9398    34.9310     2.7319     2.7331    232.084    231.376     0.0004 1.0000e-12     0.1334  660734353    77.6184          0   3103.312   4657.107 0.0000e+00
   3060.000    34.9398    34.9309     2.7308     2.7320    232.168    231.337     0.0011 1.0000e-12     0.1354  660734360    77.7410          0   3108.427   4664.461 0.0000e+00
   3065.000    34.9397    34.9309     2.7293     2.7306    232.046    231.218     0.0001 1.0000e-12     0.1350  660734367    77.8584          0   3113.543   4671.506 0.0000e+00
   3070.000    34.9396    34.9307     2.7280     2.7291    231.956    231.421     0.0077 1.0000e-12     0.1334  660734376    78.0028          0   3118.659   4680.170 0.0000e+00
   3075.000    34.9395    34.9306     2.7274     2.7287    232.050    231.151    -0.0005 1.0000e-12     0.1342  660734382    78.1039          0   3123.775   4686.234 0.0000e+00
   3080.000    34.9393    34.9304     2.7244     2.7254    232.021    231.184     0.0019 1.0000e-12     0.1348  660734389    78.2280          0   3128.891   4693.682 0.0000e+00
   3085.000    34.9390    34.9303     2.7221     2.7234    232.026    231.235     0.0054 1.0000e-12     0.1326  660734397    78.3582          0   3134.007   4701.493 0.0000e+00
   3090.000    34.9389    34.9301     2.7209     2.7222    231.920    231.088     0.0040 1.0000e-12     0.1335  660734404    78.4782          0   3139.124   4708.695 0.0000e+00
   3095.000    34.9388    34.9300     2.7202     2.7214    231.998    231.319     0.0005 1.0000e-12     0.1347  660734412    78.6013          0   3144.240   4716.080 0.0000e+00
   3100.000    34.9386    34.9298     2.7194     2.7208    232.010    231.154     0.0028 1.0000e-12     0.1334  660734419    78.7265          0   3149.357   4723.593 0.0000e+00
   3105.000    34.9385    34.9297     2.7174     2.7187    231.776    231.211     0.0015 1.0000e-12     0.1338  660734426    78.8468          0   3154.473   4730.805 0.0000e+00
   3110.000    34.9382    34.9294     2.7132     2.7143    231.885    231.096     0.0057 1.0000e-12     0.1346  660734434    78.9749          0   3159.590   4738.492 0.0000e+00
   3115.000    34.9380    34.9291     2.7106     2.7117    231.805    230.940     0.0078 1.0000e-12     0.1335  660734441    79.0919          0   3164.707   4745.515 0.0000e+00
   3120.000    34.9378    34.9289     2.7075     2.7088    231.650    231.006     0.0049 1.0000e-12     0.1356  660734449    79.2179          0   3169.824   4753.077 0.0000e+00
   3125.000    34.9376    34.9287     2.7061     2.7075    231.693    231.041     0.0055 1.0000e-12     0.1332  660734456    79.3394          0   3174.942   4760.362 0.0000e+00
   3130.000    34.9372    34.9287     2.7054     2.7067    231.713    230.911     0.0047 1.0000e-12     0.1338  660734464    79.4645          0   3180.059   4767.873 0.0000e+00
   3135.000    34.9375    34.9287     2.7054     2.7066    231.773    231.028    -0.0005 1.0000e-12     0.1337  660734471    79.5924          0   3185.176   4775.543 0.0000e+00
   3140.000    34.9373    34.9285     2.7052     2.7064    231.797    231.121     0.0114 1.0000e-12     0.1347  660734479    79.7271          0   3190.294   4783.626 0.0000e+00
   3145.000    34.9373    34.9285     2.7046     2.7056    231.657    230.871     0.0021 1.0000e-12     0.1334  660734486    79.8421          0   3195.412   4790.525 0.0000e+00
   3150.000    34.9371    34.9283     2.7017     2.7028    231.681    231.063     0.0023 1.0000e-12     0.1330  660734494    79.9721          0   3200.529   4798.326 0.0000e+00
   3155.000    34.9370    34.9282     2.7000     2.7012    231.677    231.001     0.0056 1.0000e-12     0.1339  660734501    80.0922          0   3205.647   4805.532 0.0000e+00
   3160.000    34.9369    34.9281     2.6984     2.6997    231.698    230.779     0.0060 1.0000e-12     0.1333  660734509    80.2235          0   3210.765   4813.412 0.0000e+00
   3165.000    34.9369    34.9282     2.6971     2.6983    231.851    230.589     0.0062 1.0000e-12     0.1317  660734516    80.3386          0   3215.883   4820.316 0.0000e+00
