data/UWS/Data_management/CTD_sensor_data/SO279_CTD_processed/SO279_53-1_CTD-04_processed.ros
* Sea-Bird SBE 9 Data File:
* FileName = D:\CTDData\SO279\SO279_53-1_CTD-04.hex
* Software Version Seasave V 7.26.1.8
* Temperature SN = 5938
* Conductivity SN = 4108
* Number of Bytes Per Scan = 41
* Number of Voltage Words = 4
* Number of Scans Averaged by the Deck Unit = 1
* NMEA Latitude = 31 07.08 N
* NMEA Longitude = 033 48.97 W
* NMEA UTC (Time) = Dec 18 2020  11:51:30
* NMEA baud rate = 4800
# nquan = 17
# nvalues = 1459                                  
# units = specified
# name 0 = depSM: Depth [salt water, m]
# name 1 = sal00: Salinity, Practical [PSU]
# name 2 = sal11: Salinity, Practical, 2 [PSU]
# name 3 = t090C: Temperature [ITS-90, deg C]
# name 4 = t190C: Temperature, 2 [ITS-90, deg C]
# name 5 = sbeox0Mm/L: Oxygen, SBE 43 [umol/l]
# name 6 = sbeox1Mm/L: Oxygen, SBE 43, 2 [umol/l]
# name 7 = flECO-AFL: Fluorescence, WET Labs ECO-AFL/FL [mg/m^3]
# name 8 = par: PAR/Irradiance, Biospherical/Licor
# name 9 = turbWETntu0: Turbidity, WET Labs ECO [NTU]
# name 10 = timeQ: Time, NMEA [seconds]
# name 11 = timeM: Time, Elapsed [minutes]
# name 12 = nbf: Bottles Fired
# name 13 = prDM: Pressure, Digiquartz [db]
# name 14 = timeS: Time, Elapsed [seconds]
# name 15 = scan: Scan Count
# name 16 = flag:  0.000e+00
# interval = seconds: 0.0416667
# start_time = Dec 18 2020 11:51:31 [NMEA time, first data scan]
# bad_flag = -9.990e-29
*END*
[from data line 681]
    505.274    35.8511    35.8310    13.6663    13.6673    186.103    180.452    -0.0084 1.0000e-12     0.1373  661618536   184.0903         13    509.408  11045.417     265091  0.000e+00
    505.274    35.8506    35.8318    13.6665    13.6691    186.058    180.452    -0.0084 1.0000e-12     0.1373  661618536   184.0910         13    509.408  11045.458     265092  0.000e+00
    505.280    35.8508    35.8340    13.6665    13.6697    186.182    180.627    -0.0084 1.0000e-12     0.1373  661618536   184.0917         13    509.415  11045.500     265093  0.000e+00
    505.229    35.8503    35.8385    13.6663    13.6701    186.308    180.647    -0.0084 1.0000e-12     0.1373  661618536   184.0924         13    509.363  11045.542     265094  0.000e+00
    505.235    35.8502    35.8402    13.6663    13.6750    186.588    180.634    -0.0084 1.0000e-12     0.1373  661618536   184.0931         13    509.370  11045.583     265095  0.000e+00
    505.274    35.8501    35.8382    13.6660    13.6844    186.586    180.436    -0.0084 1.0000e-12     0.1373  661618536   184.0938         13    509.408  11045.625     265096  0.000e+00
    505.229    35.8504    35.8351    13.6675    13.6911    186.418    180.573    -0.0084 1.0000e-12     0.1373  661618536   184.0944         13    509.363  11045.667     265097  0.000e+00
    505.184    35.8515    35.8335    13.6695    13.6944    186.222    180.415    -0.0084 1.0000e-12     0.1373  661618536   184.0951         13    509.318  11045.708     265098  0.000e+00
    505.229    35.8522    35.8352    13.6718    13.6928    186.168    180.427    -0.0084 1.0000e-12     0.1373  661618536   184.0958         13    509.363  11045.750     265099  0.000e+00
    505.229    35.8529    35.8362    13.6740    13.6930    186.113    180.605    -0.0084 1.0000e-12     0.1373  661618536   184.0965         13    509.363  11045.792     265100  0.000e+00
    505.139    35.8539    35.8364    13.6767    13.6956    185.885    180.620    -0.0084 1.0000e-12     0.1373  661618536   184.0972         13    509.273  11045.833     265101  0.000e+00
    505.229    35.8547    35.8371    13.6793    13.6992    186.126    180.635    -0.0084 1.0000e-12     0.1373  661618536   184.0979         13    509.363  11045.875     265102  0.000e+00
    505.139    35.8543    35.8374    13.6820    13.7009    186.400    180.482    -0.0084 1.0000e-12     0.1373  661618536   184.0986         13    509.273  11045.917     265103  0.000e+00
    505.133    35.8535    35.8367    13.6825    13.7034    186.568    180.653    -0.0157 1.0000e-12     0.1373  661618537   184.0993         13    509.266  11045.958     265104  0.000e+00
    505.082    35.8525    35.8375    13.6825    13.7076    186.761    180.664    -0.0157 1.0000e-12     0.1397  661618537   184.1000         13    509.214  11046.000     265105  0.000e+00
    505.139    35.8525    35.8377    13.6833    13.7120    186.796    180.656    -0.0157 1.0000e-12     0.1397  661618537   184.1007         13    509.273  11046.042     265106  0.000e+00
    505.082    35.8529    35.8369    13.6855    13.7125    186.666    180.661    -0.0157 1.0000e-12     0.1397  661618537   184.1014         13    509.214  11046.083     265107  0.000e+00
    505.043    35.8538    35.8365    13.6881    13.7130    186.506    180.685    -0.0157 1.0000e-12     0.1397  661618537   184.1021         13    509.176  11046.125     265108  0.000e+00
    505.037    35.8544    35.8359    13.6900    13.7145    186.504    180.534    -0.0157 1.0000e-12     0.1397  661618537   184.1028         13    509.169  11046.167     265109  0.000e+00
    505.037    35.8544    35.8357    13.6916    13.7159    186.503    180.517    -0.0157 1.0000e-12     0.1397  661618537   184.1035         13    509.169  11046.208     265110  0.000e+00
    504.998    35.8539    35.8353    13.6940    13.7168    186.511    180.502    -0.0157 1.0000e-12     0.1397  661618537   184.1042         13    509.130  11046.250     265111  0.000e+00
    504.992    35.8549    35.8350    13.6956    13.7159    186.520    180.493    -0.0157 1.0000e-12     0.1397  661618537   184.1049         13    509.124  11046.292     265112  0.000e+00
    504.941    35.8550    35.8344    13.6976    13.7152    186.527    180.483    -0.0157 1.0000e-12     0.1397  661618537   184.1056         13    509.072  11046.333     265113  0.000e+00
    504.947    35.8550    35.8347    13.6997    13.7155    186.367    180.470    -0.0157 1.0000e-12     0.1397  661618537   184.1062         13    509.079  11046.375     265114  0.000e+00
    504.941    35.8549    35.8342    13.7017    13.7126    186.348    180.469    -0.0157 1.0000e-12     0.1397  661618537   184.1069         13    509.072  11046.417     265115  0.000e+00
    504.902    35.8549    35.8328    13.7032    13.7069    186.665    180.479    -0.0157 1.0000e-12     0.1397  661618537   184.1076         13    509.033  11046.458     265116  0.000e+00
    504.896    35.8552    35.8319    13.7047    13.6995    186.712    180.495    -0.0157 1.0000e-12     0.1397  661618537   184.1083         13    509.027  11046.500     265117  0.000e+00
    504.844    35.8558    35.8325    13.7062    13.6938    186.602    180.503    -0.0157 1.0000e-12     0.1397  661618537   184.1090         13    508.975  11046.542     265118  0.000e+00
    504.806    35.8553    35.8328    13.7074    13.6936    186.779    180.490    -0.0157 1.0000e-12     0.1397  661618537   184.1097         13    508.936  11046.583     265119  0.000e+00
    504.844    35.8556    35.8312    13.7084    13.6957    186.648    180.645    -0.0157 1.0000e-12     0.1397  661618537   184.1104         13    508.975  11046.625     265120  0.000e+00
    504.755    35.8558    35.8321    13.7096    13.6919    186.333    180.682    -0.0157 1.0000e-12     0.1397  661618537   184.1111         13    508.884  11046.667     265121  0.000e+00
    504.761    35.8563    35.8331    13.7104    13.6862    186.138    180.709    -0.0157 1.0000e-12     0.1397  661618537   184.1118         13    508.891  11046.708     265122  0.000e+00
    504.755    35.8557    35.8327    13.7114    13.6837    185.943    180.724    -0.0157 1.0000e-12     0.1397  661618537   184.1125         13    508.884  11046.750     265123  0.000e+00
    504.710    35.8556    35.8337    13.7121    13.6847    185.763    180.723    -0.0157 1.0000e-12     0.1397  661618537   184.1132         13    508.839  11046.792     265124  0.000e+00
    504.703    35.8546    35.8337    13.7121    13.6905    185.603    180.533    -0.0157 1.0000e-12     0.1397  661618537   184.1139         13    508.833  11046.833     265125  0.000e+00
    504.659    35.8552    35.8332    13.7121    13.6947    185.574    180.502    -0.0157 1.0000e-12     0.1397  661618537   184.1146         13    508.787  11046.875     265126  0.000e+00
    504.665    35.8557    35.8333    13.7132    13.6935    185.545    180.491    -0.0157 1.0000e-12     0.1397  661618537   184.1153         13    508.794  11046.917     265127  0.000e+00
    504.607    35.8536    35.8330    13.7137    13.6906    185.819    180.486    -0.0157 1.0000e-12     0.1397  661618538   184.1160         13    508.736  11046.958     265128  0.000e+00
    303.737    36.2962    36.2757    16.6109    16.6333    188.922    188.375    -0.0597 1.0000e-12     0.1324  661618807   188.6042         14    306.073  11316.250     271591  0.000e+00
    303.692    36.2966    36.2747    16.6111    16.6321    188.868    188.364    -0.0597 1.0000e-12     0.1324  661618807   188.6049         14    306.027  11316.292     271592  0.000e+00
    303.795    36.2966    36.2746    16.6114    16.6284    188.818    188.361    -0.0597 1.0000e-12     0.1324  661618807   188.6056         14    306.131  11316.333     271593  0.000e+00
    303.737    36.2969    36.2755    16.6121    16.6264    189.032    188.345    -0.0597 1.0000e-12     0.1324  661618807   188.6062         14    306.073  11316.375     271594  0.000e+00
    303.833    36.2960    36.2762    16.6119    16.6278    189.004    188.334    -0.0597 1.0000e-12     0.1324  661618807   188.6069         14    306.169  11316.417     271595  0.000e+00
    303.788    36.2950    36.2763    16.6102    16.6288    188.850    188.319    -0.0597 1.0000e-12     0.1324  661618807   188.6076         14    306.124  11316.458     271596  0.000e+00
    303.890    36.2946    36.2766    16.6082    16.6297    188.701    188.306    -0.0597 1.0000e-12     0.1324  661618807   188.6083         14    306.227  11316.500     271597  0.000e+00
    303.833    36.2942    36.2773    16.6067    16.6310    188.687    188.286    -0.0597 1.0000e-12     0.1324  661618807   188.6090         14    306.169  11316.542     271598  0.000e+00
    303.833    36.2946    36.2765    16.6055    16.6321    188.536    188.267    -0.0597 1.0000e-12     0.1324  661618807   188.6097         14    306.169  11316.583     271599  0.000e+00
    303.833    36.2952    36.2766    16.6050    16.6314    188.513    188.268    -0.0524 1.0000e-12     0.1324  661618807   188.6104         14    306.169  11316.625     271600  0.000e+00
    303.986    36.2954    36.2763    16.6054    16.6314    188.365    188.269    -0.0597 1.0000e-12     0.1324  661618807   188.6111         14    306.324  11316.667     271601  0.000e+00
    303.884    36.2980    36.2782    16.6070    16.6318    188.187    188.259    -0.0597 1.0000e-12     0.1324  661618807   188.6118         14    306.221  11316.708     271602  0.000e+00
    303.929    36.2996    36.2797    16.6124    16.6344    188.133    188.227    -0.0597 1.0000e-12     0.1324  661618807   188.6125         14    306.266  11316.750     271603  0.000e+00
    303.941    36.2997    36.2801    16.6170    16.6391    188.065    188.188    -0.0597 1.0000e-12     0.1324  661618807   188.6132         14    306.279  11316.792     271604  0.000e+00
    304.025    36.2989    36.2797    16.6219    16.6437    188.420    188.164    -0.0597 1.0000e-12     0.1324  661618807   188.6139         14    306.362  11316.833     271605  0.000e+00
    303.973    36.2989    36.2790    16.6266    16.6470    188.532    188.142    -0.0597 1.0000e-12     0.1324  661618807   188.6146         14    306.311  11316.875     271606  0.000e+00
    303.973    36.2986    36.2788    16.6308    16.6487    188.819    188.124    -0.0597 1.0000e-12     0.1324  661618807   188.6153         14    306.311  11316.917     271607  0.000e+00
    304.031    36.2979    36.2791    16.6341    16.6499    188.992    188.108    -0.0597 1.0000e-12     0.1324  661618808   188.6160         14    306.369  11316.958     271608  0.000e+00
    304.025    36.3000    36.2789    16.6355    16.6513    189.018    188.089    -0.0597 1.0000e-12     0.1324  661618808   188.6167         14    306.362  11317.000     271609  0.000e+00
    304.069    36.3001    36.2787    16.6387    16.6525    188.881    188.071    -0.0597 1.0000e-12     0.1324  661618808   188.6174         14    306.408  11317.042     271610  0.000e+00
    304.025    36.2993    36.2789    16.6396    16.6535    188.464    188.034    -0.0597 1.0000e-12     0.1324  661618808   188.6181         14    306.362  11317.083     271611  0.000e+00
    304.031    36.2993    36.2792    16.6392    16.6547    188.590    188.011    -0.0597 1.0000e-12     0.1324  661618808   188.6188         14    306.369  11317.125     271612  0.000e+00
    304.120    36.2997    36.2796    16.6402    16.6554    188.882    187.836    -0.0597 1.0000e-12     0.1324  661618808   188.6194         14    306.459  11317.167     271613  0.000e+00
    304.120    36.3000    36.2796    16.6409    16.6555    188.926    187.955    -0.0597 1.0000e-12     0.1324  661618808   188.6201         14    306.459  11317.208     271614  0.000e+00
    304.127    36.3000    36.2799    16.6426    16.6559    188.967    187.948    -0.0597 1.0000e-12     0.1324  661618808   188.6208         14    306.466  11317.250     271615  0.000e+00
    304.120    36.3001    36.2795    16.6447    16.6563    188.709    187.924    -0.0597 1.0000e-12     0.1324  661618808   188.6215         14    306.459  11317.292     271616  0.000e+00
    304.165    36.3005    36.2798    16.6455    16.6560    188.846    187.903    -0.0597 1.0000e-12     0.1324  661618808   188.6222         14    306.504  11317.333     271617  0.000e+00
    304.165    36.3012    36.2800    16.6468    16.6561    188.831    187.878    -0.0597 1.0000e-12     0.1324  661618808   188.6229         14    306.504  11317.375     271618  0.000e+00
    304.171    36.3013    36.2799    16.6490    16.6564    188.803    187.866    -0.0597 1.0000e-12     0.1324  661618808   188.6236         14    306.511  11317.417     271619  0.000e+00
    304.210    36.3012    36.2800    16.6514    16.6566    188.645    187.855    -0.0597 1.0000e-12     0.1324  661618808   188.6243         14    306.549  11317.458     271620  0.000e+00
    304.210    36.3015    36.2800    16.6534    16.6567    188.348    187.843    -0.0524 1.0000e-12     0.1324  661618808   188.6250         14    306.549  11317.500     271621  0.000e+00
    304.210    36.3018    36.2802    16.6551    16.6566    188.174    187.831    -0.0597 1.0000e-12     0.1324  661618808   188.6257         14    306.549  11317.542     271622  0.000e+00
    304.223    36.3023    36.2800    16.6555    16.6568    188.275    187.834    -0.0597 1.0000e-12     0.1324  661618808   188.6264         14    306.562  11317.583     271623  0.000e+00
    304.261    36.3023    36.2797    16.6561    16.6567    188.516    187.822    -0.0597 1.0000e-12     0.1324  661618808   188.6271         14    306.601  11317.625     271624  0.000e+00
    304.261    36.3020    36.2801    16.6570    16.6563    188.527    187.810    -0.0597 1.0000e-12     0.1324  661618808   188.6278         14    306.601  11317.667     271625  0.000e+00
    304.267    36.3021    36.2800    16.6573    16.6559    188.849    187.797    -0.0597 1.0000e-12     0.1324  661618808   188.6285         14    306.607  11317.708     271626  0.000e+00
    304.306    36.3022    36.2798    16.6579    16.6559    189.063    187.799    -0.0597 1.0000e-12     0.1324  661618808   188.6292         14    306.646  11317.750     271627  0.000e+00
    304.306    36.3025    36.2797    16.6581    16.6556    189.009    187.801    -0.0524 1.0000e-12     0.1324  661618808   188.6299         14    306.646  11317.792     271628  0.000e+00
    304.261    36.3023    36.2799    16.6584    16.6551    189.077    187.647    -0.0597 1.0000e-12     0.1324  661618808   188.6306         14    306.601  11317.833     271629  0.000e+00
    304.363    36.3022    36.2794    16.6585    16.6552    189.279    187.636    -0.0597 1.0000e-12     0.1324  661618808   188.6312         14    306.704  11317.875     271630  0.000e+00
    304.306    36.3020    36.2796    16.6584    16.6552    189.360    187.776    -0.0597 1.0000e-12     0.1324  661618808   188.6319         14    306.646  11317.917     271631  0.000e+00
    304.350    36.3017    36.2796    16.6581    16.6552    189.435    187.779    -0.0597 1.0000e-12     0.1324  661618809   188.6326         14    306.691  11317.958     271632  0.000e+00
    304.350    36.3019    36.2788    16.6580    16.6557    189.488    187.780    -0.0597 1.0000e-12     0.1324  661618809   188.6333         14    306.691  11318.000     271633  0.000e+00
    304.363    36.3020    36.2790    16.6580    16.6554    189.393    187.783    -0.0597 1.0000e-12     0.1324  661618809   188.6340         14    306.704  11318.042     271634  0.000e+00
    304.401    36.3021    36.2791    16.6579    16.6551    189.417    187.787    -0.0597 1.0000e-12     0.1324  661618809   188.6347         14    306.742  11318.083     271635  0.000e+00
    304.350    36.3026    36.2794    16.6573    16.6549    189.302    187.633    -0.0597 1.0000e-12     0.1299  661618809   188.6354         14    306.691  11318.125     271636  0.000e+00
