data/UWS/Data_management/CTD_sensor_data/SO279_CTD_processed/SO279_53-1_CTD-04_processed.ros
* Sea-Bird SBE 9 Data File:
* FileName = D:\CTDData\SO279\SO279_53-1_CTD-04.hex
* Software Version Seasave V 7.26.1.8
* Temperature SN = 5938
* Conductivity SN = 4108
* Number of Bytes Per Scan = 41
* Number of Voltage Words = 4
* Number of Scans Averaged by the Deck Unit = 1
* NMEA Latitude = 31 07.08 N
* NMEA Longitude = 033 48.97 W
* NMEA UTC (Time) = Dec 18 2020  11:51:30
* NMEA baud rate = 4800
# nquan = 17
# nvalues = 1459                                  
# units = specified
# name 0 = depSM: Depth [salt water, m]
# name 1 = sal00: Salinity, Practical [PSU]
# name 2 = sal11: Salinity, Practical, 2 [PSU]
# name 3 = t090C: Temperature [ITS-90, deg C]
# name 4 = t190C: Temperature, 2 [ITS-90, deg C]
# name 5 = sbeox0Mm/L: Oxygen, SBE 43 [umol/l]
# name 6 = sbeox1Mm/L: Oxygen, SBE 43, 2 [umol/l]
# name 7 = flECO-AFL: Fluorescence, WET Labs ECO-AFL/FL [mg/m^3]
# name 8 = par: PAR/Irradiance, Biospherical/Licor
# name 9 = turbWETntu0: Turbidity, WET Labs ECO [NTU]
# name 10 = timeQ: Time, NMEA [seconds]
# name 11 = timeM: Time, Elapsed [minutes]
# name 12 = nbf: Bottles Fired
# name 13 = prDM: Pressure, Digiquartz [db]
# name 14 = timeS: Time, Elapsed [seconds]
# name 15 = scan: Scan Count
# name 16 = flag:  0.000e+00
# interval = seconds: 0.0416667
# start_time = Dec 18 2020 11:51:31 [NMEA time, first data scan]
# bad_flag = -9.990e-29
*END*
[from data line 1362]
     28.567    37.1649    37.1465    21.7000    21.7005    200.198    205.651     0.0209 1.0000e-12     0.1324  661619390   198.3215         23     28.768  11899.292     285584  0.000e+00
     28.618    37.1650    37.1462    21.6997    21.7007    200.093    205.662     0.0209 1.0000e-12     0.1324  661619390   198.3222         23     28.819  11899.333     285585  0.000e+00
     28.567    37.1646    37.1464    21.7000    21.7005    200.217    205.681     0.0209 1.0000e-12     0.1324  661619390   198.3229         23     28.768  11899.375     285586  0.000e+00
     28.593    37.1650    37.1466    21.6998    21.7005    200.229    205.823     0.0209 1.0000e-12     0.1324  661619390   198.3236         23     28.793  11899.417     285587  0.000e+00
     28.567    37.1650    37.1461    21.6997    21.7007    200.239    205.841     0.0209 1.0000e-12     0.1324  661619390   198.3243         23     28.768  11899.458     285588  0.000e+00
     28.567    37.1649    37.1463    21.7000    21.7005    200.248    205.859     0.0209 1.0000e-12     0.1324  661619390   198.3250         23     28.768  11899.500     285589  0.000e+00
     28.523    37.1648    37.1465    21.6999    21.7003    200.256    205.875     0.0209 1.0000e-12     0.1324  661619390   198.3257         23     28.723  11899.542     285590  0.000e+00
     28.542    37.1647    37.1465    21.7000    21.7005    200.265    205.891     0.0209 1.0000e-12     0.1324  661619390   198.3264         23     28.742  11899.583     285591  0.000e+00
     28.523    37.1647    37.1463    21.6999    21.7003    200.272    205.897     0.0136 1.0000e-12     0.1348  661619390   198.3271         23     28.723  11899.625     285592  0.000e+00
     28.523    37.1648    37.1460    21.6998    21.7005    200.398    206.033     0.0062 1.0000e-12     0.1348  661619390   198.3278         23     28.723  11899.667     285593  0.000e+00
     28.522    37.1649    37.1463    21.7001    21.7003    200.289    206.045     0.0062 1.0000e-12     0.1373  661619390   198.3285         23     28.723  11899.708     285594  0.000e+00
     28.478    37.1646    37.1463    21.6998    21.7005    200.294    206.054     0.0062 1.0000e-12     0.1373  661619390   198.3292         23     28.678  11899.750     285595  0.000e+00
     28.497    37.1649    37.1465    21.6999    21.7004    200.298    206.073     0.0062 1.0000e-12     0.1373  661619390   198.3299         23     28.697  11899.792     285596  0.000e+00
     28.478    37.1645    37.1462    21.7000    21.7005    200.301    206.090     0.0062 1.0000e-12     0.1373  661619390   198.3306         23     28.678  11899.833     285597  0.000e+00
     28.478    37.1648    37.1462    21.6998    21.7003    200.304    205.975     0.0062 1.0000e-12     0.1373  661619390   198.3313         23     28.677  11899.875     285598  0.000e+00
     28.427    37.1650    37.1462    21.6996    21.7003    200.417    205.980     0.0062 1.0000e-12     0.1373  661619390   198.3319         23     28.626  11899.917     285599  0.000e+00
     28.452    37.1649    37.1465    21.6998    21.7001    200.417    205.986     0.0062 1.0000e-12     0.1373  661619391   198.3326         23     28.652  11899.958     285600  0.000e+00
     28.427    37.1648    37.1464    21.6999    21.7001    200.415    206.112     0.0062 1.0000e-12     0.1373  661619391   198.3333         23     28.626  11900.000     285601  0.000e+00
     28.427    37.1652    37.1461    21.6998    21.7001    200.412    206.125     0.0062 1.0000e-12     0.1373  661619391   198.3340         23     28.626  11900.042     285602  0.000e+00
     28.427    37.1652    37.1463    21.6997    21.7000    200.415    206.137     0.0062 1.0000e-12     0.1373  661619391   198.3347         23     28.626  11900.083     285603  0.000e+00
     28.357    37.1649    37.1464    21.6998    21.6998    200.415    206.145     0.0062 1.0000e-12     0.1348  661619391   198.3354         23     28.556  11900.125     285604  0.000e+00
     28.427    37.1644    37.1466    21.6997    21.7001    200.298    206.155    -0.0011 1.0000e-12     0.1373  661619391   198.3361         23     28.626  11900.167     285605  0.000e+00
     28.382    37.1647    37.1466    21.6998    21.7000    200.284    206.162     0.0062 1.0000e-12     0.1373  661619391   198.3368         23     28.581  11900.208     285606  0.000e+00
     28.337    37.1654    37.1465    21.6995    21.7001    200.388    206.166     0.0062 1.0000e-12     0.1373  661619391   198.3375         23     28.536  11900.250     285607  0.000e+00
     13.446    37.1633    37.1461    21.6986    21.6991    200.219    204.950     0.0062 1.0000e-12     0.1373  661619457   199.4410         24     13.540  11966.458     287196  0.000e+00
     13.350    37.1632    37.1458    21.6987    21.6989    200.229    204.978     0.0062 1.0000e-12     0.1373  661619457   199.4417         24     13.444  11966.500     287197  0.000e+00
     13.446    37.1629    37.1464    21.6984    21.6985    200.246    205.133     0.0062 1.0000e-12     0.1373  661619457   199.4424         24     13.540  11966.542     287198  0.000e+00
     13.401    37.1629    37.1462    21.6986    21.6982    200.257    205.173    -0.0011 1.0000e-12     0.1373  661619457   199.4431         24     13.495  11966.583     287199  0.000e+00
     13.446    37.1631    37.1465    21.6983    21.6980    200.265    205.205     0.0062 1.0000e-12     0.1348  661619457   199.4437         24     13.540  11966.625     287200  0.000e+00
     13.401    37.1631    37.1466    21.6984    21.6982    200.269    205.233     0.0062 1.0000e-12     0.1348  661619457   199.4444         24     13.495  11966.667     287201  0.000e+00
     13.458    37.1631    37.1463    21.6985    21.6980    200.283    205.265     0.0062 1.0000e-12     0.1348  661619457   199.4451         24     13.552  11966.708     287202  0.000e+00
     13.446    37.1633    37.1464    21.6984    21.6982    200.169    205.417     0.0062 1.0000e-12     0.1348  661619457   199.4458         24     13.539  11966.750     287203  0.000e+00
     13.446    37.1632    37.1463    21.6987    21.6985    200.168    205.445     0.0062 1.0000e-12     0.1348  661619457   199.4465         24     13.539  11966.792     287204  0.000e+00
     13.490    37.1634    37.1467    21.6986    21.6982    200.168    205.342     0.0062 1.0000e-12     0.1348  661619457   199.4472         24     13.584  11966.833     287205  0.000e+00
     13.446    37.1629    37.1461    21.6990    21.6987    200.166    205.490     0.0062 1.0000e-12     0.1348  661619457   199.4479         24     13.539  11966.875     287206  0.000e+00
     13.490    37.1631    37.1461    21.6989    21.6987    200.173    205.518     0.0062 1.0000e-12     0.1348  661619457   199.4486         24     13.584  11966.917     287207  0.000e+00
     13.490    37.1629    37.1466    21.6993    21.6987    200.178    205.543     0.0062 1.0000e-12     0.1324  661619458   199.4493         24     13.584  11966.958     287208  0.000e+00
     13.458    37.1626    37.1463    21.6994    21.6994    200.184    205.556     0.0062 1.0000e-12     0.1348  661619458   199.4500         24     13.552  11967.000     287209  0.000e+00
     13.541    37.1631    37.1461    21.6995    21.6994    200.192    205.704     0.0062 1.0000e-12     0.1348  661619458   199.4507         24     13.635  11967.042     287210  0.000e+00
     13.490    37.1630    37.1464    21.6997    21.6998    200.316    205.601     0.0062 1.0000e-12     0.1348  661619458   199.4514         24     13.584  11967.083     287211  0.000e+00
     13.541    37.1630    37.1460    21.6996    21.7000    200.212    205.624     0.0062 1.0000e-12     0.1324  661619458   199.4521         24     13.635  11967.125     287212  0.000e+00
     13.541    37.1633    37.1462    21.6997    21.7000    200.212    205.644     0.0062 1.0000e-12     0.1348  661619458   199.4528         24     13.635  11967.167     287213  0.000e+00
     13.490    37.1635    37.1461    21.7001    21.7000    200.209    205.653     0.0062 1.0000e-12     0.1324  661619458   199.4535         24     13.584  11967.208     287214  0.000e+00
     13.541    37.1637    37.1463    21.7001    21.7000    200.337    205.663     0.0062 1.0000e-12     0.1348  661619458   199.4542         24     13.635  11967.250     287215  0.000e+00
     13.553    37.1637    37.1461    21.7001    21.7001    200.112    205.793     0.0062 1.0000e-12     0.1348  661619458   199.4549         24     13.648  11967.292     287216  0.000e+00
     13.585    37.1629    37.1467    21.7003    21.7001    200.228    205.808     0.0062 1.0000e-12     0.1348  661619458   199.4556         24     13.680  11967.333     287217  0.000e+00
     13.541    37.1633    37.1462    21.7004    21.7003    200.227    205.820    -0.0011 1.0000e-12     0.1348  661619458   199.4563         24     13.635  11967.375     287218  0.000e+00
     13.585    37.1631    37.1459    21.7010    21.7002    200.102    205.834     0.0062 1.0000e-12     0.1348  661619458   199.4569         24     13.680  11967.417     287219  0.000e+00
     13.541    37.1630    37.1462    21.7009    21.6998    200.096    205.845     0.0062 1.0000e-12     0.1348  661619458   199.4576         24     13.635  11967.458     287220  0.000e+00
     13.585    37.1631    37.1461    21.7008    21.6998    200.093    205.855     0.0062 1.0000e-12     0.1348  661619458   199.4583         24     13.680  11967.500     287221  0.000e+00
     13.585    37.1628    37.1465    21.7011    21.6992    200.207    205.996     0.0062 1.0000e-12     0.1348  661619458   199.4590         24     13.680  11967.542     287222  0.000e+00
     13.598    37.1630    37.1467    21.7008    21.6991    200.210    206.001     0.0062 1.0000e-12     0.1324  661619458   199.4597         24     13.693  11967.583     287223  0.000e+00
     13.585    37.1631    37.1464    21.7011    21.6989    200.204    206.004     0.0062 1.0000e-12     0.1348  661619458   199.4604         24     13.680  11967.625     287224  0.000e+00
     13.585    37.1632    37.1463    21.7010    21.6991    200.199    206.004    -0.0011 1.0000e-12     0.1324  661619458   199.4611         24     13.680  11967.667     287225  0.000e+00
     13.585    37.1636    37.1464    21.7011    21.6989    200.193    206.012    -0.0011 1.0000e-12     0.1299  661619458   199.4618         24     13.680  11967.708     287226  0.000e+00
     13.629    37.1631    37.1466    21.7014    21.6991    200.188    206.017    -0.0011 1.0000e-12     0.1299  661619458   199.4625         24     13.725  11967.750     287227  0.000e+00
     13.629    37.1632    37.1463    21.7014    21.6992    200.301    206.153    -0.0011 1.0000e-12     0.1299  661619458   199.4632         24     13.724  11967.792     287228  0.000e+00
     13.629    37.1625    37.1461    21.7016    21.6992    200.188    206.164    -0.0011 1.0000e-12     0.1299  661619458   199.4639         24     13.724  11967.833     287229  0.000e+00
     13.598    37.1630    37.1462    21.7012    21.6992    200.189    206.172    -0.0011 1.0000e-12     0.1299  661619458   199.4646         24     13.692  11967.875     287230  0.000e+00
     13.629    37.1629    37.1465    21.7013    21.6992    200.309    206.310    -0.0011 1.0000e-12     0.1299  661619458   199.4653         24     13.724  11967.917     287231  0.000e+00
     13.629    37.1627    37.1464    21.7014    21.6992    200.189    206.323    -0.0011 1.0000e-12     0.1299  661619459   199.4660         24     13.724  11967.958     287232  0.000e+00
     13.680    37.1627    37.1461    21.7015    21.6994    200.183    206.334    -0.0011 1.0000e-12     0.1299  661619459   199.4667         24     13.776  11968.000     287233  0.000e+00
     13.629    37.1633    37.1462    21.7012    21.6993    200.169    206.340    -0.0011 1.0000e-12     0.1299  661619459   199.4674         24     13.724  11968.042     287234  0.000e+00
     13.629    37.1629    37.1466    21.7013    21.6991    200.161    206.345    -0.0011 1.0000e-12     0.1299  661619459   199.4681         24     13.724  11968.083     287235  0.000e+00
     13.680    37.1628    37.1460    21.7014    21.6994    200.154    206.347    -0.0011 1.0000e-12     0.1299  661619459   199.4688         24     13.776  11968.125     287236  0.000e+00
     13.648    37.1628    37.1463    21.7015    21.6994    200.145    206.345    -0.0011 1.0000e-12     0.1299  661619459   199.4694         24     13.743  11968.167     287237  0.000e+00
     13.629    37.1628    37.1462    21.7016    21.6994    200.136    206.341    -0.0011 1.0000e-12     0.1299  661619459   199.4701         24     13.724  11968.208     287238  0.000e+00
     13.680    37.1625    37.1461    21.7016    21.6996    200.136    206.345    -0.0011 1.0000e-12     0.1299  661619459   199.4708         24     13.775  11968.250     287239  0.000e+00
     13.680    37.1631    37.1462    21.7013    21.6996    200.134    206.345    -0.0011 1.0000e-12     0.1299  661619459   199.4715         24     13.775  11968.292     287240  0.000e+00
     13.680    37.1626    37.1463    21.7016    21.6996    200.131    206.343    -0.0011 1.0000e-12     0.1299  661619459   199.4722         24     13.775  11968.333     287241  0.000e+00
     13.680    37.1628    37.1461    21.7013    21.6996    200.130    206.340    -0.0011 1.0000e-12     0.1299  661619459   199.4729         24     13.775  11968.375     287242  0.000e+00
     13.629    37.1630    37.1460    21.7014    21.6996    200.126    206.332    -0.0011 1.0000e-12     0.1299  661619459   199.4736         24     13.724  11968.417     287243  0.000e+00
     13.693    37.1625    37.1461    21.7015    21.6994    200.132    206.325    -0.0011 1.0000e-12     0.1275  661619459   199.4743         24     13.788  11968.458     287244  0.000e+00
     13.680    37.1632    37.1465    21.7012    21.6992    200.136    206.182    -0.0011 1.0000e-12     0.1299  661619459   199.4750         24     13.775  11968.500     287245  0.000e+00
     13.724    37.1628    37.1462    21.7013    21.6992    200.143    206.160    -0.0011 1.0000e-12     0.1299  661619459   199.4757         24     13.820  11968.542     287246  0.000e+00
     13.629    37.1631    37.1463    21.7014    21.6994    200.145    206.010    -0.0011 1.0000e-12     0.1299  661619459   199.4764         24     13.724  11968.583     287247  0.000e+00
     13.724    37.1627    37.1461    21.7013    21.6992    200.153    205.988    -0.0011 1.0000e-12     0.1299  661619459   199.4771         24     13.820  11968.625     287248  0.000e+00
     13.680    37.1626    37.1465    21.7014    21.6992    200.158    206.091    -0.0011 1.0000e-12     0.1299  661619459   199.4778         24     13.775  11968.667     287249  0.000e+00
     13.680    37.1628    37.1463    21.7014    21.6996    200.164    206.071    -0.0011 1.0000e-12     0.1299  661619459   199.4785         24     13.775  11968.708     287250  0.000e+00
     13.724    37.1626    37.1463    21.7013    21.6992    200.171    206.053    -0.0011 1.0000e-12     0.1348  661619459   199.4792         24     13.820  11968.750     287251  0.000e+00
     13.648    37.1631    37.1463    21.7008    21.6992    200.171    206.039    -0.0011 1.0000e-12     0.1373  661619459   199.4799         24     13.743  11968.792     287252  0.000e+00
     13.724    37.1632    37.1460    21.7006    21.6996    200.173    206.027    -0.0011 1.0000e-12     0.1373  661619459   199.4806         24     13.820  11968.833     287253  0.000e+00
     13.680    37.1632    37.1459    21.7005    21.6996    200.053    206.002    -0.0011 1.0000e-12     0.1348  661619459   199.4812         24     13.775  11968.875     287254  0.000e+00
     13.724    37.1628    37.1461    21.7008    21.6994    199.928    205.987    -0.0011 1.0000e-12     0.1373  661619460   199.4819         24     13.820  11968.917     287255  0.000e+00
