data/UWS/Data_management/CTD_sensor_data/SO279_CTD_processed/SO279_36-1_CTD-03_processed_DepthAVG.cnv
* Sea-Bird SBE 9 Data File:
* FileName = D:\CTDData\SO279\SO279_36-1_CTD-01.hex
* Software Version Seasave V 7.26.1.8
* Temperature SN = 5938
* Conductivity SN = 4108
* Number of Bytes Per Scan = 41
* Number of Voltage Words = 4
* Number of Scans Averaged by the Deck Unit = 1
* NMEA Latitude = 30 53.53 N
* NMEA Longitude = 029 18.84 W
* NMEA UTC (Time) = Dec 16 2020  05:18:34
* NMEA baud rate = 4800
# nquan = 16
# nvalues = 851                         
# units = specified
# name 0 = depSM: Depth [salt water, m]
# name 1 = sal00: Salinity, Practical [PSU]
# name 2 = sal11: Salinity, Practical, 2 [PSU]
# name 3 = t090C: Temperature [ITS-90, deg C]
# name 4 = t190C: Temperature, 2 [ITS-90, deg C]
# name 5 = sbeox0Mm/L: Oxygen, SBE 43 [umol/l]
# name 6 = sbeox1Mm/L: Oxygen, SBE 43, 2 [umol/l]
# name 7 = flECO-AFL: Fluorescence, WET Labs ECO-AFL/FL [mg/m^3]
# name 8 = par: PAR/Irradiance, Biospherical/Licor
# name 9 = turbWETntu0: Turbidity, WET Labs ECO [NTU]
# name 10 = timeQ: Time, NMEA [seconds]
# name 11 = timeM: Time, Elapsed [minutes]
# name 12 = nbf: Bottles Fired
# name 13 = prDM: Pressure, Digiquartz [db]
# name 14 = timeS: Time, Elapsed [seconds]
# name 15 = flag: flag
# span 0 =     10.000,   4260.000       
# span 1 =    14.2957,    41.1551       
# span 2 =    24.8152,    38.9198       
# span 3 =     2.4593,    20.6328       
# span 4 =     2.4585,    20.6298       
# span 5 =    101.452,    235.477       
# span 6 =     97.395,    240.704       
# span 7 =    -0.0567,     0.2292       
# span 8 = 1.0000e-12, 5.7773e-04       
# span 9 =     0.1218,     0.1400       
# span 10 =  661411024,  661417765      
# span 11 =    -1.5072,   110.8375      
# span 12 =          0,          4      
# span 13 =     10.069,   4333.190      
# span 14 =    -90.430,   6650.247      
# span 15 = 0.0000e+00, 0.0000e+00      
# interval = meters: 5                  
# start_time = Dec 16 2020 05:18:35 [NMEA time, first data scan]
# bad_flag = -9.990e-29
*END*
[from data line 724]
   3630.000    34.9241    34.9155     2.5558     2.5569    227.381    230.670     0.0091 5.7717e-04     0.1299  661416716    93.3580          0   3686.962   5601.481 0.0000e+00
   3635.000    34.9240    34.9154     2.5548     2.5559    227.297    230.736     0.0051 1.3380e-04     0.1296  661416724    93.4786          0   3692.083   5608.719 0.0000e+00
   3640.000    34.9238    34.9152     2.5541     2.5553    227.355    230.772     0.0099 7.9243e-06     0.1305  661416731    93.6007          0   3697.205   5616.040 0.0000e+00
   3645.000    34.9237    34.9152     2.5527     2.5538    227.419    230.648     0.0089 1.0000e-12     0.1309  661416738    93.7282          0   3702.327   5623.695 0.0000e+00
   3650.000    34.9235    34.9149     2.5512     2.5523    227.423    230.567     0.0149 1.0000e-12     0.1313  661416745    93.8428          0   3707.449   5630.566 0.0000e+00
   3655.000    34.9233    34.9147     2.5494     2.5506    227.425    230.674     0.0044 1.0000e-12     0.1303  661416753    93.9689          0   3712.571   5638.137 0.0000e+00
   3660.000    34.9232    34.9146     2.5486     2.5497    227.398    230.671     0.0104 1.0000e-12     0.1299  661416760    94.0805          0   3717.693   5644.829 0.0000e+00
   3665.000    34.9230    34.9144     2.5474     2.5486    227.490    230.590     0.0119 1.0000e-12     0.1306  661416768    94.2215          0   3722.815   5653.287 0.0000e+00
   3670.000    34.9228    34.9143     2.5458     2.5469    227.300    230.772     0.0088 1.0000e-12     0.1305  661416774    94.3120          0   3727.937   5658.720 0.0000e+00
   3675.000    34.9227    34.9140     2.5448     2.5457    227.416    230.587     0.0070 1.0000e-12     0.1312  661416783    94.4764          0   3733.060   5668.582 0.0000e+00
   3680.000    34.9226    34.9139     2.5439     2.5450    227.380    230.592     0.0076 1.0000e-12     0.1312  661416789    94.5714          0   3738.183   5674.282 0.0000e+00
   3685.000    34.9224    34.9140     2.5428     2.5439    227.255    230.562     0.0061 1.0000e-12     0.1306  661416798    94.7151          0   3743.305   5682.906 0.0000e+00
   3690.000    34.9222    34.9136     2.5411     2.5423    227.300    230.526     0.0063 1.0000e-12     0.1292  661416804    94.8153          0   3748.428   5688.918 0.0000e+00
   3695.000    34.9220    34.9136     2.5392     2.5403    227.460    230.315     0.0149 1.0000e-12     0.1325  661416812    94.9513          0   3753.551   5697.081 0.0000e+00
   3700.000    34.9219    34.9133     2.5378     2.5390    227.343    230.265     0.0080 1.0000e-12     0.1306  661416818    95.0562          0   3758.674   5703.370 0.0000e+00
   3705.000    34.9217    34.9131     2.5361     2.5372    227.251    230.241     0.0059 1.0000e-12     0.1311  661416826    95.1830          0   3763.797   5710.982 0.0000e+00
   3710.000    34.9215    34.9129     2.5352     2.5364    227.259    230.568     0.0032 1.0000e-12     0.1300  661416833    95.2973          0   3768.920   5717.837 0.0000e+00
   3715.000    34.9214    34.9129     2.5345     2.5355    227.392    230.516     0.0080 1.0000e-12     0.1299  661416841    95.4366          0   3774.044   5726.198 0.0000e+00
   3720.000    34.9213    34.9127     2.5334     2.5345    227.268    230.597     0.0089 1.0000e-12     0.1299  661416847    95.5333          0   3779.167   5731.996 0.0000e+00
   3725.000    34.9212    34.9125     2.5328     2.5339    227.343    230.580     0.0034 1.0000e-12     0.1295  661416856    95.6912          0   3784.291   5741.474 0.0000e+00
   3730.000    34.9211    34.9124     2.5325     2.5337    227.240    230.379     0.0046 1.0000e-12     0.1300  661416862    95.7851          0   3789.415   5747.106 0.0000e+00
   3735.000    34.9210    34.9125     2.5318     2.5330    227.337    230.412     0.0107 1.0000e-12     0.1313  661416870    95.9225          0   3794.539   5755.350 0.0000e+00
   3740.000    34.9209    34.9123     2.5319     2.5331    227.298    230.557     0.0113 1.0000e-12     0.1303  661416877    96.0317          0   3799.663   5761.903 0.0000e+00
   3745.000    34.9208    34.9123     2.5310     2.5320    227.327    230.272     0.0103 1.0000e-12     0.1298  661416885    96.1626          0   3804.787   5769.757 0.0000e+00
   3750.000    34.9207    34.9121     2.5304     2.5315    227.302    230.494     0.0099 1.0000e-12     0.1308  661416891    96.2745          0   3809.911   5776.472 0.0000e+00
   3755.000    34.9205    34.9120     2.5286     2.5297    227.191    230.379     0.0092 1.0000e-12     0.1298  661416899    96.3956          0   3815.035   5783.738 0.0000e+00
   3760.000    34.9203    34.9118     2.5279     2.5288    227.281    230.437     0.0075 1.0000e-12     0.1303  661416906    96.5171          0   3820.160   5791.024 0.0000e+00
   3765.000    34.9202    34.9117     2.5262     2.5273    227.245    230.711     0.0056 1.0000e-12     0.1327  661416914    96.6479          0   3825.284   5798.877 0.0000e+00
   3770.000    34.9200    34.9114     2.5247     2.5258    227.301    230.523     0.0059 1.0000e-12     0.1304  661416920    96.7609          0   3830.409   5805.656 0.0000e+00
   3775.000    34.9198    34.9112     2.5228     2.5239    227.247    230.116     0.0111 1.0000e-12     0.1295  661416929    96.8954          0   3835.534   5813.723 0.0000e+00
   3780.000    34.9196    34.9110     2.5218     2.5229    227.254    230.315     0.0096 1.0000e-12     0.1302  661416935    97.0087          0   3840.659   5820.520 0.0000e+00
   3785.000    34.9194    34.9109     2.5198     2.5208    227.223    230.501     0.0105 1.0000e-12     0.1321  661416943    97.1418          0   3845.784   5828.506 0.0000e+00
   3790.000    34.9193    34.9107     2.5193     2.5204    227.214    230.411     0.0120 1.0000e-12     0.1305  661416950    97.2573          0   3850.909   5835.439 0.0000e+00
   3795.000    34.9192    34.9106     2.5188     2.5198    227.211    230.452     0.0078 1.0000e-12     0.1292  661416958    97.3891          0   3856.034   5843.345 0.0000e+00
   3800.000    34.9191    34.9104     2.5180     2.5191    227.269    230.173     0.0097 1.0000e-12     0.1301  661416965    97.5087          0   3861.160   5850.522 0.0000e+00
   3805.000    34.9190    34.9104     2.5174     2.5185    227.211    230.161     0.0091 1.0000e-12     0.1301  661416973    97.6305          0   3866.285   5857.831 0.0000e+00
   3810.000    34.9189    34.9103     2.5167     2.5177    227.254    230.458     0.0100 1.0000e-12     0.1316  661416980    97.7558          0   3871.411   5865.351 0.0000e+00
   3815.000    34.9187    34.9102     2.5158     2.5169    227.275    230.246     0.0125 1.0000e-12     0.1290  661416988    97.8898          0   3876.536   5873.390 0.0000e+00
   3820.000    34.9185    34.9099     2.5149     2.5159    227.183    230.156     0.0113 1.0000e-12     0.1307  661416995    98.0060          0   3881.662   5880.359 0.0000e+00
   3825.000    34.9186    34.9100     2.5144     2.5155    227.138    230.258     0.0138 1.0000e-12     0.1301  661417003    98.1290          0   3886.788   5887.738 0.0000e+00
   3830.000    34.9183    34.9097     2.5131     2.5144    227.228    230.366     0.0095 1.0000e-12     0.1300  661417010    98.2559          0   3891.914   5895.357 0.0000e+00
   3835.000    34.9182    34.9096     2.5121     2.5131    227.192    230.076     0.0100 1.0000e-12     0.1298  661417017    98.3715          0   3897.040   5902.291 0.0000e+00
   3840.000    34.9181    34.9094     2.5112     2.5122    227.182    230.169     0.0099 1.0000e-12     0.1311  661417025    98.5052          0   3902.167   5910.313 0.0000e+00
   3845.000    34.9180    34.9093     2.5098     2.5109    227.131    230.190     0.0131 1.0000e-12     0.1310  661417032    98.6232          0   3907.293   5917.392 0.0000e+00
   3850.000    34.9178    34.9091     2.5086     2.5098    227.255    229.992     0.0052 1.0000e-12     0.1318  661417040    98.7529          0   3912.420   5925.176 0.0000e+00
   3855.000    34.9177    34.9090     2.5080     2.5091    227.133    230.156     0.0072 1.0000e-12     0.1306  661417047    98.8763          0   3917.546   5932.580 0.0000e+00
   3860.000    34.9176    34.9090     2.5074     2.5084    227.156    230.116     0.0087 1.0000e-12     0.1306  661417054    98.9931          0   3922.673   5939.587 0.0000e+00
   3865.000    34.9174    34.9088     2.5069     2.5080    227.353    230.145     0.0114 1.0000e-12     0.1315  661417063    99.1361          0   3927.800   5948.169 0.0000e+00
   3870.000    34.9174    34.9087     2.5069     2.5080    227.207    230.082     0.0090 1.0000e-12     0.1301  661417069    99.2357          0   3932.927   5954.139 0.0000e+00
   3875.000    34.9174    34.9087     2.5069     2.5079    227.368    230.043     0.0064 1.0000e-12     0.1308  661417078    99.3867          0   3938.054   5963.201 0.0000e+00
   3880.000    34.9173    34.9086     2.5058     2.5069    227.228    230.550     0.0092 1.0000e-12     0.1302  661417084    99.4856          0   3943.181   5969.137 0.0000e+00
   3885.000    34.9171    34.9084     2.5053     2.5067    227.338    230.043     0.0102 1.0000e-12     0.1308  661417093    99.6373          0   3948.309   5978.235 0.0000e+00
   3890.000    34.9170    34.9082     2.5037     2.5049    227.214    229.995     0.0075 1.0000e-12     0.1303  661417099    99.7349          0   3953.436   5984.093 0.0000e+00
   3895.000    34.9168    34.9081     2.5023     2.5034    227.236    230.175     0.0085 1.0000e-12     0.1337  661417107    99.8735          0   3958.564   5992.407 0.0000e+00
   3900.000    34.9167    34.9079     2.5017     2.5027    227.190    230.077     0.0097 1.0000e-12     0.1320  661417114    99.9910          0   3963.691   5999.459 0.0000e+00
   3905.000    34.9166    34.9079     2.5008     2.5019    227.249    230.009     0.0098 1.0000e-12     0.1305  661417122   100.1161          0   3968.819   6006.967 0.0000e+00
   3910.000    34.9165    34.9077     2.5007     2.5019    227.231    230.096     0.0077 1.0000e-12     0.1298  661417129   100.2393          0   3973.947   6014.360 0.0000e+00
   3915.000    34.9165    34.9076     2.5001     2.5012    227.205    230.005     0.0109 1.0000e-12     0.1302  661417137   100.3634          0   3979.075   6021.806 0.0000e+00
   3920.000    34.9164    34.9076     2.5000     2.5011    227.202    230.106     0.0125 1.0000e-12     0.1293  661417144   100.4831          0   3984.203   6028.983 0.0000e+00
   3925.000    34.9163    34.9076     2.4996     2.5006    227.236    230.086     0.0123 1.0000e-12     0.1300  661417152   100.6167          0   3989.332   6037.000 0.0000e+00
   3930.000    34.9162    34.9074     2.4994     2.5005    227.191    230.096     0.0135 1.0000e-12     0.1306  661417159   100.7332          0   3994.460   6043.992 0.0000e+00
   3935.000    34.9162    34.9073     2.4994     2.5005    227.142    230.053     0.0115 1.0000e-12     0.1300  661417166   100.8581          0   3999.589   6051.485 0.0000e+00
   3940.000    34.9161    34.9072     2.4989     2.4999    227.251    230.002     0.0138 1.0000e-12     0.1303  661417174   100.9878          0   4004.717   6059.265 0.0000e+00
   3945.000    34.9160    34.9071     2.4987     2.4998    227.216    230.102     0.0102 1.0000e-12     0.1287  661417181   101.1032          0   4009.846   6066.192 0.0000e+00
   3950.000    34.9159    34.9071     2.4985     2.4995    227.245    229.948     0.0094 1.0000e-12     0.1303  661417189   101.2394          0   4014.975   6074.367 0.0000e+00
   3955.000    34.9159    34.9070     2.4989     2.5000    227.215    230.032     0.0122 1.0000e-12     0.1330  661417196   101.3601          0   4020.104   6081.604 0.0000e+00
   3960.000    34.9158    34.9070     2.4987     2.4998    227.194    230.001     0.0092 1.0000e-12     0.1308  661417203   101.4700          0   4025.233   6088.201 0.0000e+00
   3965.000    34.9158    34.9069     2.4984     2.4995    227.227    229.894     0.0112 1.0000e-12     0.1303  661417211   101.6108          0   4030.362   6096.647 0.0000e+00
   3970.000    34.9158    34.9068     2.4982     2.4993    227.277    230.081     0.0118 1.0000e-12     0.1305  661417218   101.7226          0   4035.491   6103.355 0.0000e+00
   3975.000    34.9157    34.9068     2.4981     2.4991    227.293    230.030     0.0128 1.0000e-12     0.1315  661417226   101.8571          0   4040.621   6111.426 0.0000e+00
   3980.000    34.9156    34.9066     2.4974     2.4984    227.239    229.932     0.0112 1.0000e-12     0.1293  661417233   101.9745          0   4045.750   6118.470 0.0000e+00
   3985.000    34.9154    34.9065     2.4969     2.4979    227.200    229.911     0.0111 1.0000e-12     0.1287  661417241   102.1015          0   4050.880   6126.087 0.0000e+00
   3990.000    34.9154    34.9065     2.4959     2.4970    227.276    230.187     0.0037 1.0000e-12     0.1308  661417248   102.2225          0   4056.010   6133.348 0.0000e+00
   3995.000    34.9152    34.9063     2.4956     2.4966    227.289    229.943     0.0109 1.0000e-12     0.1298  661417256   102.3587          0   4061.140   6141.519 0.0000e+00
   4000.000    34.9152    34.9064     2.4956     2.4967    227.102    229.527     0.0093 1.0000e-12     0.1298  661417262   102.4530          0   4066.270   6147.180 0.0000e+00
   4005.000    34.9152    34.9064     2.4961     2.4972    227.241    230.271     0.0065 1.0000e-12     0.1328  661417271   102.6079          0   4071.400   6156.474 0.0000e+00
   4010.000    34.9151    34.9062     2.4960     2.4971    227.284    229.869     0.0065 1.0000e-12     0.1308  661417277   102.7107          0   4076.530   6162.643 0.0000e+00
   4015.000    34.9151    34.9061     2.4952     2.4963    227.170    229.853     0.0157 1.0000e-12     0.1311  661417287   102.8652          0   4081.660   6171.911 0.0000e+00
   4020.000    34.9150    34.9061     2.4958     2.4969    227.234    229.849     0.0120 1.0000e-12     0.1317  661417293   102.9707          0   4086.791   6178.245 0.0000e+00
   4025.000    34.9150    34.9061     2.4955     2.4966    227.061    229.884     0.0113 1.0000e-12     0.1320  661417300   103.0880          0   4091.921   6185.280 0.0000e+00
   4030.000    34.9150    34.9059     2.4956     2.4967    227.315    229.717     0.0100 1.0000e-12     0.1297  661417308   103.2189          0   4097.052   6193.133 0.0000e+00
   4035.000    34.9148    34.9059     2.4951     2.4961    227.236    230.041     0.0085 1.0000e-12     0.1299  661417315   103.3303          0   4102.183   6199.817 0.0000e+00
   4040.000    34.9147    34.9058     2.4950     2.4961    227.297    229.980     0.0063 1.0000e-12     0.1309  661417323   103.4725          0   4107.314   6208.347 0.0000e+00
   4045.000    34.9146    34.9057     2.4943     2.4954    227.201    229.780     0.0125 1.0000e-12     0.1289  661417330   103.5795          0   4112.445   6214.772 0.0000e+00
   4050.000    34.9145    34.9056     2.4937     2.4948    227.281    229.805     0.0092 1.0000e-12     0.1311  661417338   103.7217          0   4117.576   6223.302 0.0000e+00
   4055.000    34.9144    34.9055     2.4935     2.4946    227.275    229.766     0.0104 1.0000e-12     0.1316  661417345   103.8292          0   4122.707   6229.750 0.0000e+00
   4060.000    34.9144    34.9054     2.4928     2.4939    227.248    229.807     0.0084 1.0000e-12     0.1299  661417353   103.9666          0   4127.839   6237.998 0.0000e+00
   4065.000    34.9142    34.9053     2.4923     2.4934    227.293    229.857     0.0095 1.0000e-12     0.1305  661417360   104.0811          0   4132.970   6244.866 0.0000e+00
   4070.000    34.9142    34.9052     2.4921     2.4932    227.230    229.879     0.0120 1.0000e-12     0.1307  661417367   104.2086          0   4138.102   6252.517 0.0000e+00
