data/UWS/Data_management/CTD_sensor_data/SO279_CTD_processed/SO279_22-1_CTD-02_processed_DepthAVG.cnv
* Sea-Bird SBE 9 Data File:
* FileName = D:\CTDData\SO279\SO279_22-1_CTD-01.hex
* Software Version Seasave V 7.26.1.8
* Temperature SN = 5938
* Conductivity SN = 4108
* Number of Bytes Per Scan = 41
* Number of Voltage Words = 4
* Number of Scans Averaged by the Deck Unit = 1
* NMEA Latitude = 31 16.05 N
* NMEA Longitude = 024 48.73 W
* NMEA UTC (Time) = Dec 14 2020  00:25:11
* NMEA baud rate = 4800
# nquan = 16
# nvalues = 1081                        
# units = specified
# name 0 = depSM: Depth [salt water, m]
# name 1 = sal00: Salinity, Practical [PSU]
# name 2 = sal11: Salinity, Practical, 2 [PSU]
# name 3 = t090C: Temperature [ITS-90, deg C]
# name 4 = t190C: Temperature, 2 [ITS-90, deg C]
# name 5 = sbeox0Mm/L: Oxygen, SBE 43 [umol/l]
# name 6 = sbeox1Mm/L: Oxygen, SBE 43, 2 [umol/l]
# name 7 = flECO-AFL: Fluorescence, WET Labs ECO-AFL/FL [mg/m^3]
# name 8 = par: PAR/Irradiance, Biospherical/Licor
# name 9 = turbWETntu0: Turbidity, WET Labs ECO [NTU]
# name 10 = timeQ: Time, NMEA [seconds]
# name 11 = timeM: Time, Elapsed [minutes]
# name 12 = nbf: Bottles Fired
# name 13 = prDM: Pressure, Digiquartz [db]
# name 14 = timeS: Time, Elapsed [seconds]
# name 15 = flag: flag
# span 0 =     10.000,   5410.000       
# span 1 =    32.0260,    37.1133       
# span 2 =    34.5735,    37.0141       
# span 3 =     2.4184,    20.7617       
# span 4 =     2.4194,    20.7620       
# span 5 =    169.142,    229.154       
# span 6 =    162.350,    235.456       
# span 7 =    -0.0619,     0.2376       
# span 8 = -2.304e-05, 8.7528e-04       
# span 9 =     0.1201,     0.1396       
# span 10 =  661220751,  661229207      
# span 11 =     0.6521,   141.5810      
# span 12 =          0,          3      
# span 13 =     10.070,   5517.682      
# span 14 =     39.126,   8494.858      
# span 15 = 0.0000e+00, 0.0000e+00      
# interval = meters: 5                  
# start_time = Dec 14 2020 00:25:12 [NMEA time, first data scan]
# bad_flag = -9.990e-29
*END*
[from data line 362]
   1820.000    35.1593    35.1503     4.6757     4.6772    221.887    228.073     0.0062 1.0000e-12     0.1291  661223581    47.8210          0   1840.733   2869.263 0.0000e+00
   1825.000    35.1565    35.1474     4.6546     4.6542    222.174    228.307     0.0055 1.0000e-12     0.1294  661223588    47.9406          0   1845.812   2876.435 0.0000e+00
   1830.000    35.1543    35.1450     4.6376     4.6381    222.439    228.675     0.0055 1.0000e-12     0.1305  661223596    48.0631          0   1850.891   2883.785 0.0000e+00
   1835.000    35.1514    35.1425     4.6170     4.6189    222.752    228.802     0.0056 1.0000e-12     0.1284  661223604    48.2061          0   1855.971   2892.369 0.0000e+00
   1840.000    35.1489    35.1400     4.5951     4.5987    223.132    228.937     0.0075 1.0000e-12     0.1288  661223611    48.3227          0   1861.050   2899.361 0.0000e+00
   1845.000    35.1469    35.1379     4.5830     4.5856    223.332    229.519     0.0046 1.0000e-12     0.1295  661223619    48.4462          0   1866.129   2906.770 0.0000e+00
   1850.000    35.1458    35.1365     4.5764     4.5770    223.484    229.656     0.0069 1.0000e-12     0.1294  661223627    48.5855          0   1871.209   2915.129 0.0000e+00
   1855.000    35.1436    35.1347     4.5597     4.5616    223.536    229.736     0.0055 1.0000e-12     0.1288  661223634    48.6966          0   1876.289   2921.799 0.0000e+00
   1860.000    35.1406    35.1315     4.5349     4.5364    223.902    229.960     0.0064 1.0000e-12     0.1299  661223642    48.8416          0   1881.369   2930.496 0.0000e+00
   1865.000    35.1370    35.1280     4.5075     4.5091    224.116    230.376     0.0072 1.0000e-12     0.1292  661223649    48.9536          0   1886.449   2937.218 0.0000e+00
   1870.000    35.1338    35.1249     4.4814     4.4842    224.561    230.587     0.0053 1.0000e-12     0.1291  661223657    49.0901          0   1891.529   2945.409 0.0000e+00
   1875.000    35.1316    35.1227     4.4638     4.4654    224.544    230.919     0.0051 1.0000e-12     0.1295  661223665    49.2189          0   1896.609   2953.133 0.0000e+00
   1880.000    35.1291    35.1199     4.4416     4.4446    224.658    230.641     0.0075 1.0000e-12     0.1302  661223672    49.3312          0   1901.689   2959.875 0.0000e+00
   1885.000    35.1246    35.1156     4.4096     4.4111    225.012    231.269     0.0020 1.0000e-12     0.1293  661223681    49.4912          0   1906.770   2969.470 0.0000e+00
   1890.000    35.1239    35.1149     4.4054     4.4071    225.270    231.090     0.0062 1.0000e-12     0.1296  661223687    49.5871          0   1911.850   2975.226 0.0000e+00
   1895.000    35.1216    35.1127     4.3888     4.3906    225.407    231.529     0.0080 1.0000e-12     0.1298  661223696    49.7340          0   1916.931   2984.039 0.0000e+00
   1900.000    35.1183    35.1095     4.3616     4.3632    225.597    231.543     0.0077 1.0000e-12     0.1298  661223703    49.8470          0   1922.012   2990.823 0.0000e+00
   1905.000    35.1155    35.1067     4.3417     4.3440    226.022    232.269     0.0046 1.0000e-12     0.1297  661223710    49.9779          0   1927.093   2998.672 0.0000e+00
   1910.000    35.1133    35.1046     4.3252     4.3273    226.231    232.308     0.0044 1.0000e-12     0.1291  661223718    50.1036          0   1932.174   3006.214 0.0000e+00
   1915.000    35.1109    35.1019     4.3062     4.3077    226.453    232.643     0.0072 1.0000e-12     0.1308  661223726    50.2385          0   1937.255   3014.309 0.0000e+00
   1920.000    35.1098    35.1010     4.2993     4.3019    226.300    232.527     0.0039 1.0000e-12     0.1292  661223734    50.3738          0   1942.336   3022.426 0.0000e+00
   1925.000    35.1078    35.0990     4.2797     4.2812    226.261    232.411     0.0063 1.0000e-12     0.1307  661223741    50.4840          0   1947.417   3029.040 0.0000e+00
   1930.000    35.1071    35.0980     4.2775     4.2783    226.260    232.209     0.0076 1.0000e-12     0.1299  661223749    50.6183          0   1952.499   3037.096 0.0000e+00
   1935.000    35.1038    35.0949     4.2489     4.2508    226.452    232.519     0.0063 1.0000e-12     0.1302  661223756    50.7318          0   1957.581   3043.906 0.0000e+00
   1940.000    35.1017    35.0931     4.2333     4.2381    227.084    233.088     0.0042 1.0000e-12     0.1282  661223765    50.8851          0   1962.662   3053.109 0.0000e+00
   1945.000    35.0992    35.0901     4.2109     4.2114    227.089    233.275     0.0032 1.0000e-12     0.1292  661223772    51.0033          0   1967.744   3060.197 0.0000e+00
   1950.000    35.0971    35.0883     4.1949     4.1965    227.038    233.336     0.0088 1.0000e-12     0.1301  661223780    51.1329          0   1972.826   3067.971 0.0000e+00
   1955.000    35.0954    35.0863     4.1828     4.1836    227.252    233.198     0.0056 1.0000e-12     0.1307  661223786    51.2302          0   1977.908   3073.814 0.0000e+00
   1960.000    35.0942    35.0853     4.1737     4.1754    227.383    233.659     0.0062 1.0000e-12     0.1287  661223795    51.3871          0   1982.990   3083.226 0.0000e+00
   1965.000    35.0921    35.0832     4.1528     4.1539    227.216    233.353     0.0040 1.0000e-12     0.1287  661223799    51.4558          0   1988.073   3087.347 0.0000e+00
   1970.000    35.0914    35.0825     4.1519     4.1533    227.384    233.720     0.0088 1.0000e-12     0.1292  661223809    51.6219          0   1993.155   3097.312 0.0000e+00
   1975.000    35.0903    35.0813     4.1410     4.1424    227.180    233.486     0.0066 1.0000e-12     0.1297  661223814    51.7084          0   1998.238   3102.505 0.0000e+00
   1980.000    35.0889    35.0800     4.1301     4.1305    227.200    233.543     0.0041 1.0000e-12     0.1307  661223822    51.8419          0   2003.321   3110.517 0.0000e+00
   1985.000    35.0874    35.0783     4.1167     4.1185    227.473    233.798     0.0076 1.0000e-12     0.1300  661223829    51.9597          0   2008.403   3117.583 0.0000e+00
   1990.000    35.0844    35.0755     4.0921     4.0935    227.451    233.611     0.0071 1.0000e-12     0.1308  661223836    52.0710          0   2013.486   3124.259 0.0000e+00
   1995.000    35.0836    35.0746     4.0883     4.0901    228.104    234.314     0.0031 1.0000e-12     0.1305  661223843    52.1904          0   2018.569   3131.425 0.0000e+00
   2000.000    35.0820    35.0732     4.0745     4.0759    228.178    234.255     0.0067 1.0000e-12     0.1306  661223851    52.3247          0   2023.653   3139.483 0.0000e+00
   2005.000    35.0809    35.0720     4.0645     4.0662    228.084    234.312     0.0012 1.0000e-12     0.1302  661223857    52.4225          0   2028.736   3145.351 0.0000e+00
   2010.000    35.0805    35.0717     4.0585     4.0601    227.992    234.063     0.0021 1.0000e-12     0.1293  661223866    52.5686          0   2033.819   3154.117 0.0000e+00
   2015.000    35.0802    35.0712     4.0535     4.0551    227.274    233.488     0.0073 1.0000e-12     0.1308  661223871    52.6523          0   2038.903   3159.139 0.0000e+00
   2020.000    35.0784    35.0695     4.0411     4.0413    227.369    233.555     0.0062 1.0000e-12     0.1298  661223880    52.8001          0   2043.986   3168.007 0.0000e+00
   2025.000    35.0752    35.0662     4.0143     4.0150    227.893    233.723     0.0035 1.0000e-12     0.1295  661223885    52.8909          0   2049.070   3173.455 0.0000e+00
   2030.000    35.0730    35.0639     4.0013     4.0009    228.640    235.144     0.0032 1.0000e-12     0.1288  661223894    53.0425          0   2054.154   3182.552 0.0000e+00
   2035.000    35.0717    35.0627     3.9896     3.9909    228.689    234.962     0.0038 1.0000e-12     0.1288  661223900    53.1363          0   2059.238   3188.180 0.0000e+00
   2040.000    35.0704    35.0615     3.9800     3.9814    228.779    234.929     0.0053 1.0000e-12     0.1299  661223908    53.2767          0   2064.322   3196.604 0.0000e+00
   2045.000    35.0689    35.0601     3.9655     3.9671    228.742    234.761     0.0092 1.0000e-12     0.1315  661223914    53.3639          0   2069.407   3201.836 0.0000e+00
   2050.000    35.0668    35.0579     3.9495     3.9491    228.915    235.134     0.0054 1.0000e-12     0.1295  661223923    53.5189          0   2074.491   3211.132 0.0000e+00
   2055.000    35.0659    35.0570     3.9399     3.9414    228.789    235.296     0.0079 1.0000e-12     0.1273  661223928    53.6033          0   2079.575   3216.196 0.0000e+00
   2060.000    35.0652    35.0562     3.9357     3.9369    229.154    235.456     0.0041 1.0000e-12     0.1298  661223936    53.7417          0   2084.660   3224.499 0.0000e+00
   2065.000    35.0649    35.0561     3.9273     3.9288    229.126    234.954     0.0080 1.0000e-12     0.1291  661223943    53.8547          0   2089.745   3231.283 0.0000e+00
   2070.000    35.0638    35.0549     3.9166     3.9182    228.903    235.202     0.0021 1.0000e-12     0.1304  661223950    53.9772          0   2094.830   3238.634 0.0000e+00
   2075.000    35.0623    35.0535     3.9011     3.9026    228.768    234.874     0.0076 1.0000e-12     0.1305  661223957    54.0914          0   2099.915   3245.482 0.0000e+00
   2080.000    35.0614    35.0522     3.8938     3.8935    228.913    235.030     0.0042 1.0000e-12     0.1285  661223965    54.2196          0   2105.000   3253.178 0.0000e+00
   2085.000    35.0603    35.0512     3.8803     3.8821    228.892    234.922     0.0056 1.0000e-12     0.1287  661223971    54.3232          0   2110.085   3259.394 0.0000e+00
   2090.000    35.0591    35.0502     3.8689     3.8699    228.776    234.874     0.0076 1.0000e-12     0.1295  661223980    54.4671          0   2115.170   3268.025 0.0000e+00
   2095.000    35.0579    35.0489     3.8559     3.8568    228.700    234.729     0.0008 1.0000e-12     0.1300  661223986    54.5698          0   2120.256   3274.190 0.0000e+00
   2100.000    35.0567    35.0477     3.8417     3.8430    228.623    234.811     0.0055 1.0000e-12     0.1299  661223993    54.6866          0   2125.341   3281.193 0.0000e+00
   2105.000    35.0557    35.0468     3.8346     3.8361    228.708    235.043     0.0086 1.0000e-12     0.1295  661224001    54.8166          0   2130.427   3288.996 0.0000e+00
   2110.000    35.0554    35.0465     3.8311     3.8325    228.528    234.885     0.0047 1.0000e-12     0.1297  661224007    54.9242          0   2135.513   3295.453 0.0000e+00
   2115.000    35.0548    35.0459     3.8186     3.8200    227.996    234.427     0.0032 1.0000e-12     0.1288  661224016    55.0623          0   2140.599   3303.741 0.0000e+00
   2120.000    35.0537    35.0447     3.8114     3.8129    228.053    233.955     0.0051 1.0000e-12     0.1293  661224021    55.1583          0   2145.685   3309.500 0.0000e+00
   2125.000    35.0525    35.0437     3.7996     3.8009    228.182    234.280     0.0081 1.0000e-12     0.1292  661224030    55.3066          0   2150.771   3318.395 0.0000e+00
   2130.000    35.0520    35.0430     3.7946     3.7964    228.026    234.078     0.0077 1.0000e-12     0.1290  661224035    55.3891          0   2155.857   3323.349 0.0000e+00
   2135.000    35.0514    35.0426     3.7910     3.7925    228.122    234.035     0.0040 1.0000e-12     0.1305  661224044    55.5376          0   2160.943   3332.255 0.0000e+00
   2140.000    35.0508    35.0419     3.7841     3.7853    227.781    234.126     0.0037 1.0000e-12     0.1302  661224050    55.6431          0   2166.030   3338.588 0.0000e+00
   2145.000    35.0501    35.0411     3.7777     3.7795    228.045    234.011     0.0037 1.0000e-12     0.1303  661224057    55.7618          0   2171.117   3345.706 0.0000e+00
   2150.000    35.0493    35.0404     3.7692     3.7708    227.899    233.802     0.0041 1.0000e-12     0.1297  661224065    55.8838          0   2176.203   3353.029 0.0000e+00
   2155.000    35.0490    35.0399     3.7628     3.7642    227.767    233.826     0.0104 1.0000e-12     0.1291  661224072    55.9957          0   2181.290   3359.739 0.0000e+00
   2160.000    35.0477    35.0389     3.7525     3.7538    227.527    233.442     0.0045 1.0000e-12     0.1310  661224080    56.1375          0   2186.377   3368.250 0.0000e+00
   2165.000    35.0471    35.0382     3.7455     3.7468    227.593    233.524     0.0035 1.0000e-12     0.1305  661224086    56.2300          0   2191.464   3373.798 0.0000e+00
   2170.000    35.0458    35.0370     3.7329     3.7345    227.675    233.577     0.0062 1.0000e-12     0.1308  661224094    56.3748          0   2196.552   3382.491 0.0000e+00
   2175.000    35.0454    35.0365     3.7235     3.7250    227.647    233.518     0.0088 1.0000e-12     0.1302  661224100    56.4633          0   2201.639   3387.797 0.0000e+00
   2180.000    35.0445    35.0356     3.7151     3.7167    227.178    233.252     0.0038 1.0000e-12     0.1292  661224108    56.6090          0   2206.726   3396.541 0.0000e+00
   2185.000    35.0432    35.0343     3.6990     3.7005    227.290    233.145     0.0033 1.0000e-12     0.1304  661224114    56.7081          0   2211.814   3402.484 0.0000e+00
   2190.000    35.0429    35.0340     3.6946     3.6957    226.894    232.748     0.0060 1.0000e-12     0.1296  661224122    56.8371          0   2216.902   3410.226 0.0000e+00
   2195.000    35.0421    35.0333     3.6827     3.6841    226.601    232.556     0.0118 1.0000e-12     0.1314  661224130    56.9771          0   2221.990   3418.627 0.0000e+00
   2200.000    35.0416    35.0327     3.6801     3.6818    226.366    232.356     0.0063 1.0000e-12     0.1298  661224136    57.0650          0   2227.078   3423.901 0.0000e+00
   2205.000    35.0417    35.0328     3.6750     3.6756    226.226    232.149     0.0064 1.0000e-12     0.1297  661224145    57.2252          0   2232.165   3433.511 0.0000e+00
   2210.000    35.0407    35.0318     3.6631     3.6645    225.710    231.726     0.0019 1.0000e-12     0.1310  661224149    57.2895          0   2237.254   3437.372 0.0000e+00
   2215.000    35.0401    35.0311     3.6594     3.6610    225.709    231.446     0.0043 1.0000e-12     0.1289  661224158    57.4378          0   2242.342   3446.265 0.0000e+00
   2220.000    35.0383    35.0295     3.6436     3.6450    225.763    231.606     0.0018 1.0000e-12     0.1295  661224164    57.5441          0   2247.431   3452.645 0.0000e+00
   2225.000    35.0374    35.0284     3.6347     3.6364    226.006    232.185     0.0051 1.3199e-04     0.1296  661224172    57.6682          0   2252.519   3460.092 0.0000e+00
   2230.000    35.0375    35.0285     3.6323     3.6340    225.715    231.898     0.0074 8.8270e-05     0.1295  661224179    57.7845          0   2257.608   3467.071 0.0000e+00
   2235.000    35.0372    35.0285     3.6270     3.6285    225.384    231.471     0.0068 -1.010e-05     0.1309  661224187    57.9260          0   2262.696   3475.562 0.0000e+00
   2240.000    35.0365    35.0277     3.6216     3.6232    225.245    231.199     0.0043 1.0000e-12     0.1307  661224193    58.0210          0   2267.785   3481.258 0.0000e+00
   2245.000    35.0349    35.0261     3.6062     3.6076    225.383    231.251     0.0063 1.0000e-12     0.1306  661224201    58.1511          0   2272.874   3489.067 0.0000e+00
   2250.000    35.0328    35.0240     3.5893     3.5906    225.842    231.506     0.0051 1.0000e-12     0.1295  661224208    58.2723          0   2277.963   3496.340 0.0000e+00
   2255.000    35.0324    35.0235     3.5870     3.5885    226.024    231.962     0.0021 1.0000e-12     0.1300  661224215    58.3865          0   2283.053   3503.190 0.0000e+00
   2260.000    35.0313    35.0225     3.5767     3.5780    226.228    232.042     0.0038 1.0000e-12     0.1299  661224223    58.5212          0   2288.142   3511.270 0.0000e+00
