data/UWS/Data_management/CTD_sensor_data/SO279_CTD_processed/SO279_69-1_CTD-05_processed.ros
* Sea-Bird SBE 9 Data File:
* FileName = D:\CTDData\SO279\SO279_69-1_CTD-05.hex
* Software Version Seasave V 7.26.1.8
* Temperature SN = 5938
* Conductivity SN = 4108
* Number of Bytes Per Scan = 41
* Number of Voltage Words = 4
* Number of Scans Averaged by the Deck Unit = 1
* NMEA Latitude = 33 17.59 N
* NMEA Longitude = 034 29.50 W
* NMEA UTC (Time) = Dec 20 2020  06:37:33
* NMEA baud rate = 4800
# nquan = 17
# nvalues = 1537                                  
# units = specified
# name 0 = depSM: Depth [salt water, m]
# name 1 = sal00: Salinity, Practical [PSU]
# name 2 = sal11: Salinity, Practical, 2 [PSU]
# name 3 = t090C: Temperature [ITS-90, deg C]
# name 4 = t190C: Temperature, 2 [ITS-90, deg C]
# name 5 = sbeox0Mm/L: Oxygen, SBE 43 [umol/l]
# name 6 = sbeox1Mm/L: Oxygen, SBE 43, 2 [umol/l]
# name 7 = flECO-AFL: Fluorescence, WET Labs ECO-AFL/FL [mg/m^3]
# name 8 = par: PAR/Irradiance, Biospherical/Licor
# name 9 = turbWETntu0: Turbidity, WET Labs ECO [NTU]
# name 10 = timeQ: Time, NMEA [seconds]
# name 11 = timeM: Time, Elapsed [minutes]
# name 12 = nbf: Bottles Fired
# name 13 = prDM: Pressure, Digiquartz [db]
# name 14 = timeS: Time, Elapsed [seconds]
# name 15 = scan: Scan Count
# name 16 = flag:  0.000e+00
# interval = seconds: 0.0416667
# start_time = Dec 20 2020 06:37:34 [NMEA time, first data scan]
# bad_flag = -9.990e-29
*END*
[from data line 341]
   3006.443    34.9520    34.9381     2.8703     2.8713    233.176    237.822     0.0062 1.0000e-12     0.1348  661767892   107.2986          5   3049.774   6437.917     154511  0.000e+00
   3006.364    34.9515    34.9377     2.8708     2.8717    233.192    237.647     0.0062 1.0000e-12     0.1348  661767892   107.2993          6   3049.692   6437.958     154512  0.000e+00
   3006.390    34.9516    34.9376     2.8707     2.8717    233.212    237.963     0.0136 1.0000e-12     0.1348  661767892   107.3000          6   3049.719   6438.000     154513  0.000e+00
   3006.390    34.9517    34.9379     2.8708     2.8716    233.293    237.609     0.0062 1.0000e-12     0.1348  661767892   107.3007          6   3049.719   6438.042     154514  0.000e+00
   3006.444    34.9518    34.9377     2.8708     2.8719    233.048    237.544     0.0062 1.0000e-12     0.1324  661767892   107.3014          6   3049.774   6438.083     154515  0.000e+00
   3006.390    34.9520    34.9378     2.8708     2.8715    233.395    237.867    -0.0011 1.0000e-12     0.1324  661767892   107.3021          6   3049.720   6438.125     154516  0.000e+00
   3006.417    34.9517    34.9382     2.8709     2.8716    233.086    237.903    -0.0011 1.0000e-12     0.1324  661767892   107.3028          6   3049.747   6438.167     154517  0.000e+00
   3006.390    34.9520    34.9378     2.8708     2.8719    233.106    237.837    -0.0011 1.0000e-12     0.1324  661767892   107.3035          6   3049.720   6438.208     154518  0.000e+00
   3006.391    34.9515    34.9374     2.8710     2.8719    233.064    237.769    -0.0011 1.0000e-12     0.1324  661767892   107.3042          6   3049.720   6438.250     154519  0.000e+00
   3006.391    34.9516    34.9380     2.8709     2.8717    233.022    237.697    -0.0011 1.0000e-12     0.1324  661767892   107.3049          6   3049.720   6438.292     154520  0.000e+00
   3006.364    34.9519    34.9375     2.8707     2.8719    232.980    237.720    -0.0011 1.0000e-12     0.1324  661767892   107.3056          6   3049.692   6438.333     154521  0.000e+00
   3006.444    34.9521    34.9377     2.8708     2.8717    233.005    237.747    -0.0011 1.0000e-12     0.1324  661767892   107.3063          6   3049.774   6438.375     154522  0.000e+00
   3006.337    34.9516    34.9378     2.8708     2.8718    233.029    237.767     0.0062 1.0000e-12     0.1324  661767892   107.3069          6   3049.665   6438.417     154523  0.000e+00
   3006.337    34.9516    34.9377     2.8707     2.8719    233.059    237.791    -0.0011 1.0000e-12     0.1324  661767892   107.3076          6   3049.665   6438.458     154524  0.000e+00
   3006.338    34.9519    34.9377     2.8706     2.8719    233.353    237.815    -0.0011 1.0000e-12     0.1324  661767892   107.3083          6   3049.665   6438.500     154525  0.000e+00
   3006.311    34.9516    34.9381     2.8705     2.8716    233.051    237.458    -0.0011 1.0000e-12     0.1324  661767892   107.3090          6   3049.638   6438.542     154526  0.000e+00
   3006.291    34.9514    34.9381     2.8703     2.8716    233.344    237.771    -0.0011 1.0000e-12     0.1324  661767892   107.3097          6   3049.618   6438.583     154527  0.000e+00
   3006.291    34.9518    34.9380     2.8699     2.8711    233.042    237.802    -0.0011 1.0000e-12     0.1324  661767892   107.3104          6   3049.618   6438.625     154528  0.000e+00
   3006.291    34.9516    34.9381     2.8697     2.8709    233.003    237.832    -0.0011 1.0000e-12     0.1324  661767893   107.3111          6   3049.618   6438.667     154529  0.000e+00
   3006.211    34.9513    34.9379     2.8695     2.8709    232.963    237.959    -0.0011 1.0000e-12     0.1324  661767893   107.3118          6   3049.536   6438.708     154530  0.000e+00
   3006.291    34.9514    34.9382     2.8694     2.8705    232.927    238.096    -0.0011 1.0000e-12     0.1324  661767893   107.3125          6   3049.618   6438.750     154531  0.000e+00
   3006.185    34.9515    34.9381     2.8695     2.8703    232.949    238.130    -0.0011 1.0000e-12     0.1324  661767893   107.3132          6   3049.509   6438.792     154532  0.000e+00
   3006.185    34.9521    34.9382     2.8691     2.8701    232.980    237.785    -0.0011 1.0000e-12     0.1324  661767893   107.3139          6   3049.509   6438.833     154533  0.000e+00
   3006.185    34.9520    34.9382     2.8693     2.8701    233.010    238.111    -0.0011 1.0000e-12     0.1324  661767893   107.3146          6   3049.509   6438.875     154534  0.000e+00
   3006.158    34.9524    34.9383     2.8692     2.8701    233.044    238.151    -0.0011 1.0000e-12     0.1324  661767893   107.3153          6   3049.482   6438.917     154535  0.000e+00
   3006.185    34.9520    34.9380     2.8697     2.8706    233.079    238.189     0.0062 1.0000e-12     0.1324  661767893   107.3160          6   3049.509   6438.958     154536  0.000e+00
   3006.085    34.9511    34.9381     2.8700     2.8711    233.115    237.840    -0.0011 1.0000e-12     0.1324  661767893   107.3167          6   3049.407   6439.000     154537  0.000e+00
   3006.085    34.9517    34.9380     2.8696     2.8714    233.093    237.785    -0.0011 1.0000e-12     0.1324  661767893   107.3174          6   3049.408   6439.042     154538  0.000e+00
   3006.058    34.9519    34.9377     2.8695     2.8714    233.135    237.737    -0.0011 1.0000e-12     0.1324  661767893   107.3181          6   3049.380   6439.083     154539  0.000e+00
   3006.085    34.9523    34.9381     2.8694     2.8714    232.786    237.693     0.0136 1.0000e-12     0.1348  661767893   107.3187          6   3049.408   6439.125     154540  0.000e+00
   3005.979    34.9521    34.9379     2.8699     2.8716    232.960    237.648     0.0209 1.0000e-12     0.1373  661767893   107.3194          6   3049.299   6439.167     154541  0.000e+00
   3005.925    34.9521    34.9379     2.8703     2.8717    232.869    237.609     0.0282 1.0000e-12     0.1373  661767893   107.3201          6   3049.244   6439.208     154542  0.000e+00
   3005.952    34.9519    34.9379     2.8703     2.8717    232.779    237.579     0.0209 1.0000e-12     0.1373  661767893   107.3208          6   3049.272   6439.250     154543  0.000e+00
   3005.925    34.9516    34.9381     2.8703     2.8716    232.753    237.550     0.0209 1.0000e-12     0.1373  661767893   107.3215          6   3049.245   6439.292     154544  0.000e+00
   3005.926    34.9519    34.9376     2.8702     2.8719    232.793    237.524     0.0282 1.0000e-12     0.1373  661767893   107.3222          6   3049.245   6439.333     154545  0.000e+00
   3005.879    34.9515    34.9381     2.8703     2.8716    232.833    237.886     0.0282 1.0000e-12     0.1373  661767893   107.3229          6   3049.197   6439.375     154546  0.000e+00
   3005.826    34.9518    34.9377     2.8703     2.8719    232.810    237.960     0.0282 1.0000e-12     0.1373  661767893   107.3236          6   3049.143   6439.417     154547  0.000e+00
   3005.799    34.9519    34.9383     2.8703     2.8717    232.854    238.035     0.0209 1.0000e-12     0.1373  661767893   107.3243          6   3049.115   6439.458     154548  0.000e+00
   3005.826    34.9518    34.9384     2.8706     2.8716    232.835    237.731     0.0282 1.0000e-12     0.1373  661767893   107.3250          6   3049.143   6439.500     154549  0.000e+00
   3005.719    34.9519    34.9378     2.8707     2.8718    232.812    238.093     0.0282 1.0000e-12     0.1373  661767893   107.3257          6   3049.034   6439.542     154550  0.000e+00
   3005.719    34.9516    34.9379     2.8710     2.8719    232.792    237.791     0.0282 1.0000e-12     0.1373  661767893   107.3264          6   3049.034   6439.583     154551  0.000e+00
   3005.693    34.9517    34.9382     2.8709     2.8717    233.168    238.161     0.0282 1.0000e-12     0.1373  661767893   107.3271          6   3049.007   6439.625     154552  0.000e+00
   3005.620    34.9520    34.9381     2.8708     2.8720    233.539    238.241     0.0282 1.0000e-12     0.1373  661767894   107.3278          6   3048.932   6439.667     154553  0.000e+00
   3005.620    34.9518    34.9378     2.8711     2.8719    233.312    238.327     0.0209 1.0000e-12     0.1373  661767894   107.3285          6   3048.932   6439.708     154554  0.000e+00
   3005.620    34.9521    34.9376     2.8708     2.8722    233.284    238.409     0.0282 1.0000e-12     0.1373  661767894   107.3292          6   3048.932   6439.750     154555  0.000e+00
   3005.540    34.9516    34.9382     2.8709     2.8720    232.985    238.391     0.0209 1.0000e-12     0.1373  661767894   107.3299          6   3048.851   6439.792     154556  0.000e+00
   3005.513    34.9516    34.9382     2.8710     2.8719    232.952    237.989     0.0282 1.0000e-12     0.1373  661767894   107.3306          7   3048.823   6439.833     154557  0.000e+00
   3005.513    34.9518    34.9377     2.8708     2.8720    232.921    237.872     0.0209 1.0000e-12     0.1373  661767894   107.3313          7   3048.823   6439.875     154558  0.000e+00
   3005.467    34.9518    34.9384     2.8711     2.8720    232.953    237.753     0.0282 1.0000e-12     0.1373  661767894   107.3319          7   3048.776   6439.917     154559  0.000e+00
   3005.387    34.9519    34.9383     2.8710     2.8719    232.988    237.635     0.0282 1.0000e-12     0.1373  661767894   107.3326          7   3048.694   6439.958     154560  0.000e+00
   3005.467    34.9518    34.9381     2.8711     2.8719    233.029    237.521     0.0282 1.0000e-12     0.1373  661767894   107.3333          7   3048.776   6440.000     154561  0.000e+00
   3005.360    34.9516    34.9381     2.8711     2.8722    233.068    237.500     0.0282 1.0000e-12     0.1373  661767894   107.3340          7   3048.667   6440.042     154562  0.000e+00
   3005.360    34.9520    34.9377     2.8710     2.8722    233.114    237.388     0.0209 1.0000e-12     0.1373  661767894   107.3347          7   3048.667   6440.083     154563  0.000e+00
   3005.280    34.9518    34.9381     2.8711     2.8719    233.421    237.657     0.0282 1.0000e-12     0.1373  661767894   107.3354          7   3048.586   6440.125     154564  0.000e+00
   3005.360    34.9518    34.9379     2.8711     2.8719    233.531    237.740     0.0209 1.0000e-12     0.1373  661767894   107.3361          7   3048.667   6440.167     154565  0.000e+00
   3005.207    34.9520    34.9381     2.8711     2.8719    233.240    237.433     0.0136 1.0000e-12     0.1324  661767894   107.3368          7   3048.511   6440.208     154566  0.000e+00
   3005.261    34.9522    34.9375     2.8708     2.8720    233.222    237.422     0.0062 1.0000e-12     0.1324  661767894   107.3375          7   3048.565   6440.250     154567  0.000e+00
   3005.234    34.9520    34.9376     2.8711     2.8720    233.198    237.413     0.0062 1.0000e-12     0.1324  661767894   107.3382          7   3048.538   6440.292     154568  0.000e+00
   3005.154    34.9518    34.9381     2.8711     2.8722    232.847    237.405     0.0062 1.0000e-12     0.1324  661767894   107.3389          7   3048.457   6440.333     154569  0.000e+00
   3005.154    34.9516    34.9382     2.8711     2.8720    233.093    237.023     0.0062 1.0000e-12     0.1324  661767894   107.3396          7   3048.457   6440.375     154570  0.000e+00
   3005.154    34.9523    34.9385     2.8708     2.8719    233.076    236.936     0.0062 1.0000e-12     0.1324  661767894   107.3403          7   3048.457   6440.417     154571  0.000e+00
   3005.074    34.9515    34.9376     2.8711     2.8720    233.054    237.235     0.0136 1.0000e-12     0.1324  661767894   107.3410          7   3048.375   6440.458     154572  0.000e+00
   3005.101    34.9521    34.9377     2.8710     2.8722    233.037    237.255     0.0136 1.0000e-12     0.1324  661767894   107.3417          7   3048.402   6440.500     154573  0.000e+00
   3005.001    34.9521    34.9381     2.8711     2.8719    233.080    237.278     0.0062 1.0000e-12     0.1324  661767894   107.3424          7   3048.300   6440.542     154574  0.000e+00
   3005.101    34.9518    34.9383     2.8711     2.8720    233.396    237.207     0.0136 1.0000e-12     0.1324  661767894   107.3431          7   3048.402   6440.583     154575  0.000e+00
   3004.975    34.9516    34.9381     2.8711     2.8722    233.176    237.231     0.0136 1.0000e-12     0.1324  661767894   107.3438          7   3048.273   6440.625     154576  0.000e+00
   3005.001    34.9518    34.9374     2.8710     2.8722    233.161    237.264     0.0062 1.0000e-12     0.1324  661767895   107.3444          7   3048.300   6440.667     154577  0.000e+00
   3004.948    34.9513    34.9379     2.8712     2.8719    233.142    237.683     0.0136 1.0000e-12     0.1324  661767895   107.3451          7   3048.246   6440.708     154578  0.000e+00
   3004.948    34.9521    34.9381     2.8710     2.8720    233.127    237.432     0.0062 1.0000e-12     0.1324  661767895   107.3458          7   3048.246   6440.750     154579  0.000e+00
   3004.922    34.9521    34.9379     2.8710     2.8720    233.110    237.471     0.0062 1.0000e-12     0.1324  661767895   107.3465          7   3048.219   6440.792     154580  0.000e+00
   3004.902    34.9517    34.9380     2.8712     2.8719    233.093    237.133     0.0062 1.0000e-12     0.1324  661767895   107.3472          7   3048.199   6440.833     154581  0.000e+00
   3004.902    34.9520    34.9379     2.8710     2.8720    233.078    237.370     0.0062 1.0000e-12     0.1324  661767895   107.3479          7   3048.199   6440.875     154582  0.000e+00
   3004.848    34.9518    34.9381     2.8711     2.8719    233.060    237.422     0.0136 1.0000e-12     0.1324  661767895   107.3486          7   3048.144   6440.917     154583  0.000e+00
   3004.868    34.9519    34.9376     2.8713     2.8720    233.043    237.478     0.0136 1.0000e-12     0.1324  661767895   107.3493          7   3048.165   6440.958     154584  0.000e+00
   3004.849    34.9522    34.9376     2.8711     2.8722    233.028    237.537     0.0136 1.0000e-12     0.1324  661767895   107.3500          7   3048.144   6441.000     154585  0.000e+00
   3004.849    34.9518    34.9378     2.8712     2.8719    233.340    237.502     0.0062 1.0000e-12     0.1324  661767895   107.3507          7   3048.144   6441.042     154586  0.000e+00
   3004.742    34.9518    34.9378     2.8711     2.8720    233.054    237.462     0.0062 1.0000e-12     0.1324  661767895   107.3514          7   3048.036   6441.083     154587  0.000e+00
   3004.822    34.9517    34.9381     2.8712     2.8719    233.037    237.429     0.0136 1.0000e-12     0.1324  661767895   107.3521          7   3048.117   6441.125     154588  0.000e+00
   3004.795    34.9521    34.9383     2.8710     2.8717    232.953    237.393     0.0062 1.0000e-12     0.1324  661767895   107.3528          7   3048.090   6441.167     154589  0.000e+00
   3004.742    34.9516    34.9381     2.8711     2.8720    232.930    237.353     0.0136 1.0000e-12     0.1324  661767895   107.3535          7   3048.036   6441.208     154590  0.000e+00
   3004.742    34.9520    34.9386     2.8711     2.8717    232.909    237.318     0.0136 1.0000e-12     0.1324  661767895   107.3542          7   3048.036   6441.250     154591  0.000e+00
   3004.822    34.9521    34.9380     2.8710     2.8720    233.219    237.283     0.0062 1.0000e-12     0.1348  661767895   107.3549          7   3048.117   6441.292     154592  0.000e+00
   3004.696    34.9516    34.9380     2.8714     2.8720    232.924    237.243     0.0062 1.0000e-12     0.1348  661767895   107.3556          7   3047.988   6441.333     154593  0.000e+00
   3004.696    34.9523    34.9380     2.8710     2.8720    232.902    237.589     0.0062 1.0000e-12     0.1348  661767895   107.3563          7   3047.988   6441.375     154594  0.000e+00
