data/UWS/Data_management/CTD_sensor_data/SO279_CTD_processed/SO279_22-1_CTD-02_processed_DepthAVG.cnv
* Sea-Bird SBE 9 Data File:
* FileName = D:\CTDData\SO279\SO279_22-1_CTD-01.hex
* Software Version Seasave V 7.26.1.8
* Temperature SN = 5938
* Conductivity SN = 4108
* Number of Bytes Per Scan = 41
* Number of Voltage Words = 4
* Number of Scans Averaged by the Deck Unit = 1
* NMEA Latitude = 31 16.05 N
* NMEA Longitude = 024 48.73 W
* NMEA UTC (Time) = Dec 14 2020  00:25:11
* NMEA baud rate = 4800
# nquan = 16
# nvalues = 1081                        
# units = specified
# name 0 = depSM: Depth [salt water, m]
# name 1 = sal00: Salinity, Practical [PSU]
# name 2 = sal11: Salinity, Practical, 2 [PSU]
# name 3 = t090C: Temperature [ITS-90, deg C]
# name 4 = t190C: Temperature, 2 [ITS-90, deg C]
# name 5 = sbeox0Mm/L: Oxygen, SBE 43 [umol/l]
# name 6 = sbeox1Mm/L: Oxygen, SBE 43, 2 [umol/l]
# name 7 = flECO-AFL: Fluorescence, WET Labs ECO-AFL/FL [mg/m^3]
# name 8 = par: PAR/Irradiance, Biospherical/Licor
# name 9 = turbWETntu0: Turbidity, WET Labs ECO [NTU]
# name 10 = timeQ: Time, NMEA [seconds]
# name 11 = timeM: Time, Elapsed [minutes]
# name 12 = nbf: Bottles Fired
# name 13 = prDM: Pressure, Digiquartz [db]
# name 14 = timeS: Time, Elapsed [seconds]
# name 15 = flag: flag
# span 0 =     10.000,   5410.000       
# span 1 =    32.0260,    37.1133       
# span 2 =    34.5735,    37.0141       
# span 3 =     2.4184,    20.7617       
# span 4 =     2.4194,    20.7620       
# span 5 =    169.142,    229.154       
# span 6 =    162.350,    235.456       
# span 7 =    -0.0619,     0.2376       
# span 8 = -2.304e-05, 8.7528e-04       
# span 9 =     0.1201,     0.1396       
# span 10 =  661220751,  661229207      
# span 11 =     0.6521,   141.5810      
# span 12 =          0,          3      
# span 13 =     10.070,   5517.682      
# span 14 =     39.126,   8494.858      
# span 15 = 0.0000e+00, 0.0000e+00      
# interval = meters: 5                  
# start_time = Dec 14 2020 00:25:12 [NMEA time, first data scan]
# bad_flag = -9.990e-29
*END*
[from data line 904]
   4530.000    34.9037    34.8946     2.4262     2.4271    226.440    229.465     0.0062 1.0000e-12     0.1281  661227715   116.7151          0   4610.847   7002.907 0.0000e+00
   4535.000    34.9036    34.8944     2.4260     2.4270    226.513    229.296     0.0079 1.0000e-12     0.1279  661227725   116.8818          0   4615.989   7012.909 0.0000e+00
   4540.000    34.9035    34.8944     2.4251     2.4260    226.408    229.339     0.0063 1.0000e-12     0.1288  661227731   116.9865          0   4621.132   7019.187 0.0000e+00
   4545.000    34.9034    34.8942     2.4251     2.4261    226.477    229.324     0.0050 1.0000e-12     0.1275  661227742   117.1621          0   4626.275   7029.726 0.0000e+00
   4550.000    34.9033    34.8941     2.4249     2.4258    226.454    229.318     0.0066 1.0000e-12     0.1269  661227749   117.2802          0   4631.417   7036.812 0.0000e+00
   4555.000    34.9032    34.8940     2.4239     2.4249    226.417    229.372     0.0050 1.0000e-12     0.1278  661227757   117.4131          0   4636.560   7044.788 0.0000e+00
   4560.000    34.9031    34.8939     2.4238     2.4248    226.513    229.305     0.0019 1.0000e-12     0.1269  661227766   117.5671          0   4641.703   7054.024 0.0000e+00
   4565.000    34.9029    34.8938     2.4236     2.4246    226.420    229.211     0.0026 1.0000e-12     0.1290  661227773   117.6900          0   4646.847   7061.398 0.0000e+00
   4570.000    34.9029    34.8937     2.4236     2.4246    226.532    229.171     0.0045 1.0000e-12     0.1274  661227782   117.8407          0   4651.990   7070.441 0.0000e+00
   4575.000    34.9028    34.8937     2.4230     2.4239    226.454    229.400     0.0046 1.0000e-12     0.1271  661227790   117.9660          0   4657.133   7077.961 0.0000e+00
   4580.000    34.9027    34.8935     2.4232     2.4242    226.651    229.159     0.0094 1.0000e-12     0.1283  661227799   118.1277          0   4662.277   7087.660 0.0000e+00
   4585.000    34.9027    34.8935     2.4225     2.4235    226.401    229.057     0.0051 1.0000e-12     0.1282  661227805   118.2183          0   4667.420   7093.095 0.0000e+00
   4590.000    34.9026    34.8935     2.4229     2.4238    226.394    229.478     0.0026 1.0000e-12     0.1281  661227815   118.3928          0   4672.564   7103.566 0.0000e+00
   4595.000    34.9025    34.8933     2.4230     2.4240    226.491    229.296     0.0094 1.0000e-12     0.1287  661227823   118.5209          0   4677.708   7111.253 0.0000e+00
   4600.000    34.9024    34.8932     2.4212     2.4221    226.555    229.073     0.0051 1.0000e-12     0.1284  661227831   118.6590          0   4682.852   7119.537 0.0000e+00
   4605.000    34.9023    34.8930     2.4217     2.4226    226.531    229.451     0.0096 1.0000e-12     0.1283  661227841   118.8227          0   4687.996   7129.363 0.0000e+00
   4610.000    34.9022    34.8929     2.4213     2.4222    226.585    229.314     0.0072 1.0000e-12     0.1275  661227848   118.9386          0   4693.140   7136.314 0.0000e+00
   4615.000    34.9021    34.8930     2.4205     2.4213    226.545    229.235     0.0062 1.0000e-12     0.1287  661227858   119.1050          0   4698.285   7146.302 0.0000e+00
   4620.000    34.9020    34.8928     2.4207     2.4217    226.618    229.348     0.0044 1.0000e-12     0.1283  661227865   119.2145          0   4703.429   7152.869 0.0000e+00
   4625.000    34.9019    34.8928     2.4202     2.4211    226.577    229.332     0.0074 1.0000e-12     0.1276  661227874   119.3619          0   4708.574   7161.715 0.0000e+00
   4630.000    34.9018    34.8926     2.4204     2.4213    226.584    229.329     0.0095 1.0000e-12     0.1272  661227881   119.4932          0   4713.718   7169.590 0.0000e+00
   4635.000    34.9018    34.8927     2.4204     2.4213    226.637    229.188     0.0070 1.0000e-12     0.1290  661227890   119.6356          0   4718.863   7178.136 0.0000e+00
   4640.000    34.9017    34.8925     2.4201     2.4210    226.624    229.504     0.0096 1.0000e-12     0.1259  661227898   119.7686          0   4724.008   7186.114 0.0000e+00
   4645.000    34.9016    34.8924     2.4200     2.4209    226.689    229.254     0.0104 1.0000e-12     0.1276  661227907   119.9159          0   4729.153   7194.953 0.0000e+00
   4650.000    34.9016    34.8925     2.4194     2.4203    226.591    229.227     0.0063 1.0000e-12     0.1276  661227915   120.0541          0   4734.298   7203.244 0.0000e+00
   4655.000    34.9014    34.8922     2.4200     2.4210    226.703    229.433     0.0087 1.0000e-12     0.1269  661227924   120.1957          0   4739.443   7211.742 0.0000e+00
   4660.000    34.9013    34.8921     2.4199     2.4207    226.669    229.236     0.0097 1.0000e-12     0.1270  661227931   120.3171          0   4744.589   7219.025 0.0000e+00
   4665.000    34.9012    34.8920     2.4194     2.4203    226.680    229.277     0.0112 1.0000e-12     0.1272  661227940   120.4630          0   4749.734   7227.778 0.0000e+00
   4670.000    34.9012    34.8921     2.4189     2.4198    226.615    229.281     0.0069 1.0000e-12     0.1272  661227948   120.6113          0   4754.880   7236.680 0.0000e+00
   4675.000    34.9011    34.8919     2.4190     2.4200    226.685    229.336     0.0104 1.0000e-12     0.1275  661227956   120.7378          0   4760.025   7244.266 0.0000e+00
   4680.000    34.9010    34.8918     2.4184     2.4194    226.704    229.292     0.0078 1.0000e-12     0.1279  661227965   120.8816          0   4765.171   7252.897 0.0000e+00
   4685.000    34.9009    34.8917     2.4184     2.4194    226.696    229.347     0.0093 1.0000e-12     0.1289  661227973   121.0130          0   4770.317   7260.778 0.0000e+00
   4690.000    34.9009    34.8917     2.4188     2.4197    226.700    229.440     0.0078 1.0000e-12     0.1272  661227981   121.1602          0   4775.463   7269.612 0.0000e+00
   4695.000    34.9008    34.8917     2.4185     2.4194    226.677    229.365     0.0102 1.0000e-12     0.1259  661227990   121.2963          0   4780.609   7277.777 0.0000e+00
   4700.000    34.9008    34.8915     2.4193     2.4203    226.780    229.242     0.0063 1.0000e-12     0.1278  661227998   121.4449          0   4785.756   7286.694 0.0000e+00
   4705.000    34.9007    34.8915     2.4191     2.4201    226.507    229.469     0.0020 1.0000e-12     0.1282  661228004   121.5388          0   4790.902   7292.327 0.0000e+00
   4710.000    34.9006    34.8915     2.4191     2.4201    226.617    229.299     0.0069 1.0000e-12     0.1291  661228013   121.6934          0   4796.049   7301.605 0.0000e+00
   4715.000    34.9005    34.8913     2.4188     2.4196    226.752    229.293     0.0069 1.0000e-12     0.1306  661228023   121.8597          0   4801.195   7311.582 0.0000e+00
   4720.000    34.9005    34.8913     2.4191     2.4201    226.722    229.192     0.0132 1.0000e-12     0.1275  661228030   121.9777          0   4806.342   7318.662 0.0000e+00
   4725.000    34.9005    34.8913     2.4193     2.4202    226.788    229.260     0.0106 1.0000e-12     0.1284  661228040   122.1331          0   4811.489   7327.984 0.0000e+00
   4730.000    34.9004    34.8913     2.4193     2.4201    226.698    229.550     0.0057 1.0000e-12     0.1287  661228047   122.2462          0   4816.636   7334.772 0.0000e+00
   4735.000    34.9004    34.8912     2.4198     2.4209    226.832    229.214     0.0085 1.0000e-12     0.1269  661228056   122.4079          0   4821.783   7344.477 0.0000e+00
   4740.000    34.9003    34.8912     2.4193     2.4202    226.681    229.211     0.0126 1.0000e-12     0.1288  661228062   122.4982          0   4826.930   7349.892 0.0000e+00
   4745.000    34.9002    34.8911     2.4197     2.4206    226.722    229.093     0.0049 1.0000e-12     0.1276  661228072   122.6640          0   4832.077   7359.842 0.0000e+00
   4750.000    34.9001    34.8910     2.4198     2.4208    226.821    229.243     0.0042 1.0000e-12     0.1285  661228080   122.8096          0   4837.225   7368.574 0.0000e+00
   4755.000    34.9001    34.8909     2.4198     2.4208    226.758    229.180     0.0074 1.0000e-12     0.1277  661228089   122.9470          0   4842.372   7376.822 0.0000e+00
   4760.000    34.9000    34.8909     2.4192     2.4202    226.682    229.335     0.0062 1.0000e-12     0.1269  661228097   123.0919          0   4847.520   7385.513 0.0000e+00
   4765.000    34.8999    34.8907     2.4195     2.4205    226.776    229.351     0.0122 1.0000e-12     0.1277  661228105   123.2285          0   4852.667   7393.709 0.0000e+00
   4770.000    34.8999    34.8907     2.4195     2.4205    226.722    229.094     0.0074 1.0000e-12     0.1270  661228114   123.3704          0   4857.815   7402.221 0.0000e+00
   4775.000    34.8998    34.8906     2.4198     2.4208    226.797    229.275     0.0077 1.0000e-12     0.1268  661228122   123.5083          0   4862.963   7410.499 0.0000e+00
   4780.000    34.8998    34.8906     2.4200     2.4209    226.813    229.239     0.0079 1.0000e-12     0.1267  661228131   123.6604          0   4868.111   7419.623 0.0000e+00
   4785.000    34.8997    34.8905     2.4199     2.4209    226.771    229.395     0.0088 1.0000e-12     0.1275  661228139   123.7849          0   4873.260   7427.095 0.0000e+00
   4790.000    34.8996    34.8904     2.4199     2.4209    226.906    229.282     0.0042 1.0000e-12     0.1272  661228149   123.9565          0   4878.408   7437.391 0.0000e+00
   4795.000    34.8996    34.8903     2.4204     2.4214    226.849    229.275     0.0121 1.0000e-12     0.1281  661228157   124.0799          0   4883.556   7444.796 0.0000e+00
   4800.000    34.8996    34.8905     2.4205     2.4214    226.711    229.065     0.0080 1.0000e-12     0.1287  661228166   124.2360          0   4888.705   7454.161 0.0000e+00
   4805.000    34.8995    34.8902     2.4208     2.4219    226.851    229.328     0.0100 1.0000e-12     0.1290  661228173   124.3604          0   4893.854   7461.627 0.0000e+00
   4810.000    34.8994    34.8902     2.4208     2.4218    226.749    228.978     0.0064 1.0000e-12     0.1279  661228182   124.4978          0   4899.002   7469.870 0.0000e+00
   4815.000    34.8994    34.8902     2.4213     2.4223    226.900    229.250     0.0109 1.0000e-12     0.1278  661228191   124.6542          0   4904.151   7479.254 0.0000e+00
   4820.000    34.8994    34.8902     2.4214     2.4223    226.672    229.286     0.0038 1.0000e-12     0.1285  661228198   124.7762          0   4909.300   7486.572 0.0000e+00
   4825.000    34.8993    34.8900     2.4216     2.4226    226.950    229.248     0.0107 1.0000e-12     0.1277  661228208   124.9304          0   4914.449   7495.822 0.0000e+00
   4830.000    34.8993    34.8901     2.4217     2.4227    226.810    229.261     0.0099 1.0000e-12     0.1285  661228216   125.0626          0   4919.599   7503.756 0.0000e+00
   4835.000    34.8992    34.8900     2.4220     2.4229    226.869    229.249     0.0108 1.0000e-12     0.1276  661228225   125.2132          0   4924.748   7512.791 0.0000e+00
   4840.000    34.8992    34.8899     2.4223     2.4233    226.904    229.188     0.0100 1.0000e-12     0.1276  661228233   125.3536          0   4929.898   7521.214 0.0000e+00
   4845.000    34.8992    34.8900     2.4227     2.4237    226.727    229.280     0.0100 1.0000e-12     0.1267  661228241   125.4933          0   4935.047   7529.599 0.0000e+00
   4850.000    34.8991    34.8898     2.4232     2.4242    226.955    229.227     0.0050 1.0000e-12     0.1277  661228251   125.6507          0   4940.197   7539.041 0.0000e+00
   4855.000    34.8991    34.8898     2.4235     2.4245    226.853    229.241     0.0089 1.0000e-12     0.1278  661228258   125.7629          0   4945.347   7545.775 0.0000e+00
   4860.000    34.8991    34.8898     2.4236     2.4245    226.922    229.282     0.0073 1.0000e-12     0.1278  661228268   125.9384          0   4950.497   7556.303 0.0000e+00
   4865.000    34.8990    34.8897     2.4240     2.4250    226.918    229.233     0.0080 1.0000e-12     0.1280  661228275   126.0459          0   4955.647   7562.754 0.0000e+00
   4870.000    34.8990    34.8897     2.4241     2.4251    226.987    229.347     0.0086 1.0000e-12     0.1271  661228285   126.2220          0   4960.797   7573.317 0.0000e+00
   4875.000    34.8989    34.8896     2.4243     2.4253    226.876    229.370     0.0082 1.0000e-12     0.1280  661228292   126.3338          0   4965.947   7580.028 0.0000e+00
   4880.000    34.8989    34.8896     2.4245     2.4254    226.900    229.148     0.0106 1.0000e-12     0.1272  661228302   126.4973          0   4971.097   7589.838 0.0000e+00
   4885.000    34.8988    34.8895     2.4250     2.4260    226.881    229.124     0.0087 1.0000e-12     0.1283  661228309   126.6198          0   4976.248   7597.190 0.0000e+00
   4890.000    34.8988    34.8896     2.4254     2.4263    226.955    229.257     0.0133 1.0000e-12     0.1276  661228319   126.7848          0   4981.398   7607.086 0.0000e+00
   4895.000    34.8987    34.8894     2.4256     2.4266    226.975    229.113     0.0074 1.0000e-12     0.1280  661228326   126.9108          0   4986.549   7614.647 0.0000e+00
   4900.000    34.8986    34.8894     2.4256     2.4266    226.953    229.109     0.0090 1.0000e-12     0.1280  661228335   127.0465          0   4991.700   7622.793 0.0000e+00
   4905.000    34.8987    34.8895     2.4259     2.4268    227.007    229.686     0.0061 1.0000e-12     0.1297  661228345   127.2193          0   4996.851   7633.161 0.0000e+00
   4910.000    34.8986    34.8893     2.4262     2.4272    226.967    229.339     0.0105 1.0000e-12     0.1281  661228352   127.3314          0   5002.002   7639.884 0.0000e+00
   4915.000    34.8986    34.8893     2.4262     2.4272    226.963    229.165     0.0090 1.0000e-12     0.1270  661228360   127.4730          0   5007.153   7648.381 0.0000e+00
   4920.000    34.8985    34.8892     2.4266     2.4277    227.025    229.379     0.0116 1.0000e-12     0.1277  661228369   127.6174          0   5012.304   7657.042 0.0000e+00
   4925.000    34.8985    34.8892     2.4267     2.4276    227.074    229.238     0.0094 1.0000e-12     0.1303  661228378   127.7674          0   5017.456   7666.043 0.0000e+00
   4930.000    34.8984    34.8890     2.4272     2.4282    226.982    229.043     0.0155 1.0000e-12     0.1292  661228386   127.8966          0   5022.607   7673.798 0.0000e+00
   4935.000    34.8984    34.8891     2.4276     2.4286    227.017    229.247     0.0065 1.0000e-12     0.1271  661228395   128.0555          0   5027.759   7683.331 0.0000e+00
   4940.000    34.8983    34.8890     2.4279     2.4289    226.967    229.197     0.0108 1.0000e-12     0.1283  661228402   128.1741          0   5032.911   7690.443 0.0000e+00
   4945.000    34.8984    34.8891     2.4286     2.4296    227.120    229.271     0.0093 1.0000e-12     0.1283  661228413   128.3571          0   5038.063   7701.427 0.0000e+00
   4950.000    34.8984    34.8890     2.4292     2.4302    227.009    229.016     0.0104 1.0000e-12     0.1282  661228420   128.4681          0   5043.215   7708.088 0.0000e+00
   4955.000    34.8983    34.8890     2.4290     2.4302    227.005    229.392     0.0087 1.0000e-12     0.1282  661228428   128.5967          0   5048.367   7715.799 0.0000e+00
   4960.000    34.8982    34.8889     2.4291     2.4302    227.089    229.125     0.0141 1.0000e-12     0.1286  661228437   128.7506          0   5053.519   7725.036 0.0000e+00
   4965.000    34.8982    34.8889     2.4294     2.4304    226.988    229.474     0.0080 1.0000e-12     0.1272  661228446   128.9105          0   5058.671   7734.629 0.0000e+00
   4970.000    34.8981    34.8888     2.4301     2.4311    227.042    229.269     0.0086 1.0000e-12     0.1282  661228454   129.0350          0   5063.824   7742.099 0.0000e+00
   4975.000    34.8982    34.8889     2.4303     2.4313    227.142    229.163     0.0092 1.0000e-12     0.1289  661228462   129.1763          0   5068.976   7750.577 0.0000e+00
