data/UWS/Data_management/CTD_sensor_data/SO279_CTD_processed/SO279_36-1_CTD-03_processed_DepthAVG.cnv
* Sea-Bird SBE 9 Data File:
* FileName = D:\CTDData\SO279\SO279_36-1_CTD-01.hex
* Software Version Seasave V 7.26.1.8
* Temperature SN = 5938
* Conductivity SN = 4108
* Number of Bytes Per Scan = 41
* Number of Voltage Words = 4
* Number of Scans Averaged by the Deck Unit = 1
* NMEA Latitude = 30 53.53 N
* NMEA Longitude = 029 18.84 W
* NMEA UTC (Time) = Dec 16 2020  05:18:34
* NMEA baud rate = 4800
# nquan = 16
# nvalues = 851                         
# units = specified
# name 0 = depSM: Depth [salt water, m]
# name 1 = sal00: Salinity, Practical [PSU]
# name 2 = sal11: Salinity, Practical, 2 [PSU]
# name 3 = t090C: Temperature [ITS-90, deg C]
# name 4 = t190C: Temperature, 2 [ITS-90, deg C]
# name 5 = sbeox0Mm/L: Oxygen, SBE 43 [umol/l]
# name 6 = sbeox1Mm/L: Oxygen, SBE 43, 2 [umol/l]
# name 7 = flECO-AFL: Fluorescence, WET Labs ECO-AFL/FL [mg/m^3]
# name 8 = par: PAR/Irradiance, Biospherical/Licor
# name 9 = turbWETntu0: Turbidity, WET Labs ECO [NTU]
# name 10 = timeQ: Time, NMEA [seconds]
# name 11 = timeM: Time, Elapsed [minutes]
# name 12 = nbf: Bottles Fired
# name 13 = prDM: Pressure, Digiquartz [db]
# name 14 = timeS: Time, Elapsed [seconds]
# name 15 = flag: flag
# span 0 =     10.000,   4260.000       
# span 1 =    14.2957,    41.1551       
# span 2 =    24.8152,    38.9198       
# span 3 =     2.4593,    20.6328       
# span 4 =     2.4585,    20.6298       
# span 5 =    101.452,    235.477       
# span 6 =     97.395,    240.704       
# span 7 =    -0.0567,     0.2292       
# span 8 = 1.0000e-12, 5.7773e-04       
# span 9 =     0.1218,     0.1400       
# span 10 =  661411024,  661417765      
# span 11 =    -1.5072,   110.8375      
# span 12 =          0,          4      
# span 13 =     10.069,   4333.190      
# span 14 =    -90.430,   6650.247      
# span 15 = 0.0000e+00, 0.0000e+00      
# interval = meters: 5                  
# start_time = Dec 16 2020 05:18:35 [NMEA time, first data scan]
# bad_flag = -9.990e-29
*END*
[from data line 362]
   1820.000    35.1019    35.0936     4.3609     4.3620    228.539    234.118     0.0056 1.0000e-12     0.1303  661414030    48.5837          0   1840.677   2915.023 0.0000e+00
   1825.000    35.0990    35.0906     4.3389     4.3407    228.930    234.406     0.0050 1.0000e-12     0.1303  661414037    48.6968          0   1845.756   2921.807 0.0000e+00
   1830.000    35.0967    35.0885     4.3201     4.3215    228.843    234.383     0.0067 1.0000e-12     0.1313  661414045    48.8309          0   1850.835   2929.853 0.0000e+00
   1835.000    35.0972    35.0888     4.3204     4.3220    229.125    234.500     0.0048 5.2886e-07     0.1307  661414052    48.9469          0   1855.914   2936.814 0.0000e+00
   1840.000    35.0965    35.0882     4.3128     4.3142    228.910    234.217     0.0033 1.2080e-08     0.1300  661414059    49.0755          0   1860.993   2944.530 0.0000e+00
   1845.000    35.0956    35.0873     4.3057     4.3072    229.030    234.368     0.0068 7.6981e-06     0.1299  661414067    49.2037          0   1866.072   2952.219 0.0000e+00
   1850.000    35.0939    35.0856     4.2896     4.2911    229.116    234.438     0.0025 1.3577e-05     0.1338  661414074    49.3248          0   1871.152   2959.486 0.0000e+00
   1855.000    35.0929    35.0845     4.2837     4.2852    229.447    234.770     0.0092 2.7628e-05     0.1297  661414082    49.4583          0   1876.231   2967.499 0.0000e+00
   1860.000    35.0921    35.0836     4.2774     4.2787    229.433    234.933     0.0081 1.4851e-06     0.1332  661414089    49.5775          0   1881.311   2974.652 0.0000e+00
   1865.000    35.0911    35.0829     4.2722     4.2737    229.606    234.831     0.0067 1.0000e-12     0.1303  661414097    49.7063          0   1886.391   2982.377 0.0000e+00
   1870.000    35.0878    35.0795     4.2462     4.2479    229.629    235.217     0.0073 1.0000e-12     0.1303  661414105    49.8359          0   1891.471   2990.156 0.0000e+00
   1875.000    35.0842    35.0759     4.2195     4.2209    230.120    235.387     0.0077 1.0000e-12     0.1301  661414112    49.9513          0   1896.551   2997.078 0.0000e+00
   1880.000    35.0828    35.0745     4.2108     4.2121    230.469    235.947     0.0053 1.0000e-12     0.1300  661414120    50.0905          0   1901.631   3005.433 0.0000e+00
   1885.000    35.0802    35.0719     4.1884     4.1898    230.587    235.983     0.0056 1.0000e-12     0.1296  661414127    50.2039          0   1906.711   3012.235 0.0000e+00
   1890.000    35.0785    35.0702     4.1773     4.1788    230.855    236.347     0.0108 1.0000e-12     0.1307  661414135    50.3431          0   1911.791   3020.586 0.0000e+00
   1895.000    35.0760    35.0677     4.1561     4.1575    231.070    236.670     0.0079 1.0000e-12     0.1303  661414142    50.4566          0   1916.872   3027.393 0.0000e+00
   1900.000    35.0743    35.0659     4.1424     4.1437    231.101    236.897     0.0054 1.0000e-12     0.1313  661414150    50.5948          0   1921.953   3035.689 0.0000e+00
   1905.000    35.0710    35.0627     4.1179     4.1191    231.633    237.023     0.0070 1.0000e-12     0.1312  661414158    50.7144          0   1927.033   3042.865 0.0000e+00
   1910.000    35.0704    35.0620     4.1124     4.1137    231.798    237.147     0.0061 1.0000e-12     0.1296  661414165    50.8424          0   1932.114   3050.544 0.0000e+00
   1915.000    35.0704    35.0621     4.1100     4.1112    231.548    237.143     0.0088 1.0000e-12     0.1306  661414173    50.9661          0   1937.195   3057.965 0.0000e+00
   1920.000    35.0680    35.0596     4.0933     4.0941    231.638    237.069     0.0049 1.0000e-12     0.1303  661414181    51.0984          0   1942.276   3065.907 0.0000e+00
   1925.000    35.0650    35.0567     4.0718     4.0732    232.063    237.346     0.0058 1.0000e-12     0.1305  661414188    51.2128          0   1947.357   3072.769 0.0000e+00
   1930.000    35.0636    35.0553     4.0635     4.0649    232.528    238.045     0.0010 1.0000e-12     0.1307  661414196    51.3539          0   1952.439   3081.235 0.0000e+00
   1935.000    35.0658    35.0575     4.0752     4.0768    232.261    238.083     0.0035 1.0000e-12     0.1304  661414203    51.4624          0   1957.520   3087.744 0.0000e+00
   1940.000    35.0658    35.0575     4.0718     4.0731    231.692    236.892     0.0041 1.0000e-12     0.1308  661414211    51.6096          0   1962.602   3096.575 0.0000e+00
   1945.000    35.0626    35.0542     4.0427     4.0444    232.053    237.595     0.0041 1.0000e-12     0.1303  661414218    51.7195          0   1967.684   3103.168 0.0000e+00
   1950.000    35.0624    35.0541     4.0424     4.0438    232.255    237.638     0.0047 1.0000e-12     0.1300  661414227    51.8656          0   1972.765   3111.935 0.0000e+00
   1955.000    35.0614    35.0531     4.0363     4.0370    232.106    237.638     0.0037 1.0000e-12     0.1299  661414234    51.9818          0   1977.847   3118.907 0.0000e+00
   1960.000    35.0598    35.0516     4.0138     4.0152    232.197    237.817     0.0045 1.0000e-12     0.1309  661414242    52.1148          0   1982.929   3126.885 0.0000e+00
   1965.000    35.0584    35.0500     4.0029     4.0041    232.212    237.640     0.0086 1.0000e-12     0.1309  661414249    52.2405          0   1988.012   3134.431 0.0000e+00
   1970.000    35.0550    35.0467     3.9781     3.9795    232.518    238.175     0.0029 1.0000e-12     0.1278  661414258    52.3816          0   1993.094   3142.898 0.0000e+00
   1975.000    35.0549    35.0465     3.9766     3.9782    232.749    238.209     0.0066 1.0000e-12     0.1308  661414265    52.4985          0   1998.176   3149.907 0.0000e+00
   1980.000    35.0537    35.0454     3.9688     3.9701    232.749    238.040     0.0058 1.0000e-12     0.1300  661414272    52.6232          0   2003.259   3157.392 0.0000e+00
   1985.000    35.0506    35.0422     3.9479     3.9493    233.066    238.570     0.0065 1.0000e-12     0.1307  661414280    52.7576          0   2008.342   3165.459 0.0000e+00
   1990.000    35.0484    35.0401     3.9314     3.9328    233.494    239.167     0.0033 1.0000e-12     0.1300  661414288    52.8885          0   2013.424   3173.313 0.0000e+00
   1995.000    35.0456    35.0373     3.9068     3.9095    233.639    238.962     0.0056 1.0000e-12     0.1307  661414296    53.0145          0   2018.507   3180.868 0.0000e+00
   2000.000    35.0404    35.0321     3.8658     3.8673    234.321    239.857     0.0064 1.0000e-12     0.1283  661414303    53.1371          0   2023.590   3188.224 0.0000e+00
   2005.000    35.0388    35.0305     3.8541     3.8555    234.607    240.049     0.0068 1.0000e-12     0.1303  661414311    53.2746          0   2028.674   3196.475 0.0000e+00
   2010.000    35.0385    35.0302     3.8483     3.8498    234.397    239.937     0.0032 1.0000e-12     0.1310  661414319    53.3964          0   2033.757   3203.781 0.0000e+00
   2015.000    35.0383    35.0300     3.8445     3.8459    234.322    239.996     0.0038 1.0000e-12     0.1303  661414326    53.5284          0   2038.840   3211.704 0.0000e+00
   2020.000    35.0371    35.0287     3.8319     3.8334    234.210    239.735     0.0024 1.0000e-12     0.1318  661414334    53.6548          0   2043.924   3219.287 0.0000e+00
   2025.000    35.0362    35.0278     3.8191     3.8203    234.366    240.010     0.0074 1.0000e-12     0.1317  661414342    53.7919          0   2049.007   3227.516 0.0000e+00
   2030.000    35.0360    35.0276     3.8143     3.8158    234.252    239.875     0.0058 1.0000e-12     0.1324  661414349    53.8972          0   2054.091   3233.834 0.0000e+00
   2035.000    35.0353    35.0270     3.8051     3.8066    234.193    239.508     0.0022 1.0000e-12     0.1291  661414357    54.0302          0   2059.175   3241.811 0.0000e+00
   2040.000    35.0343    35.0261     3.7926     3.7940    234.250    239.593     0.0068 1.0000e-12     0.1312  661414363    54.1429          0   2064.259   3248.575 0.0000e+00
   2045.000    35.0339    35.0256     3.7887     3.7901    234.195    239.562     0.0042 1.0000e-12     0.1305  661414371    54.2683          0   2069.343   3256.099 0.0000e+00
   2050.000    35.0324    35.0242     3.7758     3.7771    234.000    239.380     0.0064 1.0000e-12     0.1286  661414378    54.3869          0   2074.427   3263.216 0.0000e+00
   2055.000    35.0321    35.0237     3.7740     3.7755    234.388    239.693     0.0083 1.0000e-12     0.1317  661414385    54.5084          0   2079.511   3270.503 0.0000e+00
   2060.000    35.0331    35.0247     3.7672     3.7687    234.047    239.371     0.0021 1.0000e-12     0.1313  661414391    54.6094          0   2084.596   3276.567 0.0000e+00
   2065.000    35.0337    35.0255     3.7677     3.7690    233.640    238.904     0.0036 1.0000e-12     0.1293  661414400    54.7487          0   2089.680   3284.924 0.0000e+00
   2070.000    35.0326    35.0243     3.7545     3.7559    233.513    238.673     0.0076 1.0000e-12     0.1298  661414406    54.8519          0   2094.765   3291.115 0.0000e+00
   2075.000    35.0308    35.0225     3.7403     3.7418    233.582    239.156     0.0072 1.0000e-12     0.1303  661414414    54.9856          0   2099.850   3299.138 0.0000e+00
   2080.000    35.0294    35.0211     3.7321     3.7334    233.925    239.387     0.0056 1.0000e-12     0.1305  661414420    55.0951          0   2104.935   3305.703 0.0000e+00
   2085.000    35.0295    35.0210     3.7323     3.7336    233.979    239.290     0.0054 1.0000e-12     0.1287  661414428    55.2251          0   2110.020   3313.503 0.0000e+00
   2090.000    35.0302    35.0219     3.7321     3.7334    233.888    239.073     0.0074 1.0000e-12     0.1303  661414435    55.3312          0   2115.105   3319.869 0.0000e+00
   2095.000    35.0301    35.0218     3.7254     3.7262    233.381    238.529     0.0052 1.0000e-12     0.1308  661414443    55.4640          0   2120.190   3327.838 0.0000e+00
   2100.000    35.0285    35.0202     3.7037     3.7049    233.331    238.850     0.0067 1.0000e-12     0.1336  661414449    55.5723          0   2125.276   3334.337 0.0000e+00
   2105.000    35.0263    35.0181     3.6894     3.6900    233.488    238.941     0.0078 1.0000e-12     0.1303  661414457    55.7052          0   2130.361   3342.312 0.0000e+00
   2110.000    35.0214    35.0135     3.6532     3.6547    233.942    239.144     0.0105 1.0000e-12     0.1318  661414463    55.8041          0   2135.447   3348.244 0.0000e+00
   2115.000    35.0193    35.0110     3.6396     3.6409    234.754    240.215     0.0076 1.0000e-12     0.1284  661414472    55.9495          0   2140.533   3356.972 0.0000e+00
   2120.000    35.0201    35.0117     3.6369     3.6382    234.513    240.039     0.0049 1.0000e-12     0.1304  661414478    56.0498          0   2145.619   3362.987 0.0000e+00
   2125.000    35.0210    35.0126     3.6349     3.6364    233.968    239.521     0.0056 1.0000e-12     0.1300  661414486    56.1819          0   2150.705   3370.912 0.0000e+00
   2130.000    35.0217    35.0133     3.6334     3.6348    233.555    239.033     0.0063 1.0000e-12     0.1295  661414492    56.2878          0   2155.791   3377.267 0.0000e+00
   2135.000    35.0211    35.0128     3.6293     3.6305    233.558    238.956     0.0097 1.0000e-12     0.1296  661414500    56.4195          0   2160.877   3385.169 0.0000e+00
   2140.000    35.0203    35.0120     3.6198     3.6212    233.524    238.897     0.0071 1.0000e-12     0.1307  661414506    56.5263          0   2165.963   3391.577 0.0000e+00
   2145.000    35.0201    35.0117     3.6171     3.6187    233.519    238.770     0.0039 1.0000e-12     0.1302  661414514    56.6608          0   2171.050   3399.646 0.0000e+00
   2150.000    35.0201    35.0117     3.6078     3.6091    233.326    238.690     0.0063 1.0000e-12     0.1308  661414521    56.7675          0   2176.137   3406.050 0.0000e+00
   2155.000    35.0199    35.0115     3.6046     3.6059    233.208    238.345     0.0111 1.0000e-12     0.1298  661414529    56.8986          0   2181.223   3413.918 0.0000e+00
   2160.000    35.0192    35.0109     3.6001     3.6019    233.171    238.641     0.0087 1.0000e-12     0.1313  661414535    57.0059          0   2186.310   3420.357 0.0000e+00
   2165.000    35.0177    35.0093     3.5857     3.5877    233.277    238.699     0.0055 1.0000e-12     0.1317  661414543    57.1395          0   2191.397   3428.370 0.0000e+00
   2170.000    35.0171    35.0088     3.5782     3.5796    233.366    238.692     0.0082 1.0000e-12     0.1326  661414549    57.2405          0   2196.484   3434.431 0.0000e+00
   2175.000    35.0157    35.0072     3.5652     3.5661    233.320    238.554     0.0060 1.0000e-12     0.1319  661414558    57.3827          0   2201.571   3442.962 0.0000e+00
   2180.000    35.0138    35.0055     3.5481     3.5493    233.405    238.740     0.0046 1.0000e-12     0.1312  661414563    57.4773          0   2206.659   3448.636 0.0000e+00
   2185.000    35.0114    35.0028     3.5301     3.5307    233.873    238.867     0.0062 1.0000e-12     0.1290  661414572    57.6260          0   2211.746   3457.557 0.0000e+00
   2190.000    35.0105    35.0020     3.5188     3.5200    233.828    238.890     0.0079 1.0000e-12     0.1295  661414578    57.7133          0   2216.834   3462.798 0.0000e+00
   2195.000    35.0093    35.0009     3.5093     3.5112    234.070    239.433     0.0062 1.0000e-12     0.1318  661414586    57.8622          0   2221.921   3471.729 0.0000e+00
   2200.000    35.0088    35.0005     3.5070     3.5084    233.947    239.315     0.0092 1.0000e-12     0.1300  661414592    57.9615          0   2227.009   3477.689 0.0000e+00
   2205.000    35.0084    35.0001     3.5028     3.5041    234.026    239.207     0.0046 1.0000e-12     0.1299  661414600    58.0857          0   2232.097   3485.143 0.0000e+00
   2210.000    35.0088    35.0005     3.5010     3.5023    233.869    239.000     0.0077 1.0000e-12     0.1303  661414607    58.2099          0   2237.185   3492.592 0.0000e+00
   2215.000    35.0091    35.0007     3.5003     3.5016    233.647    238.891     0.0074 1.0000e-12     0.1310  661414614    58.3225          0   2242.273   3499.350 0.0000e+00
   2220.000    35.0080    34.9998     3.4885     3.4897    233.590    238.805     0.0052 1.0000e-12     0.1293  661414622    58.4472          0   2247.361   3506.829 0.0000e+00
   2225.000    35.0078    34.9994     3.4835     3.4848    233.616    238.950     0.0063 1.0000e-12     0.1301  661414629    58.5715          0   2252.450   3514.290 0.0000e+00
   2230.000    35.0062    34.9980     3.4679     3.4675    233.649    238.888     0.0049 1.0000e-12     0.1313  661414636    58.6814          0   2257.538   3520.887 0.0000e+00
   2235.000    35.0045    34.9962     3.4550     3.4564    233.657    239.182     0.0044 1.0000e-12     0.1296  661414643    58.8112          0   2262.627   3528.672 0.0000e+00
   2240.000    35.0043    34.9959     3.4546     3.4559    233.919    239.164     0.0059 1.0000e-12     0.1300  661414650    58.9202          0   2267.716   3535.210 0.0000e+00
   2245.000    35.0041    34.9958     3.4538     3.4551    233.793    238.843     0.0044 1.0000e-12     0.1316  661414658    59.0512          0   2272.804   3543.072 0.0000e+00
   2250.000    35.0040    34.9957     3.4512     3.4523    233.906    238.953     0.0047 1.0000e-12     0.1315  661414665    59.1641          0   2277.893   3549.843 0.0000e+00
   2255.000    35.0041    34.9959     3.4439     3.4451    233.739    239.033     0.0035 1.0000e-12     0.1293  661414672    59.2885          0   2282.983   3557.311 0.0000e+00
   2260.000    35.0032    34.9950     3.4358     3.4374    233.633    238.848     0.0061 1.0000e-12     0.1311  661414679    59.3967          0   2288.072   3563.804 0.0000e+00
