data/UWS/Data_management/CTD_sensor_data/SO279_CTD_processed/SO279_69-1_CTD-05_processed.ros
* Sea-Bird SBE 9 Data File:
* FileName = D:\CTDData\SO279\SO279_69-1_CTD-05.hex
* Software Version Seasave V 7.26.1.8
* Temperature SN = 5938
* Conductivity SN = 4108
* Number of Bytes Per Scan = 41
* Number of Voltage Words = 4
* Number of Scans Averaged by the Deck Unit = 1
* NMEA Latitude = 33 17.59 N
* NMEA Longitude = 034 29.50 W
* NMEA UTC (Time) = Dec 20 2020  06:37:33
* NMEA baud rate = 4800
# nquan = 17
# nvalues = 1537                                  
# units = specified
# name 0 = depSM: Depth [salt water, m]
# name 1 = sal00: Salinity, Practical [PSU]
# name 2 = sal11: Salinity, Practical, 2 [PSU]
# name 3 = t090C: Temperature [ITS-90, deg C]
# name 4 = t190C: Temperature, 2 [ITS-90, deg C]
# name 5 = sbeox0Mm/L: Oxygen, SBE 43 [umol/l]
# name 6 = sbeox1Mm/L: Oxygen, SBE 43, 2 [umol/l]
# name 7 = flECO-AFL: Fluorescence, WET Labs ECO-AFL/FL [mg/m^3]
# name 8 = par: PAR/Irradiance, Biospherical/Licor
# name 9 = turbWETntu0: Turbidity, WET Labs ECO [NTU]
# name 10 = timeQ: Time, NMEA [seconds]
# name 11 = timeM: Time, Elapsed [minutes]
# name 12 = nbf: Bottles Fired
# name 13 = prDM: Pressure, Digiquartz [db]
# name 14 = timeS: Time, Elapsed [seconds]
# name 15 = scan: Scan Count
# name 16 = flag:  0.000e+00
# interval = seconds: 0.0416667
# start_time = Dec 20 2020 06:37:34 [NMEA time, first data scan]
# bad_flag = -9.990e-29
*END*
[from data line 937]
    501.178    35.9435    35.9190    14.5770    14.5779    176.698    175.618    -0.0231 1.0000e-12     0.1324  661770950   158.2618         14    505.366   9495.708     227898  0.000e+00
    501.127    35.9433    35.9192    14.5768    14.5781    176.719    175.607    -0.0231 1.0000e-12     0.1324  661770950   158.2625         14    505.314   9495.750     227899  0.000e+00
    501.217    35.9435    35.9191    14.5768    14.5782    176.868    175.618    -0.0231 1.0000e-12     0.1324  661770950   158.2632         14    505.405   9495.792     227900  0.000e+00
    501.178    35.9438    35.9188    14.5765    14.5791    177.178    175.625    -0.0231 1.0000e-12     0.1324  661770950   158.2639         14    505.366   9495.833     227901  0.000e+00
    501.217    35.9435    35.9193    14.5766    14.5793    177.196    175.617    -0.0231 1.0000e-12     0.1324  661770950   158.2646         14    505.405   9495.875     227902  0.000e+00
    301.327    36.4648    36.4379    17.6499    17.6531    187.029    185.023    -0.0817 1.0000e-12     0.1299  661771278   163.7354         15    303.697   9824.125     235780  0.000e+00
    301.327    36.4649    36.4383    17.6502    17.6531    186.677    185.024    -0.1037 1.0000e-12     0.1299  661771278   163.7361         15    303.697   9824.167     235781  0.000e+00
    301.390    36.4650    36.4381    17.6502    17.6534    186.291    185.026    -0.0963 1.0000e-12     0.1299  661771278   163.7368         15    303.761   9824.208     235782  0.000e+00
    301.282    36.4646    36.4388    17.6505    17.6532    186.127    185.038    -0.0963 1.0000e-12     0.1299  661771278   163.7375         15    303.652   9824.250     235783  0.000e+00
    301.327    36.4641    36.4388    17.6504    17.6537    186.076    185.052    -0.0963 1.0000e-12     0.1299  661771278   163.7382         15    303.697   9824.292     235784  0.000e+00
    301.327    36.4646    36.4388    17.6499    17.6548    186.014    185.064    -0.0963 1.0000e-12     0.1299  661771278   163.7389         15    303.697   9824.333     235785  0.000e+00
    301.327    36.4648    36.4385    17.6497    17.6562    186.086    185.060    -0.0963 1.0000e-12     0.1299  661771278   163.7396         15    303.697   9824.375     235786  0.000e+00
    301.339    36.4648    36.4391    17.6495    17.6567    186.302    185.057    -0.0963 1.0000e-12     0.1299  661771278   163.7403         15    303.710   9824.417     235787  0.000e+00
    301.378    36.4645    36.4396    17.6497    17.6570    186.543    185.056    -0.0963 1.0000e-12     0.1299  661771278   163.7410         15    303.748   9824.458     235788  0.000e+00
    301.327    36.4643    36.4396    17.6495    17.6582    186.517    185.049    -0.0963 1.0000e-12     0.1299  661771278   163.7417         15    303.697   9824.500     235789  0.000e+00
    301.327    36.4646    36.4395    17.6492    17.6591    186.363    185.045    -0.0963 1.0000e-12     0.1299  661771278   163.7424         15    303.697   9824.542     235790  0.000e+00
    301.339    36.4641    36.4398    17.6492    17.6589    186.207    185.194    -0.0963 1.0000e-12     0.1299  661771278   163.7431         15    303.710   9824.583     235791  0.000e+00
    301.378    36.4642    36.4394    17.6488    17.6584    186.313    185.056    -0.0963 1.0000e-12     0.1299  661771278   163.7438         15    303.748   9824.625     235792  0.000e+00
    301.327    36.4646    36.4392    17.6490    17.6593    186.423    185.049    -0.0963 1.0000e-12     0.1299  661771279   163.7444         15    303.697   9824.667     235793  0.000e+00
    301.378    36.4650    36.4394    17.6495    17.6595    186.404    185.044    -0.0963 1.0000e-12     0.1299  661771279   163.7451         15    303.748   9824.708     235794  0.000e+00
    301.378    36.4648    36.4394    17.6499    17.6596    186.111    185.175    -0.1037 1.0000e-12     0.1299  661771279   163.7458         15    303.748   9824.750     235795  0.000e+00
    301.390    36.4649    36.4391    17.6502    17.6608    185.935    185.179    -0.0963 1.0000e-12     0.1299  661771279   163.7465         15    303.761   9824.792     235796  0.000e+00
    301.327    36.4649    36.4387    17.6504    17.6634    185.630    185.174    -0.1037 1.0000e-12     0.1299  661771279   163.7472         15    303.697   9824.833     235797  0.000e+00
    301.378    36.4651    36.4393    17.6511    17.6632    185.444    185.331    -0.0817 1.0000e-12     0.1299  661771279   163.7479         15    303.748   9824.875     235798  0.000e+00
    301.378    36.4648    36.4388    17.6517    17.6617    185.240    185.368    -0.0817 1.0000e-12     0.1299  661771279   163.7486         15    303.748   9824.917     235799  0.000e+00
    301.390    36.4652    36.4387    17.6518    17.6594    185.156    185.255    -0.0817 1.0000e-12     0.1299  661771279   163.7493         15    303.761   9824.958     235800  0.000e+00
    301.422    36.4649    36.4386    17.6522    17.6581    185.471    185.276    -0.0744 1.0000e-12     0.1275  661771279   163.7500         15    303.793   9825.000     235801  0.000e+00
    301.422    36.4650    36.4394    17.6528    17.6562    185.538    185.282    -0.0744 1.0000e-12     0.1275  661771279   163.7507         15    303.793   9825.042     235802  0.000e+00
    301.422    36.4650    36.4390    17.6538    17.6568    185.367    185.279    -0.0744 1.0000e-12     0.1275  661771279   163.7514         15    303.793   9825.083     235803  0.000e+00
    301.378    36.4649    36.4379    17.6548    17.6594    185.341    185.269    -0.0744 1.0000e-12     0.1275  661771279   163.7521         15    303.748   9825.125     235804  0.000e+00
    301.480    36.4649    36.4377    17.6558    17.6599    185.183    185.281    -0.0744 1.0000e-12     0.1275  661771279   163.7528         15    303.851   9825.167     235805  0.000e+00
    301.422    36.4648    36.4387    17.6568    17.6577    185.141    185.297    -0.0744 1.0000e-12     0.1275  661771279   163.7535         15    303.793   9825.208     235806  0.000e+00
    301.422    36.4647    36.4388    17.6574    17.6568    184.957    185.310    -0.0744 1.0000e-12     0.1275  661771279   163.7542         15    303.793   9825.250     235807  0.000e+00
    301.473    36.4647    36.4386    17.6572    17.6570    184.904    185.306    -0.0744 1.0000e-12     0.1275  661771279   163.7549         15    303.845   9825.292     235808  0.000e+00
    301.480    36.4642    36.4384    17.6569    17.6567    184.852    185.453    -0.0744 1.0000e-12     0.1275  661771279   163.7556         15    303.851   9825.333     235809  0.000e+00
    301.473    36.4641    36.4382    17.6569    17.6558    184.934    185.312    -0.0744 1.0000e-12     0.1275  661771279   163.7562         15    303.845   9825.375     235810  0.000e+00
    301.473    36.4644    36.4384    17.6572    17.6551    184.907    185.305    -0.0744 1.0000e-12     0.1275  661771279   163.7569         15    303.845   9825.417     235811  0.000e+00
    301.518    36.4644    36.4383    17.6569    17.6542    184.886    185.299    -0.0744 1.0000e-12     0.1275  661771279   163.7576         15    303.890   9825.458     235812  0.000e+00
    301.473    36.4643    36.4384    17.6565    17.6532    184.854    185.305    -0.0744 1.0000e-12     0.1275  661771279   163.7583         15    303.845   9825.500     235813  0.000e+00
    301.531    36.4637    36.4385    17.6562    17.6532    185.097    185.309    -0.0744 1.0000e-12     0.1275  661771279   163.7590         15    303.903   9825.542     235814  0.000e+00
    301.518    36.4643    36.4388    17.6558    17.6532    185.075    185.311    -0.0744 1.0000e-12     0.1275  661771279   163.7597         15    303.890   9825.583     235815  0.000e+00
    301.563    36.4642    36.4388    17.6558    17.6539    185.052    185.311    -0.0744 1.0000e-12     0.1275  661771279   163.7604         15    303.935   9825.625     235816  0.000e+00
    301.518    36.4633    36.4388    17.6550    17.6549    184.896    185.308    -0.0744 1.0000e-12     0.1275  661771280   163.7611         15    303.890   9825.667     235817  0.000e+00
    301.576    36.4635    36.4384    17.6536    17.6556    184.724    185.308    -0.0744 1.0000e-12     0.1275  661771280   163.7618         15    303.948   9825.708     235818  0.000e+00
    301.614    36.4635    36.4387    17.6528    17.6553    184.676    185.446    -0.0744 1.0000e-12     0.1275  661771280   163.7625         15    303.987   9825.750     235819  0.000e+00
    301.563    36.4634    36.4389    17.6524    17.6554    184.654    185.442    -0.0744 1.0000e-12     0.1275  661771280   163.7632         15    303.935   9825.792     235820  0.000e+00
    301.614    36.4641    36.4387    17.6516    17.6553    184.663    185.454    -0.0744 1.0000e-12     0.1275  661771280   163.7639         15    303.987   9825.833     235821  0.000e+00
    301.620    36.4635    36.4384    17.6516    17.6551    184.556    185.450    -0.0744 1.0000e-12     0.1275  661771280   163.7646         15    303.993   9825.875     235822  0.000e+00
    301.614    36.4644    36.4389    17.6514    17.6544    184.722    185.445    -0.0744 1.0000e-12     0.1275  661771280   163.7653         15    303.987   9825.917     235823  0.000e+00
    301.614    36.4641    36.4387    17.6514    17.6542    184.630    185.300    -0.0744 1.0000e-12     0.1275  661771280   163.7660         15    303.987   9825.958     235824  0.000e+00
    301.659    36.4641    36.4382    17.6514    17.6541    184.824    185.294    -0.0744 1.0000e-12     0.1275  661771280   163.7667         15    304.032   9826.000     235825  0.000e+00
    301.703    36.4643    36.4381    17.6516    17.6541    185.049    185.286    -0.0744 1.0000e-12     0.1299  661771280   163.7674         15    304.077   9826.042     235826  0.000e+00
    301.671    36.4640    36.4384    17.6514    17.6537    185.006    185.276    -0.0744 1.0000e-12     0.1299  661771280   163.7681         15    304.045   9826.083     235827  0.000e+00
    301.659    36.4640    36.4385    17.6512    17.6536    185.203    185.266    -0.0744 1.0000e-12     0.1299  661771280   163.7688         15    304.032   9826.125     235828  0.000e+00
    301.754    36.4639    36.4383    17.6511    17.6536    185.395    185.257    -0.0744 1.0000e-12     0.1299  661771280   163.7694         15    304.128   9826.167     235829  0.000e+00
    301.703    36.4640    36.4381    17.6511    17.6536    185.566    185.245    -0.0744 1.0000e-12     0.1299  661771280   163.7701         15    304.077   9826.208     235830  0.000e+00
    301.716    36.4639    36.4386    17.6511    17.6534    185.584    185.233    -0.0744 1.0000e-12     0.1299  661771280   163.7708         15    304.090   9826.250     235831  0.000e+00
    301.754    36.4642    36.4383    17.6509    17.6532    185.593    185.373    -0.0744 1.0000e-12     0.1299  661771280   163.7715         15    304.128   9826.292     235832  0.000e+00
    301.799    36.4642    36.4380    17.6512    17.6531    185.463    185.375    -0.0744 1.0000e-12     0.1299  661771280   163.7722         15    304.173   9826.333     235833  0.000e+00
    301.754    36.4642    36.4383    17.6511    17.6524    185.323    185.224    -0.0744 1.0000e-12     0.1299  661771280   163.7729         15    304.128   9826.375     235834  0.000e+00
    301.812    36.4641    36.4377    17.6511    17.6511    185.321    185.366    -0.0744 1.0000e-12     0.1299  661771280   163.7736         15    304.186   9826.417     235835  0.000e+00
    301.799    36.4639    36.4376    17.6511    17.6496    185.473    185.368    -0.0744 1.0000e-12     0.1299  661771280   163.7743         15    304.173   9826.458     235836  0.000e+00
    301.850    36.4638    36.4371    17.6511    17.6489    185.653    185.368    -0.0744 1.0000e-12     0.1299  661771280   163.7750         15    304.225   9826.500     235837  0.000e+00
    301.850    36.4640    36.4378    17.6511    17.6484    185.842    185.364    -0.0744 1.0000e-12     0.1299  661771280   163.7757         15    304.225   9826.542     235838  0.000e+00
    301.850    36.4639    36.4373    17.6512    17.6486    185.895    185.358    -0.0744 1.0000e-12     0.1299  661771280   163.7764         15    304.225   9826.583     235839  0.000e+00
    301.857    36.4639    36.4379    17.6512    17.6491    185.939    185.362    -0.0744 1.0000e-12     0.1299  661771280   163.7771         15    304.231   9826.625     235840  0.000e+00
    301.895    36.4639    36.4381    17.6511    17.6508    185.857    185.349    -0.0744 1.0000e-12     0.1299  661771281   163.7778         15    304.270   9826.667     235841  0.000e+00
    301.940    36.4639    36.4385    17.6506    17.6511    185.778    185.339    -0.0744 1.0000e-12     0.1299  661771281   163.7785         15    304.315   9826.708     235842  0.000e+00
    301.895    36.4632    36.4385    17.6507    17.6510    185.823    185.328    -0.0744 1.0000e-12     0.1299  661771281   163.7792         15    304.270   9826.750     235843  0.000e+00
    301.908    36.4632    36.4381    17.6502    17.6506    185.717    185.333    -0.0744 1.0000e-12     0.1299  661771281   163.7799         15    304.283   9826.792     235844  0.000e+00
    301.991    36.4636    36.4377    17.6497    17.6501    185.867    185.490    -0.0744 1.0000e-12     0.1299  661771281   163.7806         15    304.367   9826.833     235845  0.000e+00
    301.940    36.4633    36.4379    17.6492    17.6496    185.868    185.506    -0.0744 1.0000e-12     0.1299  661771281   163.7813         15    304.315   9826.875     235846  0.000e+00
    301.991    36.4632    36.4378    17.6484    17.6496    185.727    185.535    -0.0744 1.0000e-12     0.1299  661771281   163.7819         15    304.367   9826.917     235847  0.000e+00
    301.997    36.4627    36.4374    17.6482    17.6505    185.972    185.560    -0.0744 1.0000e-12     0.1299  661771281   163.7826         15    304.373   9826.958     235848  0.000e+00
    302.035    36.4630    36.4377    17.6476    17.6498    186.098    185.576    -0.0744 1.0000e-12     0.1299  661771281   163.7833         15    304.412   9827.000     235849  0.000e+00
    301.991    36.4627    36.4375    17.6473    17.6494    186.257    185.436    -0.0744 1.0000e-12     0.1299  661771281   163.7840         15    304.367   9827.042     235850  0.000e+00
    302.086    36.4629    36.4371    17.6470    17.6496    186.299    185.586    -0.0744 1.0000e-12     0.1299  661771281   163.7847         15    304.463   9827.083     235851  0.000e+00
    302.048    36.4630    36.4381    17.6463    17.6491    186.330    185.596    -0.0597 1.0000e-12     0.1275  661771281   163.7854         15    304.425   9827.125     235852  0.000e+00
    152.449    36.6382    36.6146    18.8875    18.8888    186.489    192.305    -0.0963 1.0000e-12     0.1275  661771495   167.3590         16    153.592  10041.542     240998  0.000e+00
    152.449    36.6383    36.6147    18.8875    18.8888    186.453    192.321    -0.0890 1.0000e-12     0.1275  661771495   167.3597         16    153.592  10041.583     240999  0.000e+00
    152.423    36.6379    36.6147    18.8876    18.8888    186.676    192.335    -0.0963 1.0000e-12     0.1275  661771495   167.3604         16    153.566  10041.625     241000  0.000e+00
    152.493    36.6380    36.6143    18.8876    18.8886    186.658    192.351    -0.0963 1.0000e-12     0.1275  661771496   167.3611         16    153.637  10041.667     241001  0.000e+00
    152.474    36.6384    36.6142    18.8876    18.8888    186.644    192.362    -0.0963 1.0000e-12     0.1275  661771496   167.3618         16    153.618  10041.708     241002  0.000e+00
    152.493    36.6385    36.6146    18.8876    18.8888    186.373    192.372    -0.0963 1.0000e-12     0.1275  661771496   167.3625         16    153.637  10041.750     241003  0.000e+00
