data/UWS/Data_management/CTD_sensor_data/SO279_CTD_processed/SO279_102-1_CTD-07_processed.ros
* Sea-Bird SBE 9 Data File:
* FileName = D:\CTDData\SO279\SO279_102-1_CTD-07.hex
* Software Version Seasave V 7.26.1.8
* Temperature SN = 5938
* Conductivity SN = 4108
* Number of Bytes Per Scan = 41
* Number of Voltage Words = 4
* Number of Scans Averaged by the Deck Unit = 1
* NMEA Latitude = 35 00.00 N
* NMEA Longitude = 021 00.00 W
* NMEA UTC (Time) = Dec 27 2020  07:53:18
* NMEA baud rate = 4800
# nquan = 17
# nvalues = 1536                                  
# units = specified
# name 0 = depSM: Depth [salt water, m]
# name 1 = sal00: Salinity, Practical [PSU]
# name 2 = sal11: Salinity, Practical, 2 [PSU]
# name 3 = t090C: Temperature [ITS-90, deg C]
# name 4 = t190C: Temperature, 2 [ITS-90, deg C]
# name 5 = sbeox0Mm/L: Oxygen, SBE 43 [umol/l]
# name 6 = sbeox1Mm/L: Oxygen, SBE 43, 2 [umol/l]
# name 7 = flECO-AFL: Fluorescence, WET Labs ECO-AFL/FL [mg/m^3]
# name 8 = par: PAR/Irradiance, Biospherical/Licor
# name 9 = turbWETntu0: Turbidity, WET Labs ECO [NTU]
# name 10 = timeQ: Time, NMEA [seconds]
# name 11 = timeM: Time, Elapsed [minutes]
# name 12 = nbf: Bottles Fired
# name 13 = prDM: Pressure, Digiquartz [db]
# name 14 = timeS: Time, Elapsed [seconds]
# name 15 = scan: Scan Count
# name 16 = flag:  0.000e+00
# interval = seconds: 0.0416667
# start_time = Dec 27 2020 07:53:19 [NMEA time, first data scan]
# bad_flag = -9.990e-29
*END*
[from data line 511]
   3004.113    34.9797    34.9424     2.7952     2.7961    178.617    232.422     0.0136 1.0000e-12     0.1299  662381323   175.4139          9   3047.841  10524.833     252597  0.000e+00
   3004.352    34.9799    34.9427     2.7952     2.7958    178.678    232.537     0.0136 1.0000e-12     0.1299  662381323   175.4146          9   3048.086  10524.875     252598  0.000e+00
   3004.246    34.9802    34.9429     2.7954     2.7956    178.666    232.643     0.0136 1.0000e-12     0.1299  662381323   175.4153          9   3047.977  10524.917     252599  0.000e+00
   3004.426    34.9802    34.9430     2.7952     2.7956    178.663    232.661     0.0062 1.0000e-12     0.1324  662381324   175.4160          9   3048.161  10524.958     252600  0.000e+00
   3004.506    34.9801    34.9430     2.7952     2.7954    178.920    232.676     0.0062 1.0000e-12     0.1324  662381324   175.4167          9   3048.243  10525.000     252601  0.000e+00
   3004.506    34.9798    34.9425     2.7952     2.7953    178.642    232.690     0.0136 1.0000e-12     0.1324  662381324   175.4174          9   3048.243  10525.042     252602  0.000e+00
   3004.685    34.9801    34.9427     2.7953     2.7951    178.631    232.709     0.0136 1.0000e-12     0.1324  662381324   175.4181          9   3048.426  10525.083     252603  0.000e+00
   3004.659    34.9799    34.9427     2.7949     2.7953    178.620    232.719     0.0136 1.0000e-12     0.1324  662381324   175.4187          9   3048.399  10525.125     252604  0.000e+00
   3004.712    34.9801    34.9432     2.7946     2.7951    178.676    232.632     0.0136 1.0000e-12     0.1324  662381324   175.4194          9   3048.454  10525.167     252605  0.000e+00
   3004.938    34.9799    34.9432     2.7946     2.7951    178.671    232.546     0.0062 1.0000e-12     0.1324  662381324   175.4201          9   3048.685  10525.208     252606  0.000e+00
   3004.918    34.9800    34.9429     2.7944     2.7953    178.660    232.548     0.0062 1.0000e-12     0.1324  662381324   175.4208          9   3048.665  10525.250     252607  0.000e+00
   3004.972    34.9800    34.9432     2.7946     2.7954    178.321    232.552     0.0062 1.0000e-12     0.1324  662381324   175.4215          9   3048.719  10525.292     252608  0.000e+00
   3005.098    34.9801    34.9436     2.7947     2.7954    178.251    232.560     0.0062 1.0000e-12     0.1324  662381324   175.4222          9   3048.848  10525.333     252609  0.000e+00
   3005.072    34.9801    34.9431     2.7946     2.7958    178.511    232.561     0.0062 1.0000e-12     0.1324  662381324   175.4229          9   3048.821  10525.375     252610  0.000e+00
   3005.278    34.9805    34.9435     2.7947     2.7954    178.510    232.674     0.0136 1.0000e-12     0.1324  662381324   175.4236          9   3049.032  10525.417     252611  0.000e+00
   3005.251    34.9803    34.9428     2.7947     2.7954    178.570    232.683     0.0062 1.0000e-12     0.1324  662381324   175.4243          9   3049.005  10525.458     252612  0.000e+00
   3005.385    34.9803    34.9427     2.7946     2.7954    178.638    232.695     0.0062 1.0000e-12     0.1324  662381324   175.4250          9   3049.141  10525.500     252613  0.000e+00
   3005.431    34.9798    34.9429     2.7947     2.7954    178.639    232.704     0.0136 1.0000e-12     0.1324  662381324   175.4257          9   3049.188  10525.542     252614  0.000e+00
   3005.458    34.9800    34.9429     2.7947     2.7956    178.639    232.712     0.0062 1.0000e-12     0.1324  662381324   175.4264          9   3049.216  10525.583     252615  0.000e+00
   3005.538    34.9797    34.9427     2.7948     2.7956    178.641    232.723     0.0062 1.0000e-12     0.1324  662381324   175.4271          9   3049.297  10525.625     252616  0.000e+00
   3005.591    34.9804    34.9432     2.7946     2.7953    178.313    232.734     0.0062 1.0000e-12     0.1324  662381324   175.4278          9   3049.352  10525.667     252617  0.000e+00
   3005.764    34.9802    34.9432     2.7948     2.7951    178.584    232.749     0.0062 1.0000e-12     0.1324  662381324   175.4285          9   3049.529  10525.708     252618  0.000e+00
   3005.691    34.9801    34.9429     2.7946     2.7953    178.191    232.753     0.0062 1.0000e-12     0.1324  662381324   175.4292          9   3049.454  10525.750     252619  0.000e+00
   3005.844    34.9799    34.9429     2.7947     2.7953    178.396    232.766     0.0062 1.0000e-12     0.1324  662381324   175.4299          9   3049.610  10525.792     252620  0.000e+00
   3005.871    34.9801    34.9432     2.7947     2.7950    178.330    232.777     0.0136 1.0000e-12     0.1324  662381324   175.4306          9   3049.638  10525.833     252621  0.000e+00
   3005.897    34.9802    34.9425     2.7948     2.7953    178.327    232.785     0.0062 1.0000e-12     0.1324  662381324   175.4313          9   3049.665  10525.875     252622  0.000e+00
   3006.004    34.9801    34.9430     2.7948     2.7950    178.327    232.797     0.0136 1.0000e-12     0.1324  662381324   175.4319          9   3049.774  10525.917     252623  0.000e+00
   3006.104    34.9798    34.9431     2.7948     2.7950    178.327    232.808     0.0136 1.0000e-12     0.1324  662381325   175.4326          9   3049.876  10525.958     252624  0.000e+00
   3006.130    34.9797    34.9431     2.7948     2.7950    178.325    232.817     0.0062 1.0000e-12     0.1299  662381325   175.4333          9   3049.903  10526.000     252625  0.000e+00
   3006.104    34.9801    34.9428     2.7945     2.7950    178.390    232.825    -0.0011 1.0000e-12     0.1275  662381325   175.4340          9   3049.876  10526.042     252626  0.000e+00
   3006.257    34.9797    34.9431     2.7946     2.7950    178.063    232.837    -0.0011 1.0000e-12     0.1275  662381325   175.4347          9   3050.032  10526.083     252627  0.000e+00
   3006.337    34.9800    34.9429     2.7944     2.7948    178.005    232.849    -0.0011 1.0000e-12     0.1275  662381325   175.4354          9   3050.114  10526.125     252628  0.000e+00
   3006.257    34.9803    34.9428     2.7944     2.7948    178.274    232.855    -0.0011 1.0000e-12     0.1275  662381325   175.4361          9   3050.032  10526.167     252629  0.000e+00
   3006.410    34.9800    34.9430     2.7942     2.7947    178.350    232.868    -0.0011 1.0000e-12     0.1275  662381325   175.4368          9   3050.189  10526.208     252630  0.000e+00
   3006.410    34.9798    34.9433     2.7945     2.7946    178.424    232.876    -0.0011 1.0000e-12     0.1275  662381325   175.4375          9   3050.189  10526.250     252631  0.000e+00
   3006.490    34.9799    34.9423     2.7942     2.7950    178.504    232.886    -0.0011 1.0000e-12     0.1275  662381325   175.4382          9   3050.270  10526.292     252632  0.000e+00
   3006.570    34.9800    34.9430     2.7942     2.7946    178.519    232.897    -0.0011 1.0000e-12     0.1275  662381325   175.4389          9   3050.352  10526.333     252633  0.000e+00
   3006.570    34.9800    34.9429     2.7944     2.7946    178.465    232.522    -0.0011 1.0000e-12     0.1275  662381325   175.4396          9   3050.352  10526.375     252634  0.000e+00
   3006.643    34.9798    34.9425     2.7946     2.7946    178.476    232.440    -0.0011 1.0000e-12     0.1275  662381325   175.4403          9   3050.427  10526.417     252635  0.000e+00
   3006.670    34.9800    34.9431     2.7946     2.7948    178.487    232.741    -0.0011 1.0000e-12     0.1275  662381325   175.4410          9   3050.454  10526.458     252636  0.000e+00
   3006.723    34.9801    34.9426     2.7946     2.7950    178.565    232.375    -0.0011 1.0000e-12     0.1275  662381325   175.4417          9   3050.509  10526.500     252637  0.000e+00
   3006.723    34.9805    34.9430     2.7944     2.7948    178.249    232.299    -0.0011 1.0000e-12     0.1275  662381325   175.4424          9   3050.509  10526.542     252638  0.000e+00
   3006.797    34.9801    34.9428     2.7948     2.7950    178.531    232.227     0.0062 1.0000e-12     0.1275  662381325   175.4431          9   3050.583  10526.583     252639  0.000e+00
   3006.823    34.9800    34.9427     2.7944     2.7950    178.550    232.058     0.0062 1.0000e-12     0.1275  662381325   175.4437          9   3050.611  10526.625     252640  0.000e+00
   3006.823    34.9799    34.9427     2.7946     2.7950    178.565    232.373    -0.0011 1.0000e-12     0.1275  662381325   175.4444          9   3050.611  10526.667     252641  0.000e+00
   3006.903    34.9803    34.9425     2.7945     2.7949    178.583    232.303    -0.0011 1.0000e-12     0.1275  662381325   175.4451          9   3050.692  10526.708     252642  0.000e+00
   3006.877    34.9803    34.9426     2.7942     2.7951    178.599    232.325    -0.0011 1.0000e-12     0.1275  662381325   175.4458          9   3050.665  10526.750     252643  0.000e+00
   3006.930    34.9801    34.9428     2.7944     2.7951    178.616    232.351    -0.0011 1.0000e-12     0.1275  662381325   175.4465          9   3050.720  10526.792     252644  0.000e+00
   3006.983    34.9800    34.9427     2.7942     2.7950    178.634    232.378    -0.0011 1.0000e-12     0.1275  662381325   175.4472          9   3050.774  10526.833     252645  0.000e+00
   3006.950    34.9801    34.9422     2.7941     2.7951    178.650    232.401    -0.0011 1.0000e-12     0.1275  662381325   175.4479          9   3050.740  10526.875     252646  0.000e+00
   3006.983    34.9798    34.9425     2.7941     2.7950    178.996    232.426    -0.0011 1.0000e-12     0.1275  662381325   175.4486          9   3050.774  10526.917     252647  0.000e+00
   3006.983    34.9799    34.9425     2.7944     2.7953    179.072    232.448    -0.0011 1.0000e-12     0.1275  662381326   175.4493          9   3050.774  10526.958     252648  0.000e+00
   3007.003    34.9801    34.9423     2.7944     2.7953    178.817    232.474    -0.0011 1.0000e-12     0.1275  662381326   175.4500          9   3050.795  10527.000     252649  0.000e+00
   3007.030    34.9805    34.9425     2.7944     2.7953    178.894    232.498    -0.0011 1.0000e-12     0.1275  662381326   175.4507          9   3050.822  10527.042     252650  0.000e+00
   2003.499    35.0852    35.0427     3.9792     3.9802    191.598    240.302    -0.0011 1.0337e-03     0.1348  662382544   195.7625         10   2027.851  11745.750     281899  0.000e+00
   2003.499    35.0854    35.0429     3.9790     3.9802    191.165    240.320    -0.0011 1.0337e-03     0.1348  662382544   195.7632         10   2027.851  11745.792     281900  0.000e+00
   2003.545    35.0858    35.0425     3.9789     3.9803    190.782    240.340    -0.0011 8.8110e-04     0.1348  662382544   195.7639         10   2027.898  11745.833     281901  0.000e+00
   2003.598    35.0849    35.0426     3.9788     3.9805    190.713    240.358    -0.0011 8.8110e-04     0.1348  662382544   195.7646         10   2027.951  11745.875     281902  0.000e+00
   2003.545    35.0853    35.0427     3.9789     3.9805    190.554    240.375    -0.0011 8.8110e-04     0.1348  662382544   195.7653         10   2027.898  11745.917     281903  0.000e+00
   2003.598    35.0851    35.0428     3.9787     3.9805    190.234    240.395    -0.0011 8.8110e-04     0.1348  662382545   195.7660         10   2027.951  11745.958     281904  0.000e+00
   2003.650    35.0855    35.0428     3.9784     3.9803    189.933    240.350    -0.0011 1.0337e-03     0.1348  662382545   195.7667         10   2028.005  11746.000     281905  0.000e+00
   2003.650    35.0851    35.0426     3.9784     3.9803    189.916    240.300    -0.0011 1.0337e-03     0.1348  662382545   195.7674         10   2028.005  11746.042     281906  0.000e+00
   2003.650    35.0853    35.0430     3.9785     3.9800    190.184    240.249    -0.0011 1.0337e-03     0.1348  662382545   195.7681         10   2028.005  11746.083     281907  0.000e+00
   2003.748    35.0855    35.0427     3.9782     3.9798    190.255    240.199    -0.0011 1.0337e-03     0.1348  662382545   195.7688         10   2028.105  11746.125     281908  0.000e+00
   2003.696    35.0850    35.0426     3.9784     3.9796    190.519    240.207    -0.0011 1.0337e-03     0.1348  662382545   195.7694         10   2028.052  11746.167     281909  0.000e+00
   2003.748    35.0848    35.0432     3.9784     3.9792    190.272    240.218    -0.0011 1.0337e-03     0.1348  662382545   195.7701         10   2028.105  11746.208     281910  0.000e+00
   2003.794    35.0850    35.0429     3.9782     3.9793    189.957    240.228    -0.0011 1.0337e-03     0.1348  662382545   195.7708         10   2028.152  11746.250     281911  0.000e+00
   2003.794    35.0854    35.0430     3.9784     3.9790    189.349    240.237     0.0062 1.0337e-03     0.1348  662382545   195.7715         10   2028.152  11746.292     281912  0.000e+00
   2003.794    35.0856    35.0432     3.9784     3.9791    188.942    240.244    -0.0011 1.0337e-03     0.1348  662382545   195.7722         10   2028.152  11746.333     281913  0.000e+00
   2003.899    35.0855    35.0426     3.9786     3.9792    188.999    240.255    -0.0011 1.0337e-03     0.1324  662382545   195.7729         10   2028.258  11746.375     281914  0.000e+00
   2003.847    35.0855    35.0430     3.9785     3.9792    189.070    240.326     0.0062 1.0337e-03     0.1324  662382545   195.7736         10   2028.205  11746.417     281915  0.000e+00
   2003.899    35.0850    35.0431     3.9785     3.9793    189.199    240.338    -0.0011 1.0337e-03     0.1324  662382545   195.7743         10   2028.258  11746.458     281916  0.000e+00
   2003.945    35.0851    35.0430     3.9787     3.9790    189.073    240.351    -0.0011 1.0337e-03     0.1324  662382545   195.7750         10   2028.305  11746.500     281917  0.000e+00
   2003.998    35.0850    35.0423     3.9786     3.9791    188.916    240.364    -0.0011 1.0337e-03     0.1324  662382545   195.7757         10   2028.358  11746.542     281918  0.000e+00
   2003.945    35.0852    35.0426     3.9785     3.9789    188.765    240.374    -0.0011 1.0337e-03     0.1324  662382545   195.7764         10   2028.305  11746.583     281919  0.000e+00
   2004.044    35.0852    35.0430     3.9787     3.9790    187.968    240.386    -0.0011 1.0337e-03     0.1324  662382545   195.7771         10   2028.405  11746.625     281920  0.000e+00
   2004.044    35.0847    35.0431     3.9786     3.9789    187.138    240.397    -0.0011 1.0337e-03     0.1324  662382545   195.7778         10   2028.405  11746.667     281921  0.000e+00
   2004.044    35.0848    35.0429     3.9785     3.9790    186.500    240.407    -0.0011 1.0337e-03     0.1324  662382545   195.7785         10   2028.405  11746.708     281922  0.000e+00
   2004.096    35.0853    35.0427     3.9784     3.9793    186.142    240.418    -0.0011 1.1867e-03     0.1324  662382545   195.7792         10   2028.459  11746.750     281923  0.000e+00
   2004.149    35.0853    35.0428     3.9785     3.9795    185.535    240.362    -0.0011 1.0337e-03     0.1324  662382545   195.7799         10   2028.512  11746.792     281924  0.000e+00
   2004.149    35.0853    35.0427     3.9787     3.9799    184.989    240.368    -0.0011 1.1867e-03     0.1324  662382545   195.7806         10   2028.512  11746.833     281925  0.000e+00
   2004.149    35.0855    35.0427     3.9787     3.9798    184.688    240.376    -0.0011 1.0337e-03     0.1324  662382545   195.7813         10   2028.512  11746.875     281926  0.000e+00
   2004.247    35.0853    35.0425     3.9788     3.9800    184.235    240.452    -0.0011 1.0337e-03     0.1324  662382545   195.7819         10   2028.612  11746.917     281927  0.000e+00
   2004.195    35.0854    35.0430     3.9787     3.9800    184.115    240.459    -0.0011 1.1867e-03     0.1324  662382546   195.7826         10   2028.559  11746.958     281928  0.000e+00
