data/UWS/Data_management/CTD_sensor_data/SO279_CTD_processed/SO279_69-1_CTD-05_processed.ros
* Sea-Bird SBE 9 Data File:
* FileName = D:\CTDData\SO279\SO279_69-1_CTD-05.hex
* Software Version Seasave V 7.26.1.8
* Temperature SN = 5938
* Conductivity SN = 4108
* Number of Bytes Per Scan = 41
* Number of Voltage Words = 4
* Number of Scans Averaged by the Deck Unit = 1
* NMEA Latitude = 33 17.59 N
* NMEA Longitude = 034 29.50 W
* NMEA UTC (Time) = Dec 20 2020  06:37:33
* NMEA baud rate = 4800
# nquan = 17
# nvalues = 1537                                  
# units = specified
# name 0 = depSM: Depth [salt water, m]
# name 1 = sal00: Salinity, Practical [PSU]
# name 2 = sal11: Salinity, Practical, 2 [PSU]
# name 3 = t090C: Temperature [ITS-90, deg C]
# name 4 = t190C: Temperature, 2 [ITS-90, deg C]
# name 5 = sbeox0Mm/L: Oxygen, SBE 43 [umol/l]
# name 6 = sbeox1Mm/L: Oxygen, SBE 43, 2 [umol/l]
# name 7 = flECO-AFL: Fluorescence, WET Labs ECO-AFL/FL [mg/m^3]
# name 8 = par: PAR/Irradiance, Biospherical/Licor
# name 9 = turbWETntu0: Turbidity, WET Labs ECO [NTU]
# name 10 = timeQ: Time, NMEA [seconds]
# name 11 = timeM: Time, Elapsed [minutes]
# name 12 = nbf: Bottles Fired
# name 13 = prDM: Pressure, Digiquartz [db]
# name 14 = timeS: Time, Elapsed [seconds]
# name 15 = scan: Scan Count
# name 16 = flag:  0.000e+00
# interval = seconds: 0.0416667
# start_time = Dec 20 2020 06:37:34 [NMEA time, first data scan]
# bad_flag = -9.990e-29
*END*
[from data line 1022]
    152.544    36.6387    36.6144    18.8876    18.8888    186.326    192.532    -0.0963 1.0000e-12     0.1275  661771496   167.3639         16    153.688  10041.833     241005  0.000e+00
    152.544    36.6388    36.6147    18.8880    18.8886    186.443    192.550    -0.1110 1.0000e-12     0.1299  661771496   167.3646         16    153.688  10041.875     241006  0.000e+00
    152.563    36.6380    36.6144    18.8883    18.8888    186.449    192.565    -0.1110 1.0000e-12     0.1299  661771496   167.3653         16    153.708  10041.917     241007  0.000e+00
    152.589    36.6381    36.6143    18.8883    18.8888    186.440    192.579    -0.1110 1.0000e-12     0.1299  661771496   167.3660         16    153.733  10041.958     241008  0.000e+00
    152.563    36.6383    36.6148    18.8882    18.8888    186.309    192.588    -0.1110 1.0000e-12     0.1299  661771496   167.3667         16    153.708  10042.000     241009  0.000e+00
    152.544    36.6389    36.6147    18.8881    18.8886    186.430    192.598    -0.1110 1.0000e-12     0.1299  661771496   167.3674         16    153.688  10042.042     241010  0.000e+00
    152.633    36.6382    36.6147    18.8885    18.8886    186.424    192.607    -0.1110 1.0000e-12     0.1299  661771496   167.3681         16    153.778  10042.083     241011  0.000e+00
    152.614    36.6388    36.6146    18.8882    18.8891    186.546    192.753    -0.1110 1.0000e-12     0.1299  661771496   167.3688         16    153.759  10042.125     241012  0.000e+00
    152.633    36.6383    36.6148    18.8883    18.8890    186.426    192.769    -0.1110 1.0000e-12     0.1299  661771496   167.3694         16    153.778  10042.167     241013  0.000e+00
    152.614    36.6385    36.6149    18.8883    18.8891    186.306    192.780    -0.1110 1.0000e-12     0.1299  661771496   167.3701         16    153.759  10042.208     241014  0.000e+00
    152.633    36.6383    36.6150    18.8885    18.8891    186.171    192.790    -0.1110 1.0000e-12     0.1299  661771496   167.3708         16    153.778  10042.250     241015  0.000e+00
    152.659    36.6383    36.6149    18.8885    18.8893    186.289    192.940    -0.1110 1.0000e-12     0.1299  661771496   167.3715         16    153.804  10042.292     241016  0.000e+00
    152.633    36.6386    36.6145    18.8885    18.8893    186.553    192.812    -0.1110 1.0000e-12     0.1299  661771496   167.3722         16    153.778  10042.333     241017  0.000e+00
    152.633    36.6382    36.6148    18.8887    18.8895    186.567    192.826    -0.1110 1.0000e-12     0.1299  661771496   167.3729         16    153.778  10042.375     241018  0.000e+00
    152.659    36.6386    36.6150    18.8885    18.8895    186.452    192.826    -0.1110 1.0000e-12     0.1299  661771496   167.3736         16    153.804  10042.417     241019  0.000e+00
    152.633    36.6385    36.6153    18.8887    18.8891    186.320    192.823    -0.1110 1.0000e-12     0.1299  661771496   167.3743         16    153.778  10042.458     241020  0.000e+00
    152.659    36.6387    36.6149    18.8885    18.8893    186.321    192.818    -0.1110 1.0000e-12     0.1299  661771496   167.3750         16    153.804  10042.500     241021  0.000e+00
    152.633    36.6387    36.6151    18.8885    18.8893    186.313    192.809    -0.1183 1.0000e-12     0.1299  661771496   167.3757         16    153.778  10042.542     241022  0.000e+00
    152.614    36.6389    36.6149    18.8889    18.8893    186.304    192.798    -0.1110 1.0000e-12     0.1299  661771496   167.3764         16    153.759  10042.583     241023  0.000e+00
    152.684    36.6389    36.6149    18.8890    18.8893    186.436    192.799    -0.1110 1.0000e-12     0.1299  661771496   167.3771         16    153.830  10042.625     241024  0.000e+00
    152.633    36.6382    36.6150    18.8892    18.8891    186.583    192.796    -0.1110 1.0000e-12     0.1299  661771497   167.3778         16    153.778  10042.667     241025  0.000e+00
    152.614    36.6384    36.6146    18.8890    18.8893    186.481    192.791    -0.1110 1.0000e-12     0.1299  661771497   167.3785         16    153.759  10042.708     241026  0.000e+00
    152.633    36.6383    36.6147    18.8885    18.8891    186.633    192.798    -0.1110 1.0000e-12     0.1299  661771497   167.3792         16    153.778  10042.750     241027  0.000e+00
    152.614    36.6382    36.6149    18.8883    18.8891    186.533    192.789    -0.1110 1.0000e-12     0.1299  661771497   167.3799         16    153.759  10042.792     241028  0.000e+00
    152.589    36.6386    36.6150    18.8882    18.8891    186.417    192.778    -0.1110 1.0000e-12     0.1299  661771497   167.3806         16    153.733  10042.833     241029  0.000e+00
    152.614    36.6378    36.6152    18.8882    18.8891    186.547    192.766    -0.1110 1.0000e-12     0.1299  661771497   167.3812         16    153.759  10042.875     241030  0.000e+00
    152.589    36.6383    36.6146    18.8880    18.8891    186.545    192.896    -0.1110 1.0000e-12     0.1275  661771497   167.3819         16    153.733  10042.917     241031  0.000e+00
    152.589    36.6381    36.6141    18.8878    18.8884    186.665    192.751    -0.1110 1.0000e-12     0.1275  661771497   167.3826         16    153.733  10042.958     241032  0.000e+00
    152.563    36.6378    36.6139    18.8876    18.8881    186.809    192.589    -0.1110 1.0000e-12     0.1275  661771497   167.3833         16    153.708  10043.000     241033  0.000e+00
    152.544    36.6379    36.6143    18.8875    18.8879    186.702    192.569    -0.1110 1.0000e-12     0.1275  661771497   167.3840         16    153.688  10043.042     241034  0.000e+00
    152.474    36.6380    36.6144    18.8876    18.8879    186.730    192.547    -0.1110 1.0000e-12     0.1275  661771497   167.3847         17    153.618  10043.083     241035  0.000e+00
    152.589    36.6382    36.6142    18.8875    18.8875    186.755    192.660    -0.1110 1.0000e-12     0.1275  661771497   167.3854         17    153.733  10043.125     241036  0.000e+00
    152.474    36.6382    36.6143    18.8878    18.8875    186.774    192.633    -0.1110 1.0000e-12     0.1275  661771497   167.3861         17    153.618  10043.167     241037  0.000e+00
    152.449    36.6381    36.6144    18.8874    18.8875    187.049    192.619    -0.1110 1.0000e-12     0.1275  661771497   167.3868         17    153.592  10043.208     241038  0.000e+00
    152.449    36.6375    36.6144    18.8876    18.8875    186.950    192.460    -0.1110 1.0000e-12     0.1275  661771497   167.3875         17    153.592  10043.250     241039  0.000e+00
    152.474    36.6378    36.6142    18.8875    18.8877    186.964    192.432    -0.1110 1.0000e-12     0.1275  661771497   167.3882         17    153.618  10043.292     241040  0.000e+00
    152.404    36.6381    36.6142    18.8873    18.8881    187.106    192.400    -0.1110 1.0000e-12     0.1275  661771497   167.3889         17    153.547  10043.333     241041  0.000e+00
    152.334    36.6381    36.6145    18.8873    18.8881    187.132    192.511    -0.1110 1.0000e-12     0.1275  661771497   167.3896         17    153.476  10043.375     241042  0.000e+00
    152.353    36.6377    36.6146    18.8875    18.8881    186.901    192.349    -0.1110 1.0000e-12     0.1275  661771497   167.3903         17    153.496  10043.417     241043  0.000e+00
    152.334    36.6381    36.6141    18.8873    18.8881    186.775    192.460    -0.1110 1.0000e-12     0.1275  661771497   167.3910         17    153.476  10043.458     241044  0.000e+00
    152.308    36.6380    36.6146    18.8874    18.8879    186.641    192.437    -0.1110 1.0000e-12     0.1275  661771497   167.3917         17    153.451  10043.500     241045  0.000e+00
    152.308    36.6383    36.6147    18.8876    18.8877    186.619    192.426    -0.1183 1.0000e-12     0.1275  661771497   167.3924         17    153.451  10043.542     241046  0.000e+00
    152.238    36.6383    36.6147    18.8876    18.8879    186.727    192.412    -0.1110 1.0000e-12     0.1275  661771497   167.3931         17    153.380  10043.583     241047  0.000e+00
    152.257    36.6379    36.6147    18.8876    18.8881    186.845    192.399    -0.1110 1.0000e-12     0.1275  661771497   167.3938         17    153.399  10043.625     241048  0.000e+00
    152.143    36.6375    36.6144    18.8878    18.8879    186.983    192.239    -0.1110 1.0000e-12     0.1275  661771498   167.3944         17    153.284  10043.667     241049  0.000e+00
    152.168    36.6381    36.6139    18.8878    18.8876    187.131    192.215    -0.1110 1.0000e-12     0.1275  661771498   167.3951         17    153.309  10043.708     241050  0.000e+00
    152.168    36.6378    36.6143    18.8876    18.8872    186.899    192.188    -0.1110 1.0000e-12     0.1275  661771498   167.3958         17    153.309  10043.750     241051  0.000e+00
    152.143    36.6376    36.6135    18.8878    18.8874    186.762    192.160    -0.1110 1.0000e-12     0.1275  661771498   167.3965         17    153.284  10043.792     241052  0.000e+00
    152.073    36.6380    36.6137    18.8873    18.8872    187.136    192.131    -0.1110 1.0000e-12     0.1275  661771498   167.3972         17    153.213  10043.833     241053  0.000e+00
    152.002    36.6373    36.6140    18.8875    18.8867    187.013    192.114    -0.1183 1.0000e-12     0.1275  661771498   167.3979         17    153.142  10043.875     241054  0.000e+00
    152.028    36.6370    36.6138    18.8870    18.8865    186.893    192.100    -0.1110 1.0000e-12     0.1275  661771498   167.3986         17    153.168  10043.917     241055  0.000e+00
    151.958    36.6369    36.6138    18.8866    18.8862    187.021    192.083    -0.1110 1.0000e-12     0.1275  661771498   167.3993         17    153.097  10043.958     241056  0.000e+00
    151.932    36.6374    36.6138    18.8863    18.8862    186.898    192.066    -0.1037 1.0000e-12     0.1275  661771498   167.4000         17    153.072  10044.000     241057  0.000e+00
    151.888    36.6375    36.6137    18.8863    18.8862    186.887    192.049    -0.1037 1.0000e-12     0.1275  661771498   167.4007         17    153.027  10044.042     241058  0.000e+00
    151.862    36.6373    36.6136    18.8864    18.8858    186.883    192.034    -0.1037 1.0000e-12     0.1275  661771498   167.4014         17    153.001  10044.083     241059  0.000e+00
    151.837    36.6373    36.6136    18.8860    18.8858    186.752    191.873    -0.1037 1.0000e-12     0.1275  661771498   167.4021         17    152.975  10044.125     241060  0.000e+00
    151.818    36.6372    36.6133    18.8858    18.8860    186.749    191.858    -0.1037 1.0000e-12     0.1275  661771498   167.4028         17    152.956  10044.167     241061  0.000e+00
    151.697    36.6373    36.6139    18.8856    18.8862    186.736    191.839    -0.1037 1.0000e-12     0.1275  661771498   167.4035         17    152.834  10044.208     241062  0.000e+00
    151.792    36.6371    36.6135    18.8850    18.8863    186.851    191.829    -0.1037 1.0000e-12     0.1275  661771498   167.4042         17    152.930  10044.250     241063  0.000e+00
    151.627    36.6368    36.6134    18.8846    18.8865    186.830    191.812    -0.1037 1.0000e-12     0.1275  661771498   167.4049         17    152.763  10044.292     241064  0.000e+00
    151.697    36.6371    36.6134    18.8837    18.8867    186.692    191.814    -0.1037 1.0000e-12     0.1275  661771498   167.4056         17    152.834  10044.333     241065  0.000e+00
    151.582    36.6372    36.6132    18.8833    18.8864    186.557    191.804    -0.1037 1.0000e-12     0.1275  661771498   167.4063         17    152.719  10044.375     241066  0.000e+00
    151.601    36.6372    36.6135    18.8832    18.8858    186.676    191.797    -0.1037 1.0000e-12     0.1275  661771498   167.4069         17    152.738  10044.417     241067  0.000e+00
    151.512    36.6370    36.6132    18.8832    18.8858    186.792    191.787    -0.1037 1.0000e-12     0.1275  661771498   167.4076         17    152.648  10044.458     241068  0.000e+00
    151.537    36.6374    36.6134    18.8832    18.8853    186.780    191.783    -0.1037 1.0000e-12     0.1275  661771498   167.4083         17    152.674  10044.500     241069  0.000e+00
    151.416    36.6374    36.6132    18.8837    18.8855    186.633    191.774    -0.1037 1.0000e-12     0.1275  661771498   167.4090         17    152.552  10044.542     241070  0.000e+00
    151.391    36.6372    36.6137    18.8839    18.8850    186.740    191.627    -0.1037 1.0000e-12     0.1275  661771498   167.4097         17    152.526  10044.583     241071  0.000e+00
    151.416    36.6369    36.6137    18.8840    18.8851    186.727    191.612    -0.1037 1.0000e-12     0.1275  661771498   167.4104         17    152.552  10044.625     241072  0.000e+00
    151.365    36.6372    36.6131    18.8849    18.8853    186.716    191.597    -0.1037 1.0000e-12     0.1275  661771499   167.4111         17    152.500  10044.667     241073  0.000e+00
    151.251    36.6373    36.6134    18.8853    18.8855    186.713    191.725    -0.1037 1.0000e-12     0.1275  661771499   167.4118         17    152.385  10044.708     241074  0.000e+00
    151.321    36.6372    36.6135    18.8856    18.8853    186.707    191.728    -0.1037 1.0000e-12     0.1275  661771499   167.4125         17    152.455  10044.750     241075  0.000e+00
    151.206    36.6368    36.6130    18.8859    18.8860    186.835    191.582    -0.1037 1.0000e-12     0.1275  661771499   167.4132         17    152.340  10044.792     241076  0.000e+00
    151.225    36.6368    36.6131    18.8861    18.8863    186.835    191.572    -0.1037 1.0000e-12     0.1275  661771499   167.4139         17    152.359  10044.833     241077  0.000e+00
    151.181    36.6371    36.6131    18.8861    18.8867    186.696    191.707    -0.1037 1.0000e-12     0.1275  661771499   167.4146         17    152.314  10044.875     241078  0.000e+00
    151.111    36.6365    36.6129    18.8864    18.8867    186.556    191.567    -0.1037 1.0000e-12     0.1275  661771499   167.4153         17    152.243  10044.917     241079  0.000e+00
    151.085    36.6366    36.6129    18.8861    18.8867    186.540    191.575    -0.1037 1.0000e-12     0.1275  661771499   167.4160         17    152.218  10044.958     241080  0.000e+00
    151.040    36.6367    36.6128    18.8860    18.8865    186.660    191.572    -0.1037 1.0000e-12     0.1275  661771499   167.4167         17    152.173  10045.000     241081  0.000e+00
    151.021    36.6372    36.6128    18.8858    18.8862    186.668    191.559    -0.1037 1.0000e-12     0.1275  661771499   167.4174         17    152.153  10045.042     241082  0.000e+00
    150.996    36.6368    36.6129    18.8859    18.8860    186.538    191.546    -0.1110 1.0000e-12     0.1275  661771499   167.4181         17    152.128  10045.083     241083  0.000e+00
    150.926    36.6372    36.6131    18.8858    18.8858    186.529    191.534    -0.1110 1.0000e-12     0.1275  661771499   167.4187         17    152.057  10045.125     241084  0.000e+00
    150.945    36.6369    36.6130    18.8865    18.8862    186.520    191.535    -0.1110 1.0000e-12     0.1275  661771499   167.4194         17    152.076  10045.167     241085  0.000e+00
    150.900    36.6368    36.6132    18.8870    18.8863    186.510    191.393    -0.1110 1.0000e-12     0.1275  661771499   167.4201         17    152.031  10045.208     241086  0.000e+00
    150.830    36.6368    36.6127    18.8871    18.8870    186.518    191.383    -0.1110 1.0000e-12     0.1275  661771499   167.4208         17    151.961  10045.250     241087  0.000e+00
    150.849    36.6363    36.6128    18.8871    18.8869    186.522    191.367    -0.1110 1.0000e-12     0.1275  661771499   167.4215         17    151.980  10045.292     241088  0.000e+00
