data/UWS/Data_management/CTD_sensor_data/SO279_CTD_processed/SO279_53-1_CTD-04_processed.ros
* Sea-Bird SBE 9 Data File:
* FileName = D:\CTDData\SO279\SO279_53-1_CTD-04.hex
* Software Version Seasave V 7.26.1.8
* Temperature SN = 5938
* Conductivity SN = 4108
* Number of Bytes Per Scan = 41
* Number of Voltage Words = 4
* Number of Scans Averaged by the Deck Unit = 1
* NMEA Latitude = 31 07.08 N
* NMEA Longitude = 033 48.97 W
* NMEA UTC (Time) = Dec 18 2020  11:51:30
* NMEA baud rate = 4800
# nquan = 17
# nvalues = 1459                                  
# units = specified
# name 0 = depSM: Depth [salt water, m]
# name 1 = sal00: Salinity, Practical [PSU]
# name 2 = sal11: Salinity, Practical, 2 [PSU]
# name 3 = t090C: Temperature [ITS-90, deg C]
# name 4 = t190C: Temperature, 2 [ITS-90, deg C]
# name 5 = sbeox0Mm/L: Oxygen, SBE 43 [umol/l]
# name 6 = sbeox1Mm/L: Oxygen, SBE 43, 2 [umol/l]
# name 7 = flECO-AFL: Fluorescence, WET Labs ECO-AFL/FL [mg/m^3]
# name 8 = par: PAR/Irradiance, Biospherical/Licor
# name 9 = turbWETntu0: Turbidity, WET Labs ECO [NTU]
# name 10 = timeQ: Time, NMEA [seconds]
# name 11 = timeM: Time, Elapsed [minutes]
# name 12 = nbf: Bottles Fired
# name 13 = prDM: Pressure, Digiquartz [db]
# name 14 = timeS: Time, Elapsed [seconds]
# name 15 = scan: Scan Count
# name 16 = flag:  0.000e+00
# interval = seconds: 0.0416667
# start_time = Dec 18 2020 11:51:31 [NMEA time, first data scan]
# bad_flag = -9.990e-29
*END*
[from data line 1192]
     52.851    37.1683    37.1462    21.6985    21.6979    199.130    204.682     0.0648 1.0000e-12     0.1324  661619299   196.8097         21     53.225  11808.583     283407  0.000e+00
     52.851    37.1680    37.1460    21.6984    21.6982    199.231    204.562     0.0648 1.0000e-12     0.1348  661619299   196.8104         21     53.225  11808.625     283408  0.000e+00
     52.902    37.1680    37.1459    21.6983    21.6980    199.107    204.702     0.0648 1.0000e-12     0.1348  661619299   196.8111         21     53.276  11808.667     283409  0.000e+00
     52.902    37.1680    37.1461    21.6984    21.6978    199.217    204.719     0.0648 1.0000e-12     0.1348  661619299   196.8118         21     53.276  11808.708     283410  0.000e+00
     52.946    37.1682    37.1461    21.6984    21.6978    199.095    204.727     0.0648 1.0000e-12     0.1348  661619299   196.8125         21     53.321  11808.750     283411  0.000e+00
     52.902    37.1678    37.1464    21.6987    21.6978    199.087    204.744     0.0648 1.0000e-12     0.1348  661619299   196.8132         21     53.276  11808.792     283412  0.000e+00
     52.896    37.1680    37.1464    21.6984    21.6982    199.195    204.752     0.0648 1.0000e-12     0.1348  661619299   196.8139         21     53.270  11808.833     283413  0.000e+00
     52.946    37.1679    37.1459    21.6982    21.6983    199.199    204.763     0.0648 1.0000e-12     0.1348  661619299   196.8146         21     53.321  11808.875     283414  0.000e+00
     52.902    37.1681    37.1459    21.6984    21.6987    199.200    204.772     0.0648 1.0000e-12     0.1348  661619299   196.8153         21     53.276  11808.917     283415  0.000e+00
     52.902    37.1683    37.1463    21.6985    21.6987    199.204    204.773     0.0648 1.0000e-12     0.1348  661619300   196.8160         21     53.276  11808.958     283416  0.000e+00
     52.946    37.1684    37.1462    21.6983    21.6987    199.092    204.786     0.0722 1.0000e-12     0.1324  661619300   196.8167         21     53.321  11809.000     283417  0.000e+00
     52.902    37.1676    37.1458    21.6986    21.6987    199.091    204.799     0.0648 1.0000e-12     0.1348  661619300   196.8174         21     53.276  11809.042     283418  0.000e+00
     52.946    37.1679    37.1459    21.6982    21.6991    199.216    204.812     0.0722 1.0000e-12     0.1348  661619300   196.8181         21     53.321  11809.083     283419  0.000e+00
     52.940    37.1680    37.1462    21.6983    21.6987    199.219    204.828     0.0648 1.0000e-12     0.1348  661619300   196.8187         21     53.314  11809.125     283420  0.000e+00
     52.946    37.1682    37.1457    21.6983    21.6991    199.230    204.842     0.0648 1.0000e-12     0.1348  661619300   196.8194         21     53.321  11809.167     283421  0.000e+00
     52.946    37.1679    37.1462    21.6980    21.6987    199.238    204.992     0.0648 1.0000e-12     0.1348  661619300   196.8201         21     53.321  11809.208     283422  0.000e+00
     52.902    37.1683    37.1461    21.6982    21.6988    199.243    205.017     0.0648 1.0000e-12     0.1348  661619300   196.8208         21     53.276  11809.250     283423  0.000e+00
     52.991    37.1684    37.1458    21.6983    21.6989    199.253    205.036     0.0648 1.0000e-12     0.1324  661619300   196.8215         21     53.366  11809.292     283424  0.000e+00
     52.946    37.1682    37.1461    21.6982    21.6989    199.381    204.918     0.0575 1.0000e-12     0.1348  661619300   196.8222         21     53.321  11809.333     283425  0.000e+00
     52.946    37.1682    37.1459    21.6983    21.6991    199.398    205.058     0.0575 1.0000e-12     0.1348  661619300   196.8229         21     53.321  11809.375     283426  0.000e+00
     52.940    37.1687    37.1458    21.6979    21.6989    199.415    205.076     0.0575 1.0000e-12     0.1348  661619300   196.8236         21     53.314  11809.417     283427  0.000e+00
     52.946    37.1680    37.1458    21.6982    21.6989    199.433    205.093     0.0575 1.0000e-12     0.1348  661619300   196.8243         21     53.321  11809.458     283428  0.000e+00
     52.946    37.1678    37.1460    21.6983    21.6989    199.572    205.110     0.0575 1.0000e-12     0.1348  661619300   196.8250         21     53.321  11809.500     283429  0.000e+00
     52.991    37.1682    37.1458    21.6980    21.6989    199.599    205.261     0.0575 1.0000e-12     0.1348  661619300   196.8257         21     53.365  11809.542     283430  0.000e+00
     52.946    37.1685    37.1458    21.6980    21.6989    199.624    205.153     0.0575 1.0000e-12     0.1348  661619300   196.8264         21     53.320  11809.583     283431  0.000e+00
     52.990    37.1681    37.1459    21.6982    21.6989    199.652    205.171     0.0575 1.0000e-12     0.1348  661619300   196.8271         21     53.365  11809.625     283432  0.000e+00
     52.946    37.1682    37.1461    21.6983    21.6989    199.797    205.186     0.0575 1.0000e-12     0.1348  661619300   196.8278         21     53.320  11809.667     283433  0.000e+00
     52.990    37.1679    37.1457    21.6982    21.6991    199.833    205.327     0.0575 1.0000e-12     0.1348  661619300   196.8285         21     53.365  11809.708     283434  0.000e+00
     52.990    37.1677    37.1459    21.6984    21.6989    199.867    205.342     0.0575 1.0000e-12     0.1348  661619300   196.8292         21     53.365  11809.750     283435  0.000e+00
     52.990    37.1684    37.1461    21.6984    21.6989    199.900    205.357     0.0575 1.0000e-12     0.1348  661619300   196.8299         21     53.365  11809.792     283436  0.000e+00
     52.990    37.1680    37.1457    21.6982    21.6991    199.936    205.370     0.0575 1.0000e-12     0.1348  661619300   196.8306         21     53.365  11809.833     283437  0.000e+00
     52.946    37.1682    37.1459    21.6984    21.6990    200.082    205.515     0.0575 1.0000e-12     0.1348  661619300   196.8313         21     53.320  11809.875     283438  0.000e+00
     52.990    37.1679    37.1460    21.6985    21.6991    200.118    205.537     0.0575 1.0000e-12     0.1348  661619300   196.8319         21     53.365  11809.917     283439  0.000e+00
     52.990    37.1678    37.1460    21.6986    21.6991    200.152    205.558     0.0575 1.0000e-12     0.1348  661619301   196.8326         21     53.365  11809.958     283440  0.000e+00
     52.990    37.1682    37.1461    21.6983    21.6991    200.060    205.577     0.0575 1.0000e-12     0.1348  661619301   196.8333         21     53.365  11810.000     283441  0.000e+00
     53.035    37.1678    37.1458    21.6984    21.6991    200.202    205.586     0.0575 1.0000e-12     0.1348  661619301   196.8340         21     53.410  11810.042     283442  0.000e+00
     52.990    37.1682    37.1458    21.6983    21.6989    200.227    205.591     0.0575 1.0000e-12     0.1348  661619301   196.8347         21     53.365  11810.083     283443  0.000e+00
     52.990    37.1679    37.1460    21.6985    21.6991    200.246    205.595     0.0575 1.0000e-12     0.1348  661619301   196.8354         21     53.365  11810.125     283444  0.000e+00
     53.041    37.1681    37.1461    21.6986    21.6989    200.265    205.743     0.0575 1.0000e-12     0.1324  661619301   196.8361         21     53.416  11810.167     283445  0.000e+00
     52.990    37.1679    37.1457    21.6985    21.6991    200.162    205.762     0.0575 1.0000e-12     0.1348  661619301   196.8368         21     53.365  11810.208     283446  0.000e+00
     53.041    37.1681    37.1459    21.6984    21.6992    200.174    205.782     0.0575 1.0000e-12     0.1348  661619301   196.8375         21     53.416  11810.250     283447  0.000e+00
     53.041    37.1681    37.1463    21.6987    21.6991    200.184    205.800     0.0575 1.0000e-12     0.1348  661619301   196.8382         21     53.416  11810.292     283448  0.000e+00
     53.035    37.1682    37.1461    21.6988    21.6991    200.186    205.683     0.0575 1.0000e-12     0.1348  661619301   196.8389         21     53.410  11810.333     283449  0.000e+00
     52.990    37.1679    37.1461    21.6988    21.6991    200.194    205.820     0.0502 1.0000e-12     0.1373  661619301   196.8396         21     53.365  11810.375     283450  0.000e+00
     53.085    37.1680    37.1460    21.6988    21.6991    200.205    205.703     0.0502 1.0000e-12     0.1373  661619301   196.8403         21     53.461  11810.417     283451  0.000e+00
     52.990    37.1680    37.1461    21.6988    21.6992    200.324    205.703     0.0502 1.0000e-12     0.1373  661619301   196.8410         21     53.365  11810.458     283452  0.000e+00
     53.085    37.1682    37.1463    21.6987    21.6992    200.206    205.839     0.0502 1.0000e-12     0.1373  661619301   196.8417         21     53.461  11810.500     283453  0.000e+00
     53.041    37.1680    37.1460    21.6989    21.6992    200.197    205.848     0.0502 1.0000e-12     0.1373  661619301   196.8424         21     53.416  11810.542     283454  0.000e+00
     53.041    37.1679    37.1464    21.6988    21.6989    200.189    205.856     0.0502 1.0000e-12     0.1373  661619301   196.8431         21     53.416  11810.583     283455  0.000e+00
     53.085    37.1681    37.1458    21.6988    21.6992    200.181    205.730     0.0502 1.0000e-12     0.1373  661619301   196.8438         21     53.461  11810.625     283456  0.000e+00
     53.034    37.1677    37.1462    21.6990    21.6991    200.175    205.713     0.0502 1.0000e-12     0.1373  661619301   196.8444         21     53.410  11810.667     283457  0.000e+00
     53.085    37.1680    37.1459    21.6988    21.6992    200.165    205.841     0.0502 1.0000e-12     0.1373  661619301   196.8451         21     53.461  11810.708     283458  0.000e+00
     53.085    37.1682    37.1458    21.6990    21.6991    200.158    205.710     0.0502 1.0000e-12     0.1373  661619301   196.8458         21     53.461  11810.750     283459  0.000e+00
     53.041    37.1682    37.1458    21.6989    21.6992    200.144    205.699     0.0502 1.0000e-12     0.1373  661619301   196.8465         21     53.416  11810.792     283460  0.000e+00
     53.085    37.1679    37.1459    21.6989    21.6992    200.131    205.823     0.0502 1.0000e-12     0.1373  661619301   196.8472         21     53.461  11810.833     283461  0.000e+00
     53.130    37.1677    37.1458    21.6990    21.6991    200.124    205.822     0.0502 1.0000e-12     0.1373  661619301   196.8479         21     53.506  11810.875     283462  0.000e+00
     53.085    37.1679    37.1459    21.6991    21.6991    200.113    205.817     0.0502 1.0000e-12     0.1373  661619301   196.8486         21     53.461  11810.917     283463  0.000e+00
     53.130    37.1685    37.1458    21.6988    21.6992    199.983    205.812     0.0502 1.0000e-12     0.1373  661619302   196.8493         21     53.506  11810.958     283464  0.000e+00
     53.085    37.1683    37.1458    21.6991    21.6991    199.964    205.671     0.0502 1.0000e-12     0.1373  661619302   196.8500         21     53.461  11811.000     283465  0.000e+00
     53.085    37.1681    37.1460    21.6990    21.6992    199.940    205.652     0.0502 1.0000e-12     0.1373  661619302   196.8507         21     53.461  11811.042     283466  0.000e+00
     53.130    37.1682    37.1459    21.6989    21.6992    199.916    205.633     0.0502 1.0000e-12     0.1373  661619302   196.8514         21     53.505  11811.083     283467  0.000e+00
     53.085    37.1680    37.1459    21.6990    21.6993    199.896    205.611     0.0502 1.0000e-12     0.1373  661619302   196.8521         21     53.461  11811.125     283468  0.000e+00
     53.130    37.1678    37.1458    21.6993    21.6992    199.876    205.591     0.0502 1.0000e-12     0.1373  661619302   196.8528         21     53.505  11811.167     283469  0.000e+00
     53.130    37.1681    37.1460    21.6991    21.6991    199.736    205.568     0.0502 1.0000e-12     0.1373  661619302   196.8535         21     53.505  11811.208     283470  0.000e+00
     53.079    37.1677    37.1460    21.6994    21.6994    199.827    205.551     0.0502 1.0000e-12     0.1373  661619302   196.8542         21     53.454  11811.250     283471  0.000e+00
     53.180    37.1678    37.1458    21.6993    21.6994    199.809    205.539     0.0502 1.0000e-12     0.1373  661619302   196.8549         21     53.557  11811.292     283472  0.000e+00
     53.225    37.1679    37.1458    21.6994    21.6992    199.788    205.658     0.0502 1.0000e-12     0.1373  661619302   196.8556         21     53.601  11811.333     283473  0.000e+00
     53.129    37.1680    37.1457    21.6993    21.6992    199.770    205.638     0.0502 1.0000e-12     0.1373  661619302   196.8562         21     53.505  11811.375     283474  0.000e+00
     53.129    37.1682    37.1456    21.6994    21.6994    199.753    205.496     0.0502 1.0000e-12     0.1397  661619302   196.8569         21     53.505  11811.417     283475  0.000e+00
     53.180    37.1678    37.1459    21.6995    21.6994    199.739    205.610     0.0502 1.0000e-12     0.1422  661619302   196.8576         21     53.557  11811.458     283476  0.000e+00
     53.129    37.1681    37.1460    21.6994    21.6992    199.721    205.598     0.0502 1.0000e-12     0.1422  661619302   196.8583         21     53.505  11811.500     283477  0.000e+00
     53.225    37.1682    37.1459    21.6995    21.6994    199.713    205.588     0.0502 1.0000e-12     0.1422  661619302   196.8590         21     53.601  11811.542     283478  0.000e+00
     28.432    37.1649    37.1466    21.7001    21.7000    199.416    205.888     0.0209 1.0000e-12     0.1373  661619386   198.2535         22     28.632  11895.208     285486  0.000e+00
     28.483    37.1648    37.1464    21.7003    21.7001    199.428    205.891     0.0209 1.0000e-12     0.1373  661619386   198.2542         22     28.683  11895.250     285487  0.000e+00
     28.407    37.1647    37.1460    21.7003    21.7000    199.431    205.893     0.0209 1.0000e-12     0.1348  661619386   198.2549         22     28.606  11895.292     285488  0.000e+00
     28.432    37.1650    37.1467    21.7004    21.7000    199.436    205.895     0.0209 1.0000e-12     0.1373  661619386   198.2556         22     28.631  11895.333     285489  0.000e+00
     28.483    37.1650    37.1468    21.7001    21.6998    199.444    205.898     0.0136 1.0000e-12     0.1373  661619386   198.2562         22     28.683  11895.375     285490  0.000e+00
     28.483    37.1650    37.1462    21.7003    21.7000    199.449    205.899     0.0062 1.0000e-12     0.1373  661619386   198.2569         22     28.683  11895.417     285491  0.000e+00
     28.457    37.1646    37.1468    21.7003    21.6998    199.461    205.899     0.0062 1.0000e-12     0.1373  661619386   198.2576         22     28.657  11895.458     285492  0.000e+00
     28.483    37.1650    37.1461    21.7001    21.7003    199.475    205.899     0.0062 1.0000e-12     0.1373  661619386   198.2583         22     28.682  11895.500     285493  0.000e+00
     28.432    37.1647    37.1463    21.7004    21.7001    199.487    205.888     0.0062 1.0000e-12     0.1373  661619386   198.2590         22     28.631  11895.542     285494  0.000e+00
     28.483    37.1649    37.1466    21.7001    21.7001    199.503    205.756     0.0062 1.0000e-12     0.1373  661619386   198.2597         22     28.682  11895.583     285495  0.000e+00
     28.457    37.1649    37.1468    21.7004    21.7005    199.516    205.876     0.0062 1.0000e-12     0.1373  661619386   198.2604         22     28.657  11895.625     285496  0.000e+00
     28.483    37.1651    37.1465    21.7003    21.7005    199.525    205.866     0.0062 1.0000e-12     0.1373  661619386   198.2611         22     28.682  11895.667     285497  0.000e+00
