data/UWS/Data_management/CTD_sensor_data/SO279_CTD_processed/SO279_22-1_CTD-02_processed_DepthAVG.cnv
* Sea-Bird SBE 9 Data File:
* FileName = D:\CTDData\SO279\SO279_22-1_CTD-01.hex
* Software Version Seasave V 7.26.1.8
* Temperature SN = 5938
* Conductivity SN = 4108
* Number of Bytes Per Scan = 41
* Number of Voltage Words = 4
* Number of Scans Averaged by the Deck Unit = 1
* NMEA Latitude = 31 16.05 N
* NMEA Longitude = 024 48.73 W
* NMEA UTC (Time) = Dec 14 2020  00:25:11
* NMEA baud rate = 4800
# nquan = 16
# nvalues = 1081                        
# units = specified
# name 0 = depSM: Depth [salt water, m]
# name 1 = sal00: Salinity, Practical [PSU]
# name 2 = sal11: Salinity, Practical, 2 [PSU]
# name 3 = t090C: Temperature [ITS-90, deg C]
# name 4 = t190C: Temperature, 2 [ITS-90, deg C]
# name 5 = sbeox0Mm/L: Oxygen, SBE 43 [umol/l]
# name 6 = sbeox1Mm/L: Oxygen, SBE 43, 2 [umol/l]
# name 7 = flECO-AFL: Fluorescence, WET Labs ECO-AFL/FL [mg/m^3]
# name 8 = par: PAR/Irradiance, Biospherical/Licor
# name 9 = turbWETntu0: Turbidity, WET Labs ECO [NTU]
# name 10 = timeQ: Time, NMEA [seconds]
# name 11 = timeM: Time, Elapsed [minutes]
# name 12 = nbf: Bottles Fired
# name 13 = prDM: Pressure, Digiquartz [db]
# name 14 = timeS: Time, Elapsed [seconds]
# name 15 = flag: flag
# span 0 =     10.000,   5410.000       
# span 1 =    32.0260,    37.1133       
# span 2 =    34.5735,    37.0141       
# span 3 =     2.4184,    20.7617       
# span 4 =     2.4194,    20.7620       
# span 5 =    169.142,    229.154       
# span 6 =    162.350,    235.456       
# span 7 =    -0.0619,     0.2376       
# span 8 = -2.304e-05, 8.7528e-04       
# span 9 =     0.1201,     0.1396       
# span 10 =  661220751,  661229207      
# span 11 =     0.6521,   141.5810      
# span 12 =          0,          3      
# span 13 =     10.070,   5517.682      
# span 14 =     39.126,   8494.858      
# span 15 = 0.0000e+00, 0.0000e+00      
# interval = meters: 5                  
# start_time = Dec 14 2020 00:25:12 [NMEA time, first data scan]
# bad_flag = -9.990e-29
*END*
[from data line 452]
   2270.000    35.0301    35.0213     3.5621     3.5635    226.033    232.430     0.0021 1.0000e-12     0.1291  661224236    58.7382          0   2298.321   3524.289 0.0000e+00
   2275.000    35.0299    35.0209     3.5600     3.5605    225.936    231.717     0.0027 1.0000e-12     0.1303  661224243    58.8550          0   2303.411   3531.300 0.0000e+00
   2280.000    35.0294    35.0205     3.5511     3.5525    225.707    231.339     0.0067 1.0000e-12     0.1278  661224251    58.9890          0   2308.501   3539.340 0.0000e+00
   2285.000    35.0290    35.0201     3.5414     3.5428    225.451    231.467     0.0059 1.0000e-12     0.1296  661224257    59.0937          0   2313.591   3545.620 0.0000e+00
   2290.000    35.0287    35.0199     3.5367     3.5381    224.923    230.814     0.0081 1.0000e-12     0.1292  661224265    59.2240          0   2318.681   3553.438 0.0000e+00
   2295.000    35.0284    35.0195     3.5325     3.5337    224.726    230.526     0.0060 1.0000e-12     0.1297  661224272    59.3370          0   2323.771   3560.223 0.0000e+00
   2300.000    35.0277    35.0189     3.5254     3.5267    224.748    230.606    -0.0006 1.0000e-12     0.1289  661224281    59.4813          0   2328.861   3568.877 0.0000e+00
   2305.000    35.0273    35.0183     3.5212     3.5228    224.647    230.495     0.0046 1.0000e-12     0.1306  661224286    59.5763          0   2333.952   3574.578 0.0000e+00
   2310.000    35.0256    35.0168     3.5021     3.5036    224.436    230.517     0.0031 1.0000e-12     0.1289  661224293    59.6907          0   2339.042   3581.441 0.0000e+00
   2315.000    35.0244    35.0156     3.4925     3.4953    224.695    230.655     0.0075 1.0000e-12     0.1287  661224300    59.8122          0   2344.133   3588.733 0.0000e+00
   2320.000    35.0223    35.0134     3.4745     3.4742    225.048    230.947     0.0021 1.0000e-12     0.1288  661224308    59.9434          0   2349.224   3596.604 0.0000e+00
   2325.000    35.0213    35.0125     3.4665     3.4681    225.417    231.306     0.0044 1.0000e-12     0.1298  661224315    60.0590          0   2354.315   3603.541 0.0000e+00
   2330.000    35.0203    35.0115     3.4565     3.4579    225.405    231.497     0.0056 1.0000e-12     0.1320  661224323    60.1882          0   2359.406   3611.293 0.0000e+00
   2335.000    35.0193    35.0104     3.4478     3.4509    225.750    231.321     0.0046 1.0000e-12     0.1285  661224329    60.2905          0   2364.497   3617.431 0.0000e+00
   2340.000    35.0196    35.0107     3.4443     3.4457    225.345    231.203     0.0042 1.0000e-12     0.1290  661224338    60.4356          0   2369.588   3626.138 0.0000e+00
   2345.000    35.0189    35.0100     3.4390     3.4402    225.232    231.098     0.0071 1.0000e-12     0.1298  661224344    60.5288          0   2374.680   3631.727 0.0000e+00
   2350.000    35.0178    35.0091     3.4319     3.4345    225.357    231.378     0.0065 1.0000e-12     0.1299  661224354    60.6971          0   2379.771   3641.826 0.0000e+00
   2355.000    35.0165    35.0077     3.4221     3.4235    225.561    231.360     0.0062 1.0000e-12     0.1297  661224358    60.7742          0   2384.863   3646.451 0.0000e+00
   2360.000    35.0152    35.0063     3.4111     3.4124    225.883    231.854     0.0038 1.0000e-12     0.1276  661224367    60.9252          0   2389.955   3655.514 0.0000e+00
   2365.000    35.0150    35.0061     3.4072     3.4086    225.966    231.964     0.0028 1.0000e-12     0.1294  661224373    61.0283          0   2395.046   3661.698 0.0000e+00
   2370.000    35.0155    35.0067     3.4069     3.4084    225.524    231.474     0.0046 1.0000e-12     0.1290  661224381    61.1472          0   2400.138   3668.831 0.0000e+00
   2375.000    35.0144    35.0057     3.3981     3.3999    225.415    230.862     0.0025 1.0000e-12     0.1297  661224389    61.2798          0   2405.230   3676.789 0.0000e+00
   2380.000    35.0133    35.0045     3.3881     3.3894    225.652    231.503     0.0032 1.0000e-12     0.1307  661224395    61.3893          0   2410.323   3683.355 0.0000e+00
   2385.000    35.0130    35.0041     3.3836     3.3852    225.559    231.286     0.0059 1.0000e-12     0.1287  661224403    61.5202          0   2415.415   3691.210 0.0000e+00
   2390.000    35.0124    35.0035     3.3754     3.3767    225.369    231.056     0.0037 1.0000e-12     0.1276  661224410    61.6384          0   2420.507   3698.303 0.0000e+00
   2395.000    35.0117    35.0028     3.3703     3.3717    225.445    231.195     0.0037 1.0000e-12     0.1299  661224417    61.7616          0   2425.600   3705.694 0.0000e+00
   2400.000    35.0111    35.0023     3.3632     3.3645    225.546    231.500     0.0066 1.0000e-12     0.1295  661224425    61.8901          0   2430.693   3713.405 0.0000e+00
   2405.000    35.0105    35.0015     3.3580     3.3589    225.575    231.436     0.0048 4.3576e-06     0.1301  661224432    61.9973          0   2435.786   3719.838 0.0000e+00
   2410.000    35.0094    35.0006     3.3460     3.3477    225.498    231.391     0.0042 2.4358e-07     0.1300  661224439    62.1281          0   2440.878   3727.683 0.0000e+00
   2415.000    35.0087    34.9998     3.3390     3.3402    225.544    231.420     0.0112 1.0000e-12     0.1297  661224446    62.2348          0   2445.971   3734.087 0.0000e+00
   2420.000    35.0080    34.9990     3.3333     3.3331    225.710    231.287     0.0044 1.0000e-12     0.1287  661224455    62.3926          0   2451.065   3743.553 0.0000e+00
   2425.000    35.0076    34.9987     3.3307     3.3316    225.670    231.417     0.0013 1.0000e-12     0.1294  661224461    62.4864          0   2456.158   3749.181 0.0000e+00
   2430.000    35.0070    34.9983     3.3236     3.3248    225.655    231.594     0.0041 1.1972e-05     0.1316  661224470    62.6412          0   2461.251   3758.472 0.0000e+00
   2435.000    35.0061    34.9972     3.3155     3.3160    225.697    231.355     0.0056 3.3726e-04     0.1289  661224475    62.7265          0   2466.345   3763.591 0.0000e+00
   2440.000    35.0053    34.9965     3.3069     3.3081    225.718    231.126     0.0060 7.3142e-05     0.1296  661224483    62.8552          0   2471.439   3771.314 0.0000e+00
   2445.000    35.0049    34.9960     3.3041     3.3053    225.908    231.770     0.0087 2.2175e-04     0.1283  661224490    62.9736          0   2476.532   3778.413 0.0000e+00
   2450.000    35.0042    34.9954     3.2975     3.2987    225.756    231.526     0.0042 4.6438e-05     0.1287  661224498    63.1050          0   2481.626   3786.299 0.0000e+00
   2455.000    35.0034    34.9946     3.2882     3.2895    225.788    231.293     0.0014 -1.689e-06     0.1290  661224505    63.2268          0   2486.720   3793.607 0.0000e+00
   2460.000    35.0030    34.9941     3.2861     3.2877    225.772    231.450     0.0056 1.0454e-04     0.1290  661224512    63.3387          0   2491.814   3800.320 0.0000e+00
   2465.000    35.0023    34.9936     3.2789     3.2802    225.828    231.558     0.0084 7.1244e-06     0.1298  661224520    63.4708          0   2496.909   3808.249 0.0000e+00
   2470.000    35.0021    34.9932     3.2781     3.2796    225.933    231.453     0.0046 7.1139e-07     0.1291  661224526    63.5771          0   2502.003   3814.628 0.0000e+00
   2475.000    35.0016    34.9928     3.2731     3.2744    225.799    231.277     0.0103 1.0000e-12     0.1287  661224534    63.7022          0   2507.097   3822.133 0.0000e+00
   2480.000    35.0011    34.9923     3.2680     3.2691    225.933    231.352     0.0056 6.7853e-06     0.1285  661224542    63.8311          0   2512.192   3829.869 0.0000e+00
   2485.000    35.0003    34.9914     3.2596     3.2604    226.023    231.621     0.0043 1.5465e-05     0.1281  661224549    63.9504          0   2517.287   3837.023 0.0000e+00
   2490.000    34.9997    34.9908     3.2522     3.2535    225.908    231.650    -0.0019 7.5885e-07     0.1298  661224556    64.0660          0   2522.381   3843.961 0.0000e+00
   2495.000    34.9988    34.9901     3.2453     3.2468    225.988    231.751     0.0054 1.0000e-12     0.1288  661224563    64.1874          0   2527.477   3851.244 0.0000e+00
   2500.000    34.9984    34.9896     3.2405     3.2421    225.978    231.484     0.0052 1.0000e-12     0.1283  661224571    64.3154          0   2532.572   3858.922 0.0000e+00
   2505.000    34.9979    34.9891     3.2363     3.2376    225.877    231.361     0.0021 7.2027e-05     0.1288  661224578    64.4309          0   2537.667   3865.855 0.0000e+00
   2510.000    34.9974    34.9886     3.2326     3.2339    226.069    231.745     0.0035 6.0452e-05     0.1266  661224585    64.5517          0   2542.762   3873.102 0.0000e+00
   2515.000    34.9967    34.9878     3.2246     3.2259    226.112    231.748     0.0032 5.2619e-06     0.1294  661224593    64.6849          0   2547.857   3881.096 0.0000e+00
   2520.000    34.9959    34.9871     3.2169     3.2182    225.924    231.655     0.0000 3.0967e-07     0.1293  661224599    64.7879          0   2552.953   3887.274 0.0000e+00
   2525.000    34.9955    34.9866     3.2144     3.2161    226.062    231.737     0.0081 1.0000e-12     0.1304  661224607    64.9266          0   2558.049   3895.594 0.0000e+00
   2530.000    34.9953    34.9864     3.2121     3.2134    225.954    231.656     0.0047 1.0000e-12     0.1299  661224614    65.0399          0   2563.144   3902.396 0.0000e+00
   2535.000    34.9949    34.9860     3.2099     3.2115    226.101    231.751     0.0032 1.0000e-12     0.1299  661224622    65.1633          0   2568.240   3909.801 0.0000e+00
   2540.000    34.9947    34.9858     3.2071     3.2083    226.139    231.707     0.0041 1.0000e-12     0.1294  661224629    65.2814          0   2573.336   3916.883 0.0000e+00
   2545.000    34.9940    34.9852     3.1999     3.2012    226.125    231.664     0.0034 1.0000e-12     0.1298  661224636    65.4000          0   2578.432   3923.998 0.0000e+00
   2550.000    34.9934    34.9845     3.1950     3.1954    226.245    231.981     0.0051 1.0000e-12     0.1284  661224644    65.5406          0   2583.529   3932.438 0.0000e+00
   2555.000    34.9930    34.9841     3.1913     3.1924    226.214    231.747     0.0057 1.0000e-12     0.1289  661224650    65.6363          0   2588.625   3938.180 0.0000e+00
   2560.000    34.9926    34.9837     3.1869     3.1883    226.201    231.823     0.0085 1.0000e-12     0.1291  661224659    65.7798          0   2593.722   3946.788 0.0000e+00
   2565.000    34.9920    34.9831     3.1810     3.1821    226.291    232.039     0.0027 7.6490e-06     0.1289  661224666    65.8970          0   2598.818   3953.822 0.0000e+00
   2570.000    34.9915    34.9826     3.1762     3.1774    226.259    231.877     0.0036 5.3560e-07     0.1302  661224672    66.0070          0   2603.915   3960.421 0.0000e+00
   2575.000    34.9908    34.9819     3.1682     3.1693    226.310    232.043     0.0049 3.8749e-06     0.1287  661224680    66.1441          0   2609.012   3968.645 0.0000e+00
   2580.000    34.9900    34.9811     3.1601     3.1612    226.305    231.965     0.0055 5.3308e-07     0.1289  661224687    66.2486          0   2614.109   3974.914 0.0000e+00
   2585.000    34.9893    34.9804     3.1527     3.1538    226.291    232.029     0.0028 1.0000e-12     0.1294  661224695    66.3817          0   2619.206   3982.905 0.0000e+00
   2590.000    34.9887    34.9798     3.1470     3.1482    226.337    231.975     0.0053 4.5946e-05     0.1291  661224702    66.4961          0   2624.303   3989.768 0.0000e+00
   2595.000    34.9879    34.9790     3.1391     3.1401    226.368    231.977     0.0022 7.9309e-06     0.1285  661224709    66.6199          0   2629.400   3997.196 0.0000e+00
   2600.000    34.9874    34.9785     3.1338     3.1351    226.357    232.075     0.0030 -4.211e-07     0.1294  661224717    66.7496          0   2634.498   4004.978 0.0000e+00
   2605.000    34.9871    34.9780     3.1312     3.1327    226.415    232.123     0.0025 1.0000e-12     0.1309  661224724    66.8642          0   2639.595   4011.855 0.0000e+00
   2610.000    34.9863    34.9775     3.1227     3.1239    226.467    231.569     0.0027 1.0000e-12     0.1311  661224730    66.9718          0   2644.693   4018.305 0.0000e+00
   2615.000    34.9858    34.9770     3.1197     3.1216    226.453    232.019     0.0047 1.0000e-12     0.1279  661224739    67.1147          0   2649.791   4026.880 0.0000e+00
   2620.000    34.9848    34.9759     3.1070     3.1083    226.399    232.173     0.0014 1.0000e-12     0.1310  661224745    67.2129          0   2654.889   4032.774 0.0000e+00
   2625.000    34.9841    34.9752     3.1023     3.1035    226.658    232.031     0.0054 5.1856e-07     0.1290  661224753    67.3546          0   2659.987   4041.278 0.0000e+00
   2630.000    34.9834    34.9746     3.0932     3.0944    226.562    232.176     0.0045 -8.977e-10     0.1291  661224759    67.4610          0   2665.085   4047.659 0.0000e+00
   2635.000    34.9831    34.9741     3.0913     3.0926    226.672    232.142     0.0058 1.0000e-12     0.1287  661224767    67.5891          0   2670.183   4055.344 0.0000e+00
   2640.000    34.9824    34.9735     3.0844     3.0854    226.644    232.134     0.0019 1.0000e-12     0.1303  661224774    67.7031          0   2675.281   4062.185 0.0000e+00
   2645.000    34.9821    34.9732     3.0809     3.0823    226.651    232.295     0.0071 1.0000e-12     0.1297  661224782    67.8417          0   2680.380   4070.501 0.0000e+00
   2650.000    34.9819    34.9730     3.0805     3.0818    226.519    232.102     0.0039 1.0000e-12     0.1298  661224789    67.9557          0   2685.479   4077.342 0.0000e+00
   2655.000    34.9816    34.9727     3.0774     3.0787    226.526    232.013     0.0050 1.0000e-12     0.1291  661224796    68.0753          0   2690.577   4084.515 0.0000e+00
   2660.000    34.9813    34.9723     3.0736     3.0745    226.496    231.848     0.0039 1.0000e-12     0.1288  661224803    68.1898          0   2695.676   4091.385 0.0000e+00
   2665.000    34.9805    34.9717     3.0656     3.0667    226.573    232.052     0.0023 1.0000e-12     0.1294  661224812    68.3373          0   2700.775   4100.238 0.0000e+00
   2670.000    34.9800    34.9711     3.0601     3.0613    226.518    232.064     0.0022 1.0000e-12     0.1279  661224818    68.4342          0   2705.874   4106.055 0.0000e+00
   2675.000    34.9796    34.9707     3.0554     3.0567    226.516    231.949     0.0057 1.0000e-12     0.1289  661224826    68.5643          0   2710.973   4113.860 0.0000e+00
   2680.000    34.9789    34.9700     3.0491     3.0502    226.546    232.237     0.0045 1.0000e-12     0.1295  661224834    68.6975          0   2716.073   4121.850 0.0000e+00
   2685.000    34.9786    34.9697     3.0470     3.0483    226.514    232.046     0.0055 1.0000e-12     0.1297  661224840    68.8075          0   2721.172   4128.450 0.0000e+00
   2690.000    34.9782    34.9693     3.0406     3.0419    226.505    232.207     0.0060 1.0000e-12     0.1301  661224847    68.9185          0   2726.272   4135.109 0.0000e+00
   2695.000    34.9779    34.9689     3.0404     3.0412    226.543    232.058     0.0049 1.0000e-12     0.1285  661224855    69.0530          0   2731.371   4143.183 0.0000e+00
   2700.000    34.9772    34.9683     3.0311     3.0323    226.643    231.944     0.0061 1.0000e-12     0.1279  661224862    69.1732          0   2736.471   4150.392 0.0000e+00
   2705.000    34.9768    34.9678     3.0274     3.0287    226.497    231.890     0.0070 1.0000e-12     0.1294  661224870    69.3019          0   2741.571   4158.114 0.0000e+00
   2710.000    34.9765    34.9676     3.0238     3.0251    226.396    231.870     0.0045 1.0000e-12     0.1300  661224877    69.4136          0   2746.671   4164.816 0.0000e+00
   2715.000    34.9759    34.9669     3.0184     3.0195    226.622    232.146     0.0049 1.0000e-12     0.1293  661224885    69.5571          0   2751.771   4173.424 0.0000e+00
