data/UWS/Data_management/CTD_sensor_data/SO279_CTD_processed/SO279_36-1_CTD-03_processed_DepthAVG.cnv
* Sea-Bird SBE 9 Data File:
* FileName = D:\CTDData\SO279\SO279_36-1_CTD-01.hex
* Software Version Seasave V 7.26.1.8
* Temperature SN = 5938
* Conductivity SN = 4108
* Number of Bytes Per Scan = 41
* Number of Voltage Words = 4
* Number of Scans Averaged by the Deck Unit = 1
* NMEA Latitude = 30 53.53 N
* NMEA Longitude = 029 18.84 W
* NMEA UTC (Time) = Dec 16 2020  05:18:34
* NMEA baud rate = 4800
# nquan = 16
# nvalues = 851                         
# units = specified
# name 0 = depSM: Depth [salt water, m]
# name 1 = sal00: Salinity, Practical [PSU]
# name 2 = sal11: Salinity, Practical, 2 [PSU]
# name 3 = t090C: Temperature [ITS-90, deg C]
# name 4 = t190C: Temperature, 2 [ITS-90, deg C]
# name 5 = sbeox0Mm/L: Oxygen, SBE 43 [umol/l]
# name 6 = sbeox1Mm/L: Oxygen, SBE 43, 2 [umol/l]
# name 7 = flECO-AFL: Fluorescence, WET Labs ECO-AFL/FL [mg/m^3]
# name 8 = par: PAR/Irradiance, Biospherical/Licor
# name 9 = turbWETntu0: Turbidity, WET Labs ECO [NTU]
# name 10 = timeQ: Time, NMEA [seconds]
# name 11 = timeM: Time, Elapsed [minutes]
# name 12 = nbf: Bottles Fired
# name 13 = prDM: Pressure, Digiquartz [db]
# name 14 = timeS: Time, Elapsed [seconds]
# name 15 = flag: flag
# span 0 =     10.000,   4260.000       
# span 1 =    14.2957,    41.1551       
# span 2 =    24.8152,    38.9198       
# span 3 =     2.4593,    20.6328       
# span 4 =     2.4585,    20.6298       
# span 5 =    101.452,    235.477       
# span 6 =     97.395,    240.704       
# span 7 =    -0.0567,     0.2292       
# span 8 = 1.0000e-12, 5.7773e-04       
# span 9 =     0.1218,     0.1400       
# span 10 =  661411024,  661417765      
# span 11 =    -1.5072,   110.8375      
# span 12 =          0,          4      
# span 13 =     10.069,   4333.190      
# span 14 =    -90.430,   6650.247      
# span 15 = 0.0000e+00, 0.0000e+00      
# interval = meters: 5                  
# start_time = Dec 16 2020 05:18:35 [NMEA time, first data scan]
# bad_flag = -9.990e-29
*END*
[from data line 814]
   4080.000    34.9140    34.9049     2.4909     2.4921    227.250    229.768     0.0067 1.0000e-12     0.1301  661417382   104.4596          0   4148.365   6267.579 0.0000e+00
   4085.000    34.9139    34.9049     2.4901     2.4911    227.147    229.926     0.0166 1.0000e-12     0.1311  661417389   104.5720          0   4153.497   6274.322 0.0000e+00
   4090.000    34.9138    34.9047     2.4901     2.4913    227.274    229.661     0.0120 1.0000e-12     0.1308  661417398   104.7125          0   4158.630   6282.752 0.0000e+00
   4095.000    34.9138    34.9048     2.4902     2.4913    227.155    229.942     0.0096 1.0000e-12     0.1315  661417404   104.8144          0   4163.762   6288.866 0.0000e+00
   4100.000    34.9137    34.9047     2.4904     2.4915    227.301    229.958     0.0088 1.0000e-12     0.1300  661417413   104.9718          0   4168.894   6298.309 0.0000e+00
   4105.000    34.9136    34.9046     2.4902     2.4913    227.168    229.760     0.0124 1.0000e-12     0.1312  661417419   105.0706          0   4174.026   6304.235 0.0000e+00
   4110.000    34.9135    34.9046     2.4893     2.4903    227.341    229.861     0.0113 1.0000e-12     0.1302  661417427   105.2094          0   4179.159   6312.562 0.0000e+00
   4115.000    34.9134    34.9044     2.4888     2.4899    227.273    229.764     0.0097 1.0000e-12     0.1314  661417435   105.3299          0   4184.292   6319.792 0.0000e+00
   4120.000    34.9133    34.9044     2.4887     2.4897    227.193    229.905     0.0117 1.0000e-12     0.1300  661417442   105.4599          0   4189.424   6327.594 0.0000e+00
   4125.000    34.9133    34.9043     2.4887     2.4898    227.243    229.827     0.0130 1.0000e-12     0.1312  661417450   105.5849          0   4194.557   6335.092 0.0000e+00
   4130.000    34.9132    34.9043     2.4881     2.4891    227.355    229.650     0.0102 1.0000e-12     0.1289  661417458   105.7207          0   4199.690   6343.239 0.0000e+00
   4135.000    34.9131    34.9041     2.4878     2.4889    227.224    229.797     0.0119 1.0000e-12     0.1309  661417465   105.8409          0   4204.823   6350.456 0.0000e+00
   4140.000    34.9131    34.9041     2.4877     2.4887    227.200    229.629     0.0072 1.0000e-12     0.1360  661417472   105.9600          0   4209.957   6357.597 0.0000e+00
   4145.000    34.9130    34.9040     2.4877     2.4888    227.370    229.669     0.0143 1.0000e-12     0.1294  661417481   106.0996          0   4215.090   6365.979 0.0000e+00
   4150.000    34.9129    34.9039     2.4876     2.4886    227.249    229.783     0.0067 1.0000e-12     0.1310  661417488   106.2282          0   4220.224   6373.690 0.0000e+00
   4155.000    34.9128    34.9038     2.4874     2.4886    227.341    229.786     0.0106 1.0000e-12     0.1315  661417495   106.3433          0   4225.357   6380.597 0.0000e+00
   4160.000    34.9128    34.9038     2.4868     2.4878    227.398    229.983     0.0128 1.0000e-12     0.1299  661417504   106.4806          0   4230.491   6388.835 0.0000e+00
   4165.000    34.9126    34.9036     2.4867     2.4877    227.255    229.827     0.0087 1.0000e-12     0.1332  661417511   106.6023          0   4235.625   6396.141 0.0000e+00
   4170.000    34.9127    34.9037     2.4865     2.4876    227.206    229.637     0.0011 1.0000e-12     0.1298  661417518   106.7269          0   4240.759   6403.614 0.0000e+00
   4175.000    34.9125    34.9034     2.4865     2.4876    227.245    229.622     0.0099 1.0000e-12     0.1316  661417526   106.8606          0   4245.893   6411.637 0.0000e+00
   4180.000    34.9124    34.9033     2.4858     2.4869    227.261    229.544     0.0084 1.0000e-12     0.1308  661417533   106.9739          0   4251.027   6418.436 0.0000e+00
   4185.000    34.9124    34.9033     2.4859     2.4870    227.227    229.899     0.0112 1.0000e-12     0.1317  661417542   107.1207          0   4256.161   6427.243 0.0000e+00
   4190.000    34.9123    34.9032     2.4856     2.4867    227.232    229.768     0.0143 1.0000e-12     0.1313  661417549   107.2343          0   4261.296   6434.060 0.0000e+00
   4195.000    34.9122    34.9032     2.4846     2.4856    227.250    229.571     0.0137 1.0000e-12     0.1305  661417557   107.3741          0   4266.430   6442.447 0.0000e+00
   4200.000    34.9120    34.9030     2.4843     2.4854    227.261    229.633     0.0114 1.0000e-12     0.1313  661417565   107.4977          0   4271.565   6449.865 0.0000e+00
   4205.000    34.9119    34.9028     2.4836     2.4847    227.315    229.736     0.0075 1.0000e-12     0.1318  661417580   107.7491          0   4276.699   6464.948 0.0000e+00
   4210.000    34.9118    34.9027     2.4828     2.4838    227.208    229.440     0.0084 1.0000e-12     0.1313  661417632   108.6233          0   4281.834   6517.396 0.0000e+00
   4215.000    34.9117    34.9026     2.4829     2.4840    227.294    229.642    -0.0025 1.0000e-12     0.1316  661417635   108.6739          0   4286.969   6520.437 0.0000e+00
   4220.000    34.9116    34.9026     2.4827     2.4838    227.306    229.659    -0.0041 1.0000e-12     0.1340  661417646   108.8521          0   4292.104   6531.125 0.0000e+00
   4225.000    34.9116    34.9026     2.4830     2.4841    227.324    229.798    -0.0028 1.0000e-12     0.1350  661417657   109.0289          0   4297.239   6541.734 0.0000e+00
   4230.000    34.9115    34.9024     2.4821     2.4832    227.326    229.730    -0.0272 1.0000e-12     0.1320  661417668   109.2176          0   4302.375   6553.056 0.0000e+00
   4235.000    34.9113    34.9022     2.4805     2.4815    227.272    229.802    -0.0290 1.0000e-12     0.1332  661417679   109.3959          0   4307.510   6563.752 0.0000e+00
   4240.000    34.9111    34.9019     2.4790     2.4801    227.269    229.596    -0.0275 1.0000e-12     0.1325  661417689   109.5710          0   4312.646   6574.261 0.0000e+00
   4245.000    34.9109    34.9018     2.4777     2.4788    227.258    229.644    -0.0263 1.0000e-12     0.1330  661417700   109.7512          0   4317.781   6585.072 0.0000e+00
   4250.000    34.9105    34.9015     2.4727     2.4737    227.229    229.632    -0.0228 1.0000e-12     0.1330  661417711   109.9355          0   4322.917   6596.133 0.0000e+00
   4255.000    34.9099    34.9009     2.4683     2.4693    227.340    229.711    -0.0224 1.0000e-12     0.1332  661417726   110.1928          0   4328.053   6611.567 0.0000e+00
   4260.000    34.9090    34.9004     2.4593     2.4585    227.876    228.360    -0.0104 1.0000e-12     0.1249  661417765   110.8375          4   4333.190   6650.247 0.0000e+00
