data/UWS/Data_management/CTD_sensor_data/SO279_CTD_processed/SO279_69-1_CTD-05_processed.ros
* Sea-Bird SBE 9 Data File:
* FileName = D:\CTDData\SO279\SO279_69-1_CTD-05.hex
* Software Version Seasave V 7.26.1.8
* Temperature SN = 5938
* Conductivity SN = 4108
* Number of Bytes Per Scan = 41
* Number of Voltage Words = 4
* Number of Scans Averaged by the Deck Unit = 1
* NMEA Latitude = 33 17.59 N
* NMEA Longitude = 034 29.50 W
* NMEA UTC (Time) = Dec 20 2020  06:37:33
* NMEA baud rate = 4800
# nquan = 17
# nvalues = 1537                                  
# units = specified
# name 0 = depSM: Depth [salt water, m]
# name 1 = sal00: Salinity, Practical [PSU]
# name 2 = sal11: Salinity, Practical, 2 [PSU]
# name 3 = t090C: Temperature [ITS-90, deg C]
# name 4 = t190C: Temperature, 2 [ITS-90, deg C]
# name 5 = sbeox0Mm/L: Oxygen, SBE 43 [umol/l]
# name 6 = sbeox1Mm/L: Oxygen, SBE 43, 2 [umol/l]
# name 7 = flECO-AFL: Fluorescence, WET Labs ECO-AFL/FL [mg/m^3]
# name 8 = par: PAR/Irradiance, Biospherical/Licor
# name 9 = turbWETntu0: Turbidity, WET Labs ECO [NTU]
# name 10 = timeQ: Time, NMEA [seconds]
# name 11 = timeM: Time, Elapsed [minutes]
# name 12 = nbf: Bottles Fired
# name 13 = prDM: Pressure, Digiquartz [db]
# name 14 = timeS: Time, Elapsed [seconds]
# name 15 = scan: Scan Count
# name 16 = flag:  0.000e+00
# interval = seconds: 0.0416667
# start_time = Dec 20 2020 06:37:34 [NMEA time, first data scan]
# bad_flag = -9.990e-29
*END*
[from data line 852]
    802.237    35.4524    35.4333     9.8279     9.8294    183.409    170.081    -0.0157 1.0000e-12     0.1348  661770512   150.9694         13    809.530   9058.167     217397  0.000e+00
    802.237    35.4522    35.4333     9.8282     9.8292    183.611    170.084    -0.0157 1.0000e-12     0.1348  661770512   150.9701         13    809.530   9058.208     217398  0.000e+00
    802.237    35.4518    35.4338     9.8285     9.8289    183.651    170.087    -0.0157 1.0000e-12     0.1348  661770512   150.9708         13    809.530   9058.250     217399  0.000e+00
    802.192    35.4520    35.4335     9.8284     9.8293    183.690    170.087    -0.0157 1.0000e-12     0.1348  661770512   150.9715         13    809.485   9058.292     217400  0.000e+00
    802.237    35.4522    35.4335     9.8282     9.8291    183.731    170.091    -0.0157 1.0000e-12     0.1348  661770512   150.9722         13    809.530   9058.333     217401  0.000e+00
    802.192    35.4522    35.4336     9.8282     9.8291    183.768    170.294    -0.0157 1.0000e-12     0.1348  661770512   150.9729         13    809.485   9058.375     217402  0.000e+00
    802.147    35.4519    35.4338     9.8282     9.8293    183.626    170.119    -0.0084 1.0000e-12     0.1348  661770512   150.9736         13    809.439   9058.417     217403  0.000e+00
    802.192    35.4519    35.4332     9.8284     9.8294    183.646    170.121    -0.0084 1.0000e-12     0.1348  661770512   150.9743         13    809.485   9058.458     217404  0.000e+00
    802.192    35.4519    35.4330     9.8287     9.8294    183.485    170.123    -0.0084 1.0000e-12     0.1348  661770512   150.9750         13    809.485   9058.500     217405  0.000e+00
    802.114    35.4523    35.4331     9.8285     9.8291    183.466    170.123    -0.0084 1.0000e-12     0.1348  661770512   150.9757         13    809.407   9058.542     217406  0.000e+00
    802.147    35.4522    35.4330     9.8290     9.8291    183.288    170.125    -0.0084 1.0000e-12     0.1348  661770512   150.9764         13    809.439   9058.583     217407  0.000e+00
    802.147    35.4532    35.4332     9.8295     9.8292    183.431    170.126    -0.0084 1.0000e-12     0.1348  661770512   150.9771         13    809.439   9058.625     217408  0.000e+00
    802.095    35.4529    35.4333     9.8308     9.8297    183.409    170.325    -0.0084 1.0000e-12     0.1348  661770513   150.9778         13    809.387   9058.667     217409  0.000e+00
    802.095    35.4526    35.4330     9.8311     9.8302    183.572    170.351    -0.0084 1.0000e-12     0.1348  661770513   150.9785         13    809.387   9058.708     217410  0.000e+00
    802.095    35.4521    35.4329     9.8315     9.8303    183.772    170.377    -0.0084 1.0000e-12     0.1348  661770513   150.9792         13    809.387   9058.750     217411  0.000e+00
    802.050    35.4524    35.4333     9.8323     9.8302    184.023    170.401    -0.0084 1.0000e-12     0.1348  661770513   150.9799         13    809.342   9058.792     217412  0.000e+00
    802.095    35.4522    35.4334     9.8328     9.8309    184.295    170.423    -0.0084 1.0000e-12     0.1348  661770513   150.9806         13    809.387   9058.833     217413  0.000e+00
    500.793    35.9437    35.9193    14.5783    14.5760    176.553    175.501    -0.0231 1.0000e-12     0.1299  661770947   158.2146         14    504.977   9492.875     227830  0.000e+00
    500.754    35.9440    35.9184    14.5785    14.5767    176.476    175.508    -0.0304 1.0000e-12     0.1299  661770947   158.2153         14    504.938   9492.917     227831  0.000e+00
    500.697    35.9436    35.9183    14.5787    14.5769    176.385    175.516    -0.0450 1.0000e-12     0.1299  661770947   158.2160         14    504.880   9492.958     227832  0.000e+00
    500.741    35.9437    35.9183    14.5785    14.5770    176.320    175.527    -0.0524 1.0000e-12     0.1299  661770947   158.2167         14    504.925   9493.000     227833  0.000e+00
    500.703    35.9437    35.9186    14.5788    14.5770    176.277    175.554    -0.0524 1.0000e-12     0.1299  661770947   158.2174         14    504.886   9493.042     227834  0.000e+00
    500.742    35.9441    35.9187    14.5785    14.5770    176.111    175.584    -0.0450 1.0000e-12     0.1299  661770947   158.2181         14    504.925   9493.083     227835  0.000e+00
    500.742    35.9438    35.9188    14.5785    14.5769    175.946    175.614    -0.0450 1.0000e-12     0.1299  661770947   158.2188         14    504.925   9493.125     227836  0.000e+00
    500.703    35.9439    35.9189    14.5785    14.5769    176.097    175.644    -0.0450 1.0000e-12     0.1299  661770947   158.2194         14    504.886   9493.167     227837  0.000e+00
    500.742    35.9439    35.9184    14.5787    14.5769    176.126    175.658    -0.0450 1.0000e-12     0.1299  661770947   158.2201         14    504.925   9493.208     227838  0.000e+00
    500.742    35.9436    35.9187    14.5787    14.5766    176.323    175.672    -0.0450 1.0000e-12     0.1299  661770947   158.2208         14    504.925   9493.250     227839  0.000e+00
    500.742    35.9438    35.9188    14.5785    14.5766    176.233    175.684    -0.0450 1.0000e-12     0.1299  661770947   158.2215         14    504.925   9493.292     227840  0.000e+00
    500.703    35.9435    35.9184    14.5787    14.5767    176.274    175.696    -0.0450 1.0000e-12     0.1299  661770947   158.2222         14    504.886   9493.333     227841  0.000e+00
    500.742    35.9438    35.9184    14.5785    14.5769    176.446    175.709    -0.0450 1.0000e-12     0.1299  661770947   158.2229         14    504.925   9493.375     227842  0.000e+00
    500.697    35.9435    35.9187    14.5787    14.5769    176.757    175.889    -0.0450 1.0000e-12     0.1299  661770947   158.2236         14    504.880   9493.417     227843  0.000e+00
    500.754    35.9438    35.9189    14.5780    14.5769    177.121    175.920    -0.0450 1.0000e-12     0.1299  661770947   158.2243         14    504.938   9493.458     227844  0.000e+00
    500.697    35.9436    35.9191    14.5779    14.5770    177.216    175.947    -0.0450 1.0000e-12     0.1299  661770947   158.2250         14    504.880   9493.500     227845  0.000e+00
    500.742    35.9436    35.9191    14.5776    14.5770    177.326    175.976    -0.0450 1.0000e-12     0.1299  661770947   158.2257         14    504.925   9493.542     227846  0.000e+00
    500.697    35.9437    35.9189    14.5771    14.5772    177.413    175.984    -0.0304 1.0000e-12     0.1299  661770947   158.2264         14    504.880   9493.583     227847  0.000e+00
    500.755    35.9439    35.9189    14.5771    14.5774    177.324    176.011    -0.0231 1.0000e-12     0.1299  661770947   158.2271         14    504.938   9493.625     227848  0.000e+00
    500.697    35.9437    35.9187    14.5771    14.5772    177.361    176.036    -0.0231 1.0000e-12     0.1299  661770948   158.2278         14    504.880   9493.667     227849  0.000e+00
    500.742    35.9435    35.9189    14.5771    14.5770    177.085    176.043    -0.0231 1.0000e-12     0.1299  661770948   158.2285         14    504.925   9493.708     227850  0.000e+00
    500.755    35.9435    35.9187    14.5770    14.5769    176.773    176.217    -0.0231 1.0000e-12     0.1299  661770948   158.2292         14    504.938   9493.750     227851  0.000e+00
    500.697    35.9435    35.9187    14.5771    14.5769    176.736    176.236    -0.0231 1.0000e-12     0.1299  661770948   158.2299         14    504.880   9493.792     227852  0.000e+00
    500.742    35.9438    35.9185    14.5770    14.5770    176.553    176.086    -0.0231 1.0000e-12     0.1299  661770948   158.2306         14    504.925   9493.833     227853  0.000e+00
    500.755    35.9442    35.9187    14.5770    14.5769    176.646    176.085    -0.0231 1.0000e-12     0.1299  661770948   158.2312         14    504.938   9493.875     227854  0.000e+00
    500.742    35.9440    35.9190    14.5771    14.5767    176.437    176.250    -0.0231 1.0000e-12     0.1299  661770948   158.2319         14    504.925   9493.917     227855  0.000e+00
    500.697    35.9434    35.9190    14.5776    14.5767    176.529    176.262    -0.0231 1.0000e-12     0.1299  661770948   158.2326         14    504.880   9493.958     227856  0.000e+00
    500.793    35.9439    35.9190    14.5777    14.5767    176.636    176.107    -0.0231 1.0000e-12     0.1299  661770948   158.2333         14    504.977   9494.000     227857  0.000e+00
    500.755    35.9447    35.9187    14.5781    14.5767    176.761    176.265    -0.0231 1.0000e-12     0.1299  661770948   158.2340         14    504.938   9494.042     227858  0.000e+00
    500.742    35.9446    35.9190    14.5790    14.5766    176.911    176.272    -0.0231 1.0000e-12     0.1299  661770948   158.2347         14    504.925   9494.083     227859  0.000e+00
    500.742    35.9446    35.9188    14.5793    14.5767    176.911    176.276    -0.0231 1.0000e-12     0.1299  661770948   158.2354         14    504.925   9494.125     227860  0.000e+00
    500.755    35.9445    35.9184    14.5796    14.5769    176.922    176.278    -0.0231 1.0000e-12     0.1299  661770948   158.2361         14    504.938   9494.167     227861  0.000e+00
    500.793    35.9438    35.9188    14.5795    14.5766    176.948    176.280    -0.0231 1.0000e-12     0.1299  661770948   158.2368         14    504.977   9494.208     227862  0.000e+00
    500.697    35.9440    35.9187    14.5795    14.5764    176.819    176.276    -0.0231 1.0000e-12     0.1299  661770948   158.2375         14    504.880   9494.250     227863  0.000e+00
    500.851    35.9442    35.9186    14.5792    14.5764    176.836    176.294    -0.0231 1.0000e-12     0.1299  661770948   158.2382         14    505.035   9494.292     227864  0.000e+00
    500.793    35.9437    35.9188    14.5793    14.5762    176.848    176.138    -0.0304 1.0000e-12     0.1324  661770948   158.2389         14    504.977   9494.333     227865  0.000e+00
    500.793    35.9437    35.9180    14.5793    14.5762    176.862    176.133    -0.0304 1.0000e-12     0.1348  661770948   158.2396         14    504.977   9494.375     227866  0.000e+00
    500.793    35.9437    35.9184    14.5792    14.5760    176.726    176.126    -0.0304 1.0000e-12     0.1348  661770948   158.2403         14    504.977   9494.417     227867  0.000e+00
    500.851    35.9442    35.9187    14.5790    14.5759    176.731    175.952    -0.0304 1.0000e-12     0.1348  661770948   158.2410         14    505.035   9494.458     227868  0.000e+00
    500.793    35.9441    35.9187    14.5788    14.5759    176.596    176.074    -0.0304 1.0000e-12     0.1348  661770948   158.2417         14    504.977   9494.500     227869  0.000e+00
    500.838    35.9435    35.9186    14.5790    14.5762    176.604    176.065    -0.0304 1.0000e-12     0.1348  661770948   158.2424         14    505.022   9494.542     227870  0.000e+00
    500.800    35.9435    35.9188    14.5778    14.5759    176.465    176.055    -0.0304 1.0000e-12     0.1348  661770948   158.2431         14    504.984   9494.583     227871  0.000e+00
    500.838    35.9431    35.9186    14.5775    14.5760    176.467    176.045    -0.0304 1.0000e-12     0.1348  661770948   158.2438         14    505.023   9494.625     227872  0.000e+00
    500.793    35.9433    35.9188    14.5770    14.5760    176.621    176.033    -0.0304 1.0000e-12     0.1348  661770949   158.2444         14    504.977   9494.667     227873  0.000e+00
    500.889    35.9437    35.9187    14.5768    14.5759    176.639    176.024    -0.0377 1.0000e-12     0.1348  661770949   158.2451         14    505.074   9494.708     227874  0.000e+00
    500.851    35.9441    35.9184    14.5766    14.5762    176.945    176.009    -0.0304 1.0000e-12     0.1348  661770949   158.2458         14    505.036   9494.750     227875  0.000e+00
    500.889    35.9437    35.9185    14.5771    14.5764    176.950    175.996    -0.0304 1.0000e-12     0.1348  661770949   158.2465         14    505.074   9494.792     227876  0.000e+00
    500.889    35.9437    35.9187    14.5776    14.5762    176.789    175.963    -0.0304 1.0000e-12     0.1348  661770949   158.2472         14    505.074   9494.833     227877  0.000e+00
    500.851    35.9437    35.9185    14.5780    14.5759    176.767    175.948    -0.0304 1.0000e-12     0.1348  661770949   158.2479         14    505.036   9494.875     227878  0.000e+00
    500.934    35.9439    35.9187    14.5776    14.5757    176.610    175.934    -0.0304 1.0000e-12     0.1348  661770949   158.2486         14    505.120   9494.917     227879  0.000e+00
    500.890    35.9440    35.9186    14.5773    14.5762    176.741    175.914    -0.0304 1.0000e-12     0.1348  661770949   158.2493         14    505.074   9494.958     227880  0.000e+00
    500.896    35.9436    35.9184    14.5775    14.5762    176.884    176.064    -0.0304 1.0000e-12     0.1348  661770949   158.2500         14    505.081   9495.000     227881  0.000e+00
    500.934    35.9439    35.9189    14.5773    14.5764    176.889    176.062    -0.0304 1.0000e-12     0.1348  661770949   158.2507         14    505.120   9495.042     227882  0.000e+00
    500.934    35.9436    35.9191    14.5773    14.5766    176.741    176.058    -0.0304 1.0000e-12     0.1348  661770949   158.2514         14    505.120   9495.083     227883  0.000e+00
    500.979    35.9433    35.9188    14.5770    14.5779    176.421    175.882    -0.0304 1.0000e-12     0.1348  661770949   158.2521         14    505.165   9495.125     227884  0.000e+00
    500.941    35.9436    35.9189    14.5768    14.5787    176.062    176.023    -0.0304 1.0000e-12     0.1348  661770949   158.2528         14    505.126   9495.167     227885  0.000e+00
    500.979    35.9441    35.9188    14.5768    14.5796    175.845    175.846    -0.0304 1.0000e-12     0.1348  661770949   158.2535         14    505.165   9495.208     227886  0.000e+00
    500.979    35.9444    35.9189    14.5768    14.5794    176.069    175.821    -0.0304 1.0000e-12     0.1348  661770949   158.2542         14    505.165   9495.250     227887  0.000e+00
    501.037    35.9447    35.9187    14.5771    14.5793    176.331    175.797    -0.0304 1.0000e-12     0.1348  661770949   158.2549         14    505.223   9495.292     227888  0.000e+00
    500.979    35.9439    35.9187    14.5778    14.5794    176.450    175.768    -0.0304 1.0000e-12     0.1348  661770949   158.2556         14    505.165   9495.333     227889  0.000e+00
    501.031    35.9442    35.9188    14.5783    14.5786    176.282    175.744    -0.0304 1.0000e-12     0.1348  661770949   158.2562         14    505.217   9495.375     227890  0.000e+00
    501.037    35.9443    35.9186    14.5790    14.5782    176.263    175.717    -0.0231 1.0000e-12     0.1324  661770949   158.2569         14    505.223   9495.417     227891  0.000e+00
    501.076    35.9442    35.9188    14.5793    14.5779    176.272    175.540    -0.0231 1.0000e-12     0.1324  661770949   158.2576         14    505.262   9495.458     227892  0.000e+00
    501.076    35.9444    35.9186    14.5794    14.5776    176.306    175.682    -0.0231 1.0000e-12     0.1324  661770949   158.2583         14    505.262   9495.500     227893  0.000e+00
    501.088    35.9439    35.9188    14.5792    14.5774    176.496    175.673    -0.0231 1.0000e-12     0.1324  661770949   158.2590         14    505.275   9495.542     227894  0.000e+00
    501.076    35.9427    35.9189    14.5790    14.5774    176.549    175.495    -0.0231 1.0000e-12     0.1324  661770949   158.2597         14    505.262   9495.583     227895  0.000e+00
    501.127    35.9427    35.9189    14.5778    14.5774    176.607    175.637    -0.0304 1.0000e-12     0.1324  661770949   158.2604         14    505.314   9495.625     227896  0.000e+00
