data/UWS/Data_management/CTD_sensor_data/SO279_CTD_processed/SO279_102-1_CTD-07_processed.ros
* Sea-Bird SBE 9 Data File:
* FileName = D:\CTDData\SO279\SO279_102-1_CTD-07.hex
* Software Version Seasave V 7.26.1.8
* Temperature SN = 5938
* Conductivity SN = 4108
* Number of Bytes Per Scan = 41
* Number of Voltage Words = 4
* Number of Scans Averaged by the Deck Unit = 1
* NMEA Latitude = 35 00.00 N
* NMEA Longitude = 021 00.00 W
* NMEA UTC (Time) = Dec 27 2020  07:53:18
* NMEA baud rate = 4800
# nquan = 17
# nvalues = 1536                                  
# units = specified
# name 0 = depSM: Depth [salt water, m]
# name 1 = sal00: Salinity, Practical [PSU]
# name 2 = sal11: Salinity, Practical, 2 [PSU]
# name 3 = t090C: Temperature [ITS-90, deg C]
# name 4 = t190C: Temperature, 2 [ITS-90, deg C]
# name 5 = sbeox0Mm/L: Oxygen, SBE 43 [umol/l]
# name 6 = sbeox1Mm/L: Oxygen, SBE 43, 2 [umol/l]
# name 7 = flECO-AFL: Fluorescence, WET Labs ECO-AFL/FL [mg/m^3]
# name 8 = par: PAR/Irradiance, Biospherical/Licor
# name 9 = turbWETntu0: Turbidity, WET Labs ECO [NTU]
# name 10 = timeQ: Time, NMEA [seconds]
# name 11 = timeM: Time, Elapsed [minutes]
# name 12 = nbf: Bottles Fired
# name 13 = prDM: Pressure, Digiquartz [db]
# name 14 = timeS: Time, Elapsed [seconds]
# name 15 = scan: Scan Count
# name 16 = flag:  0.000e+00
# interval = seconds: 0.0416667
# start_time = Dec 27 2020 07:53:19 [NMEA time, first data scan]
# bad_flag = -9.990e-29
*END*
[from data line 937]
    152.089    36.1360    36.0535    15.4873    15.4693    130.171    203.957    -0.0963 1.0000e-12     0.1275  662384941   235.7104         15    153.252  14142.625     339424  0.000e+00
    152.019    36.1371    36.0538    15.4851    15.4693    130.175    203.967    -0.0963 1.0000e-12     0.1275  662384941   235.7111         15    153.181  14142.667     339425  0.000e+00
    152.108    36.1374    36.0526    15.4839    15.4703    130.171    203.809    -0.0963 1.0000e-12     0.1275  662384941   235.7118         15    153.271  14142.708     339426  0.000e+00
    152.044    36.1374    36.0513    15.4835    15.4716    130.161    203.804    -0.0963 1.0000e-12     0.1275  662384941   235.7125         15    153.207  14142.750     339427  0.000e+00
    152.063    36.1381    36.0513    15.4824    15.4713    130.164    203.949    -0.0963 1.0000e-12     0.1275  662384941   235.7132         15    153.226  14142.792     339428  0.000e+00
    152.063    36.1385    36.0513    15.4822    15.4713    130.165    203.953    -0.0963 1.0000e-12     0.1275  662384941   235.7139         15    153.226  14142.833     339429  0.000e+00
    152.044    36.1385    36.0516    15.4820    15.4701    130.165    203.961    -0.0963 1.0000e-12     0.1275  662384941   235.7146         15    153.207  14142.875     339430  0.000e+00
    152.108    36.1388    36.0515    15.4817    15.4697    130.167    203.815    -0.0963 1.0000e-12     0.1275  662384941   235.7153         15    153.271  14142.917     339431  0.000e+00
    152.044    36.1396    36.0518    15.4811    15.4691    130.028    203.949    -0.0963 1.0000e-12     0.1275  662384942   235.7160         15    153.207  14142.958     339432  0.000e+00
    152.063    36.1409    36.0518    15.4804    15.4686    130.160    203.804    -0.0963 1.0000e-12     0.1275  662384942   235.7167         15    153.226  14143.000     339433  0.000e+00
    152.063    36.1405    36.0524    15.4812    15.4684    130.148    203.800    -0.0963 1.0000e-12     0.1275  662384942   235.7174         15    153.226  14143.042     339434  0.000e+00
    152.044    36.1385    36.0519    15.4834    15.4686    130.154    203.952    -0.0963 1.0000e-12     0.1275  662384942   235.7181         15    153.207  14143.083     339435  0.000e+00
    152.019    36.1377    36.0517    15.4846    15.4686    130.152    203.966    -0.0963 1.0000e-12     0.1275  662384942   235.7188         15    153.181  14143.125     339436  0.000e+00
    152.063    36.1372    36.0518    15.4852    15.4683    130.163    203.983    -0.0963 1.0000e-12     0.1275  662384942   235.7194         15    153.226  14143.167     339437  0.000e+00
    152.044    36.1361    36.0514    15.4870    15.4688    130.160    203.997    -0.0963 1.0000e-12     0.1275  662384942   235.7201         15    153.207  14143.208     339438  0.000e+00
    152.063    36.1346    36.0518    15.4890    15.4687    130.018    204.015    -0.0963 1.0000e-12     0.1275  662384942   235.7208         15    153.226  14143.250     339439  0.000e+00
    152.089    36.1339    36.0523    15.4891    15.4686    130.020    204.035    -0.0963 1.0000e-12     0.1275  662384942   235.7215         15    153.252  14143.292     339440  0.000e+00
    152.063    36.1332    36.0521    15.4884    15.4684    130.025    204.055    -0.0963 1.0000e-12     0.1275  662384942   235.7222         15    153.226  14143.333     339441  0.000e+00
    152.063    36.1335    36.0523    15.4875    15.4686    130.161    204.076    -0.0963 1.0000e-12     0.1275  662384942   235.7229         15    153.226  14143.375     339442  0.000e+00
    152.088    36.1354    36.0525    15.4858    15.4693    130.167    204.096    -0.0963 1.0000e-12     0.1275  662384942   235.7236         15    153.251  14143.417     339443  0.000e+00
    152.063    36.1369    36.0519    15.4852    15.4705    130.160    204.115    -0.0963 1.0000e-12     0.1275  662384942   235.7243         15    153.226  14143.458     339444  0.000e+00
    152.108    36.1393    36.0521    15.4838    15.4712    130.166    204.294    -0.0963 1.0000e-12     0.1275  662384942   235.7250         15    153.271  14143.500     339445  0.000e+00
    152.044    36.1408    36.0522    15.4849    15.4715    130.163    204.332    -0.0963 1.0000e-12     0.1275  662384942   235.7257         15    153.206  14143.542     339446  0.000e+00
    152.107    36.1406    36.0522    15.4857    15.4712    130.015    204.377    -0.0963 1.0000e-12     0.1275  662384942   235.7264         15    153.271  14143.583     339447  0.000e+00
    152.088    36.1381    36.0526    15.4858    15.4703    130.149    204.421    -0.0963 1.0000e-12     0.1275  662384942   235.7271         15    153.251  14143.625     339448  0.000e+00
    152.107    36.1348    36.0526    15.4821    15.4699    130.165    204.466    -0.0963 1.0000e-12     0.1251  662384942   235.7278         15    153.271  14143.667     339449  0.000e+00
    152.107    36.1332    36.0524    15.4772    15.4703    130.182    204.337    -0.0963 1.0000e-12     0.1251  662384942   235.7285         15    153.271  14143.708     339450  0.000e+00
    152.088    36.1334    36.0524    15.4735    15.4705    130.194    204.349    -0.0963 1.0000e-12     0.1251  662384942   235.7292         15    153.251  14143.750     339451  0.000e+00
    152.158    36.1347    36.0527    15.4711    15.4698    130.203    204.367    -0.0963 1.0000e-12     0.1251  662384942   235.7299         15    153.322  14143.792     339452  0.000e+00
    152.107    36.1360    36.0529    15.4701    15.4683    130.206    204.386    -0.0963 1.0000e-12     0.1251  662384942   235.7306         15    153.270  14143.833     339453  0.000e+00
    152.184    36.1360    36.0518    15.4695    15.4672    130.202    204.564    -0.0963 1.0000e-12     0.1251  662384942   235.7312         15    153.347  14143.875     339454  0.000e+00
    152.158    36.1356    36.0514    15.4683    15.4667    130.207    204.596    -0.0963 1.0000e-12     0.1251  662384942   235.7319         15    153.322  14143.917     339455  0.000e+00
    152.133    36.1356    36.0514    15.4678    15.4664    130.351    204.611    -0.0890 1.0000e-12     0.1251  662384943   235.7326         15    153.296  14143.958     339456  0.000e+00
    152.203    36.1366    36.0509    15.4683    15.4662    130.362    204.628    -0.0963 1.0000e-12     0.1251  662384943   235.7333         15    153.367  14144.000     339457  0.000e+00
    152.158    36.1364    36.0514    15.4686    15.4663    130.232    204.640    -0.0963 1.0000e-12     0.1251  662384943   235.7340         15    153.322  14144.042     339458  0.000e+00
    152.228    36.1352    36.0512    15.4680    15.4666    130.087    204.653    -0.0963 1.0000e-12     0.1251  662384943   235.7347         15    153.392  14144.083     339459  0.000e+00
    152.203    36.1338    36.0511    15.4673    15.4666    130.081    204.664    -0.0963 1.0000e-12     0.1251  662384943   235.7354         16    153.367  14144.125     339460  0.000e+00
    152.247    36.1334    36.0510    15.4663    15.4664    130.217    204.678    -0.0963 1.0000e-12     0.1251  662384943   235.7361         16    153.411  14144.167     339461  0.000e+00
    152.228    36.1332    36.0510    15.4654    15.4660    130.231    204.689    -0.0963 1.0000e-12     0.1251  662384943   235.7368         16    153.392  14144.208     339462  0.000e+00
    152.247    36.1338    36.0510    15.4644    15.4659    130.236    204.701    -0.0890 1.0000e-12     0.1251  662384943   235.7375         16    153.411  14144.250     339463  0.000e+00
    152.273    36.1336    36.0512    15.4638    15.4664    130.090    204.708    -0.0963 1.0000e-12     0.1251  662384943   235.7382         16    153.437  14144.292     339464  0.000e+00
    152.298    36.1339    36.0521    15.4632    15.4672    130.225    204.713    -0.0963 1.0000e-12     0.1251  662384943   235.7389         16    153.463  14144.333     339465  0.000e+00
    152.298    36.1338    36.0528    15.4627    15.4703    130.229    204.553    -0.0963 1.0000e-12     0.1251  662384943   235.7396         16    153.463  14144.375     339466  0.000e+00
    152.323    36.1343    36.0541    15.4626    15.4739    130.231    204.686    -0.0963 1.0000e-12     0.1251  662384943   235.7403         16    153.488  14144.417     339467  0.000e+00
    152.343    36.1351    36.0566    15.4632    15.4778    130.232    204.520    -0.0963 1.0000e-12     0.1251  662384943   235.7410         16    153.508  14144.458     339468  0.000e+00
    152.368    36.1353    36.0577    15.4646    15.4803    130.231    204.501    -0.0963 1.0000e-12     0.1251  662384943   235.7417         16    153.533  14144.500     339469  0.000e+00
    152.343    36.1362    36.0588    15.4654    15.4803    130.230    204.632    -0.0963 1.0000e-12     0.1251  662384943   235.7424         16    153.508  14144.542     339470  0.000e+00
    152.387    36.1370    36.0568    15.4673    15.4840    130.228    204.627    -0.0963 1.0000e-12     0.1251  662384943   235.7431         16    153.552  14144.583     339471  0.000e+00
    152.419    36.1380    36.0543    15.4700    15.4845    130.223    204.634    -0.0963 1.0000e-12     0.1251  662384943   235.7438         16    153.585  14144.625     339472  0.000e+00
    152.438    36.1380    36.0528    15.4730    15.4827    130.218    204.649    -0.0963 1.0000e-12     0.1251  662384943   235.7444         16    153.604  14144.667     339473  0.000e+00
    152.483    36.1364    36.0521    15.4740    15.4803    130.080    204.665    -0.0963 1.0000e-12     0.1251  662384943   235.7451         16    153.649  14144.708     339474  0.000e+00
    152.463    36.1349    36.0519    15.4737    15.4778    130.214    204.663    -0.1037 1.0000e-12     0.1275  662384943   235.7458         16    153.629  14144.750     339475  0.000e+00
    152.483    36.1360    36.0518    15.4737    15.4764    130.217    204.656    -0.1037 1.0000e-12     0.1275  662384943   235.7465         16    153.649  14144.792     339476  0.000e+00
    152.508    36.1361    36.0520    15.4753    15.4754    130.215    204.661    -0.1037 1.0000e-12     0.1275  662384943   235.7472         16    153.674  14144.833     339477  0.000e+00
    152.533    36.1363    36.0526    15.4762    15.4742    130.216    204.667    -0.1037 1.0000e-12     0.1275  662384943   235.7479         16    153.700  14144.875     339478  0.000e+00
    152.533    36.1376    36.0548    15.4769    15.4739    130.216    204.821    -0.1037 1.0000e-12     0.1275  662384943   235.7486         16    153.700  14144.917     339479  0.000e+00
    152.603    36.1383    36.0548    15.4795    15.4749    130.213    204.661    -0.1037 1.0000e-12     0.1275  662384944   235.7493         16    153.771  14144.958     339480  0.000e+00
    152.578    36.1379    36.0536    15.4817    15.4751    130.060    204.658    -0.1037 1.0000e-12     0.1275  662384944   235.7500         16    153.745  14145.000     339481  0.000e+00
    152.603    36.1373    36.0534    15.4826    15.4757    130.051    204.794    -0.1037 1.0000e-12     0.1275  662384944   235.7507         16    153.770  14145.042     339482  0.000e+00
    152.673    36.1376    36.0531    15.4839    15.4767    130.182    204.786    -0.1037 1.0000e-12     0.1275  662384944   235.7514         16    153.841  14145.083     339483  0.000e+00
    152.673    36.1380    36.0539    15.4865    15.4779    130.178    204.788    -0.1037 1.0000e-12     0.1275  662384944   235.7521         16    153.841  14145.125     339484  0.000e+00
    152.648    36.1376    36.0557    15.4890    15.4803    130.035    204.783    -0.1037 1.0000e-12     0.1275  662384944   235.7528         16    153.815  14145.167     339485  0.000e+00
    152.718    36.1377    36.0549    15.4912    15.4852    130.024    204.772    -0.1037 1.0000e-12     0.1275  662384944   235.7535         16    153.886  14145.208     339486  0.000e+00
    152.718    36.1371    36.0539    15.4933    15.4881    130.013    204.766    -0.1037 1.0000e-12     0.1275  662384944   235.7542         16    153.886  14145.250     339487  0.000e+00
    152.743    36.1360    36.0530    15.4930    15.4895    130.139    204.765    -0.1037 1.0000e-12     0.1275  662384944   235.7549         16    153.912  14145.292     339488  0.000e+00
    152.762    36.1347    36.0529    15.4905    15.4886    130.141    204.771    -0.1037 1.0000e-12     0.1275  662384944   235.7556         16    153.931  14145.333     339489  0.000e+00
    152.743    36.1346    36.0535    15.4880    15.4867    130.141    204.778    -0.1037 1.0000e-12     0.1275  662384944   235.7562         16    153.912  14145.375     339490  0.000e+00
    152.813    36.1338    36.0531    15.4850    15.4857    130.154    204.784    -0.1037 1.0000e-12     0.1275  662384944   235.7569         16    153.982  14145.417     339491  0.000e+00
    152.813    36.1329    36.0526    15.4816    15.4850    130.167    204.785    -0.1037 1.0000e-12     0.1275  662384944   235.7576         16    153.982  14145.458     339492  0.000e+00
    152.883    36.1330    36.0528    15.4787    15.4842    130.178    204.942    -0.1037 1.0000e-12     0.1275  662384944   235.7583         16    154.053  14145.500     339493  0.000e+00
    152.858    36.1334    36.0524    15.4768    15.4839    130.186    204.814    -0.1037 1.0000e-12     0.1275  662384944   235.7590         16    154.027  14145.542     339494  0.000e+00
    152.883    36.1342    36.0529    15.4757    15.4827    130.192    204.673    -0.1037 1.0000e-12     0.1275  662384944   235.7597         16    154.053  14145.583     339495  0.000e+00
    152.902    36.1350    36.0524    15.4748    15.4823    130.047    204.826    -0.1037 1.0000e-12     0.1275  662384944   235.7604         16    154.072  14145.625     339496  0.000e+00
    152.953    36.1348    36.0524    15.4742    15.4817    130.043    204.839    -0.1037 1.0000e-12     0.1275  662384944   235.7611         16    154.123  14145.667     339497  0.000e+00
    152.928    36.1349    36.0521    15.4738    15.4810    130.177    204.851    -0.1037 1.0000e-12     0.1275  662384944   235.7618         16    154.098  14145.708     339498  0.000e+00
    152.953    36.1347    36.0516    15.4732    15.4800    130.183    204.848    -0.1037 1.0000e-12     0.1275  662384944   235.7625         16    154.123  14145.750     339499  0.000e+00
    152.979    36.1350    36.0518    15.4723    15.4793    130.189    204.842    -0.1037 1.0000e-12     0.1251  662384944   235.7632         16    154.149  14145.792     339500  0.000e+00
    152.998    36.1362    36.0516    15.4733    15.4787    130.189    204.836    -0.1037 1.0000e-12     0.1251  662384944   235.7639         16    154.168  14145.833     339501  0.000e+00
    152.998    36.1372    36.0522    15.4752    15.4769    130.188    204.831    -0.1037 1.0000e-12     0.1251  662384944   235.7646         16    154.168  14145.875     339502  0.000e+00
    153.023    36.1377    36.0521    15.4772    15.4754    130.186    204.996    -0.1037 1.0000e-12     0.1251  662384944   235.7653         16    154.194  14145.917     339503  0.000e+00
    153.049    36.1396    36.0519    15.4804    15.4747    130.180    204.861    -0.1037 1.0000e-12     0.1251  662384945   235.7660         16    154.219  14145.958     339504  0.000e+00
    153.074    36.1401    36.0520    15.4866    15.4737    130.178    204.867    -0.1037 1.0000e-12     0.1251  662384945   235.7667         16    154.245  14146.000     339505  0.000e+00
    153.093    36.1399    36.0528    15.4928    15.4742    130.037    204.865    -0.1037 1.0000e-12     0.1251  662384945   235.7674         16    154.264  14146.042     339506  0.000e+00
    153.093    36.1390    36.0525    15.4965    15.4771    130.023    204.854    -0.1037 1.0000e-12     0.1251  662384945   235.7681         16    154.264  14146.083     339507  0.000e+00
