data/UWS/CTD_bulk_raw/SO279/Old_files/SO279_36-1_CTD-01Depth AVERAGED.cnv
* Sea-Bird SBE 9 Data File:
* FileName = D:\CTDData\SO279\SO279_36-1_CTD-01.hex
* Software Version Seasave V 7.26.1.8
* Temperature SN = 5938
* Conductivity SN = 4108
* Number of Bytes Per Scan = 41
* Number of Voltage Words = 4
* Number of Scans Averaged by the Deck Unit = 1
* NMEA Latitude = 30 53.53 N
* NMEA Longitude = 029 18.84 W
* NMEA UTC (Time) = Dec 16 2020  05:18:34
* NMEA baud rate = 4800
# nquan = 7
# nvalues = 426                         
# units = specified
# name 0 = depSM: Depth [salt water, m]
# name 1 = c0mS/cm: Conductivity [mS/cm]
# name 2 = flECO-AFL: Fluorescence, WET Labs ECO-AFL/FL [mg/m^3]
# name 3 = sbeox0Mm/L: Oxygen, SBE 43 [umol/l]
# name 4 = sal00: Salinity, Practical [PSU]
# name 5 = t090C: Temperature [ITS-90, deg C]
# name 6 = flag: flag
# span 0 =     10.000,   4260.000       
# span 1 =  32.693214,  50.839355       
# span 2 =    -0.0537,     0.2117       
# span 3 =    175.518,    235.463       
# span 4 =    33.1944,    36.8592       
# span 5 =     2.4637,    20.6095       
# span 6 = 0.0000e+00, 0.0000e+00       
# interval = meters: 10                 
# start_time = Dec 16 2020 05:18:35 [NMEA time, first data scan]
# bad_flag = -9.990e-29
*END*
[from data line 206]
   2070.000  33.264047     0.0062    233.555    35.0323     3.7534 0.0000e+00
   2080.000  33.249478     0.0067    233.865    35.0298     3.7349 0.0000e+00
   2090.000  33.250369     0.0063    233.720    35.0301     3.7311 0.0000e+00
   2100.000  33.230868     0.0062    233.429    35.0284     3.7064 0.0000e+00
   2110.000  33.183586     0.0093    234.079    35.0217     3.6553 0.0000e+00
   2120.000  33.170020     0.0054    234.484    35.0201     3.6370 0.0000e+00
   2130.000  33.172096     0.0068    233.651    35.0214     3.6335 0.0000e+00
   2140.000  33.164825     0.0075    233.538    35.0204     3.6219 0.0000e+00
   2150.000  33.156277     0.0062    233.315    35.0201     3.6080 0.0000e+00
   2160.000  33.150773     0.0079    233.200    35.0191     3.5983 0.0000e+00
   2170.000  33.134410     0.0074    233.331    35.0170     3.5774 0.0000e+00
   2180.000  33.108433     0.0062    233.562    35.0135     3.5470 0.0000e+00
   2190.000  33.085396     0.0071    233.868    35.0105     3.5195 0.0000e+00
   2200.000  33.076725     0.0074    233.954    35.0088     3.5068 0.0000e+00
   2210.000  33.075794     0.0072    233.868    35.0088     3.5013 0.0000e+00
   2220.000  33.070419     0.0056    233.625    35.0083     3.4912 0.0000e+00
   2230.000  33.051342     0.0050    233.626    35.0061     3.4673 0.0000e+00
   2240.000  33.043014     0.0054    233.847    35.0044     3.4551 0.0000e+00
   2250.000  33.042832     0.0040    233.864    35.0041     3.4507 0.0000e+00
   2260.000  33.030577     0.0053    233.707    35.0028     3.4336 0.0000e+00
   2270.000  33.013735     0.0049    234.076    35.0000     3.4128 0.0000e+00
   2280.000  32.992137     0.0057    234.380    34.9971     3.3868 0.0000e+00
   2290.000  32.977005     0.0055    234.639    34.9948     3.3674 0.0000e+00
   2300.000  32.960817     0.0055    234.716    34.9927     3.3467 0.0000e+00
   2310.000  32.945989     0.0055    234.898    34.9906     3.3275 0.0000e+00
   2320.000  32.933189     0.0031    235.042    34.9887     3.3105 0.0000e+00
   2330.000  32.920716     0.0071    235.317    34.9867     3.2938 0.0000e+00
   2340.000  32.917435     0.0107    235.367    34.9857     3.2866 0.0000e+00
   2350.000  32.908545     0.0050    235.463    34.9842     3.2734 0.0000e+00
   2360.000  32.897239     0.0070    235.439    34.9830     3.2573 0.0000e+00
   2370.000  32.896839     0.0046    235.062    34.9834     3.2520 0.0000e+00
   2380.000  32.899024     0.0033    234.688    34.9839     3.2496 0.0000e+00
   2390.000  32.892298     0.0048    234.824    34.9827     3.2386 0.0000e+00
   2400.000  32.881970     0.0055    234.876    34.9811     3.2240 0.0000e+00
   2410.000  32.882241     0.0073    234.641    34.9816     3.2194 0.0000e+00
   2420.000  32.896125     0.0072    233.828    34.9846     3.2277 0.0000e+00
   2430.000  32.899930     0.0070    232.765    34.9859     3.2263 0.0000e+00
   2440.000  32.865752     0.0039    233.733    34.9801     3.1888 0.0000e+00
   2450.000  32.884761     0.0051    233.333    34.9837     3.2023 0.0000e+00
   2460.000  32.900245     0.0089    231.942    34.9866     3.2126 0.0000e+00
   2470.000  32.893527     0.0052    231.705    34.9860     3.2011 0.0000e+00
   2480.000  32.892175     0.0066    231.631    34.9855     3.1956 0.0000e+00
   2490.000  32.891278     0.0030    231.529    34.9853     3.1903 0.0000e+00
   2500.000  32.883804     0.0041    231.460    34.9844     3.1782 0.0000e+00
   2510.000  32.879179     0.0074    231.362    34.9836     3.1694 0.0000e+00
   2520.000  32.872058     0.0073    231.548    34.9822     3.1583 0.0000e+00
   2530.000  32.868116     0.0056    231.393    34.9817     3.1498 0.0000e+00
   2540.000  32.861476     0.0051    231.344    34.9808     3.1387 0.0000e+00
   2550.000  32.855930     0.0073    231.421    34.9799     3.1289 0.0000e+00
   2560.000  32.854399     0.0050    231.375    34.9792     3.1233 0.0000e+00
   2570.000  32.843525     0.0064    231.393    34.9778     3.1080 0.0000e+00
   2580.000  32.837699     0.0082    231.404    34.9769     3.0979 0.0000e+00
   2590.000  32.837031     0.0077    231.305    34.9764     3.0931 0.0000e+00
   2600.000  32.832036     0.0095    231.363    34.9756     3.0839 0.0000e+00
   2610.000  32.827638     0.0063    231.270    34.9749     3.0751 0.0000e+00
   2620.000  32.825249     0.0096    231.129    34.9745     3.0684 0.0000e+00
   2630.000  32.825814     0.0098    231.033    34.9742     3.0649 0.0000e+00
   2640.000  32.824699     0.0090    231.012    34.9736     3.0597 0.0000e+00
   2650.000  32.820553     0.0079    231.035    34.9728     3.0514 0.0000e+00
   2660.000  32.814647     0.0079    230.995    34.9720     3.0411 0.0000e+00
   2670.000  32.806710     0.0082    230.984    34.9709     3.0288 0.0000e+00
   2680.000  32.800527     0.0068    230.915    34.9700     3.0183 0.0000e+00
   2690.000  32.796624     0.0077    230.664    34.9697     3.0097 0.0000e+00
   2700.000  32.790561     0.0071    230.519    34.9689     2.9992 0.0000e+00
   2710.000  32.790611     0.0088    230.488    34.9685     2.9953 0.0000e+00
   2720.000  32.791567     0.0080    230.436    34.9681     2.9923 0.0000e+00
   2730.000  32.787670     0.0088    230.571    34.9672     2.9844 0.0000e+00
   2740.000  32.783953     0.0089    230.601    34.9663     2.9767 0.0000e+00
   2750.000  32.775873     0.0078    230.741    34.9647     2.9646 0.0000e+00
   2760.000  32.776746     0.0059    230.903    34.9642     2.9617 0.0000e+00
   2770.000  32.775746     0.0068    230.846    34.9638     2.9566 0.0000e+00
   2780.000  32.768435     0.0034    230.870    34.9628     2.9449 0.0000e+00
   2790.000  32.767097     0.0105    230.725    34.9624     2.9393 0.0000e+00
   2800.000  32.770064     0.0068    230.500    34.9625     2.9382 0.0000e+00
   2810.000  32.768811     0.0061    230.466    34.9621     2.9329 0.0000e+00
   2820.000  32.766178     0.0065    230.347    34.9616     2.9260 0.0000e+00
   2830.000  32.762502     0.0068    230.336    34.9610     2.9180 0.0000e+00
   2840.000  32.756739     0.0098    230.259    34.9601     2.9080 0.0000e+00
   2850.000  32.752845     0.0073    230.186    34.9593     2.9000 0.0000e+00
   2860.000  32.748398     0.0073    230.144    34.9585     2.8913 0.0000e+00
   2870.000  32.744830     0.0061    230.104    34.9578     2.8836 0.0000e+00
   2880.000  32.742950     0.0129    230.120    34.9572     2.8777 0.0000e+00
   2890.000  32.743075     0.0058    230.059    34.9570     2.8737 0.0000e+00
   2900.000  32.740976     0.0096    229.849    34.9565     2.8675 0.0000e+00
   2910.000  32.734391     0.0112    229.944    34.9555     2.8566 0.0000e+00
   2920.000  32.730457     0.0077    229.836    34.9548     2.8485 0.0000e+00
   2930.000  32.730340     0.0087    229.840    34.9543     2.8445 0.0000e+00
   2940.000  32.729241     0.0101    229.834    34.9538     2.8393 0.0000e+00
   2950.000  32.728366     0.0056    229.730    34.9534     2.8344 0.0000e+00
   2960.000  32.728280     0.0058    229.659    34.9529     2.8304 0.0000e+00
   2970.000  32.726687     0.0074    229.749    34.9522     2.8250 0.0000e+00
   2980.000  32.724069     0.0081    229.806    34.9516     2.8183 0.0000e+00
   2990.000  32.723806     0.0081    229.677    34.9514     2.8138 0.0000e+00
   3000.000  32.719424     0.0068    229.403    34.9509     2.8051 0.0000e+00
   3010.000  32.716246     0.0083    229.441    34.9501     2.7979 0.0000e+00
   3020.000  32.714128     0.0078    229.403    34.9493     2.7920 0.0000e+00
   3030.000  32.713016     0.0095    229.503    34.9487     2.7869 0.0000e+00
   3040.000  32.712787     0.0136    229.543    34.9482     2.7828 0.0000e+00
   3050.000  32.709508     0.0096    229.543    34.9475     2.7755 0.0000e+00
   3060.000  32.708950     0.0067    229.490    34.9470     2.7711 0.0000e+00
   3070.000  32.709910     0.0070    229.503    34.9466     2.7682 0.0000e+00
   3080.000  32.708763     0.0091    229.540    34.9460     2.7631 0.0000e+00
   3090.000  32.706946     0.0086    229.462    34.9455     2.7573 0.0000e+00
   3100.000  32.702967     0.0079    229.521    34.9446     2.7494 0.0000e+00
   3110.000  32.698617     0.0091    229.512    34.9438     2.7409 0.0000e+00
   3120.000  32.695201     0.0084    229.503    34.9430     2.7335 0.0000e+00
   3130.000  32.695853     0.0101    229.481    34.9426     2.7303 0.0000e+00
   3140.000  32.695378     0.0092    229.346    34.9424     2.7257 0.0000e+00
   3150.000  32.695602     0.0085    229.341    34.9420     2.7220 0.0000e+00
   3160.000  32.695462     0.0083    229.249    34.9415     2.7180 0.0000e+00
   3170.000  32.696219     0.0112    229.175    34.9412     2.7149 0.0000e+00
   3180.000  32.697087     0.0085    229.168    34.9409     2.7119 0.0000e+00
   3190.000  32.696310     0.0096    229.155    34.9405     2.7072 0.0000e+00
   3200.000  32.693214     0.0116    229.053    34.9399     2.7000 0.0000e+00
   3210.000  32.694810     0.0096    228.885    34.9397     2.6977 0.0000e+00
   3220.000  32.697549     0.0064    228.886    34.9395     2.6967 0.0000e+00
   3230.000  32.699184     0.0075    228.834    34.9394     2.6945 0.0000e+00
   3240.000  32.698843     0.0079    228.758    34.9390     2.6902 0.0000e+00
   3250.000  32.700526     0.0088    228.700    34.9387     2.6882 0.0000e+00
   3260.000  32.699799     0.0064    228.702    34.9382     2.6835 0.0000e+00
   3270.000  32.699266     0.0089    228.672    34.9377     2.6792 0.0000e+00
   3280.000  32.699584     0.0073    228.620    34.9374     2.6756 0.0000e+00
   3290.000  32.698040     0.0080    228.524    34.9368     2.6702 0.0000e+00
   3300.000  32.700236     0.0081    228.522    34.9366     2.6687 0.0000e+00
   3310.000  32.701922     0.0083    228.506    34.9363     2.6666 0.0000e+00
   3320.000  32.701271     0.0067    228.482    34.9359     2.6620 0.0000e+00
   3330.000  32.702355     0.0092    228.434    34.9356     2.6593 0.0000e+00
   3340.000  32.703276     0.0089    228.324    34.9352     2.6565 0.0000e+00
   3350.000  32.703767     0.0075    228.329    34.9349     2.6531 0.0000e+00
   3360.000  32.703130     0.0118    228.280    34.9345     2.6486 0.0000e+00
   3370.000  32.703680     0.0076    228.328    34.9340     2.6454 0.0000e+00
   3380.000  32.702904     0.0098    228.211    34.9336     2.6408 0.0000e+00
   3390.000  32.703358     0.0093    228.227    34.9332     2.6374 0.0000e+00
   3400.000  32.705018     0.0099    228.122    34.9329     2.6354 0.0000e+00
   3410.000  32.705462     0.0077    228.133    34.9326     2.6320 0.0000e+00
   3420.000  32.704823     0.0076    228.101    34.9321     2.6275 0.0000e+00
   3430.000  32.705149     0.0069    227.977    34.9317     2.6240 0.0000e+00
   3440.000  32.707342     0.0109    227.968    34.9315     2.6225 0.0000e+00
   3450.000  32.705649     0.0067    227.981    34.9310     2.6170 0.0000e+00
   3460.000  32.702620     0.0100    227.953    34.9303     2.6100 0.0000e+00
   3470.000  32.701116     0.0082    227.906    34.9297     2.6046 0.0000e+00
   3480.000  32.701468     0.0093    227.910    34.9294     2.6011 0.0000e+00
   3490.000  32.703051     0.0089    227.825    34.9292     2.5990 0.0000e+00
   3500.000  32.705120     0.0094    227.669    34.9290     2.5973 0.0000e+00
   3510.000  32.705016     0.0102    227.719    34.9286     2.5934 0.0000e+00
   3520.000  32.706045     0.0105    227.683    34.9282     2.5908 0.0000e+00
   3530.000  32.705694     0.0095    227.655    34.9277     2.5867 0.0000e+00
   3540.000  32.707158     0.0092    227.650    34.9274     2.5845 0.0000e+00
   3550.000  32.706201     0.0099    227.572    34.9269     2.5797 0.0000e+00
   3560.000  32.705991     0.0101    227.613    34.9264     2.5758 0.0000e+00
   3570.000  32.706974     0.0079    227.559    34.9261     2.5731 0.0000e+00
   3580.000  32.708566     0.0100    227.543    34.9259     2.5709 0.0000e+00
   3590.000  32.710524     0.0079    227.480    34.9256     2.5693 0.0000e+00
   3600.000  32.711618     0.0097    227.513    34.9253     2.5667 0.0000e+00
   3610.000  32.710870     0.0089    227.511    34.9248     2.5622 0.0000e+00
   3620.000  32.711017     0.0119    227.428    34.9244     2.5586 0.0000e+00
   3630.000  32.712046     0.0090    227.371    34.9241     2.5559 0.0000e+00
   3640.000  32.713808     0.0089    227.378    34.9238     2.5540 0.0000e+00
   3650.000  32.714614     0.0099    227.420    34.9235     2.5511 0.0000e+00
   3660.000  32.715768     0.0090    227.401    34.9231     2.5486 0.0000e+00
   3670.000  32.717017     0.0093    227.403    34.9228     2.5462 0.0000e+00
   3680.000  32.718287     0.0081    227.386    34.9225     2.5438 0.0000e+00
   3690.000  32.719114     0.0072    227.326    34.9222     2.5410 0.0000e+00
   3700.000  32.719589     0.0082    227.326    34.9219     2.5377 0.0000e+00
   3710.000  32.720867     0.0045    227.292    34.9215     2.5354 0.0000e+00
   3720.000  32.722673     0.0065    227.291    34.9213     2.5335 0.0000e+00
   3730.000  32.725160     0.0066    227.292    34.9211     2.5324 0.0000e+00
   3740.000  32.728075     0.0109    227.278    34.9209     2.5319 0.0000e+00
   3750.000  32.730095     0.0095    227.337    34.9207     2.5302 0.0000e+00
   3760.000  32.731188     0.0079    227.244    34.9203     2.5277 0.0000e+00
   3770.000  32.731732     0.0060    227.272    34.9200     2.5246 0.0000e+00
   3780.000  32.732395     0.0105    227.231    34.9196     2.5216 0.0000e+00
   3790.000  32.733715     0.0104    227.213    34.9193     2.5193 0.0000e+00
   3800.000  32.736087     0.0090    227.244    34.9191     2.5181 0.0000e+00
   3810.000  32.738270     0.0101    227.259    34.9189     2.5167 0.0000e+00
   3820.000  32.740063     0.0126    227.179    34.9186     2.5150 0.0000e+00
   3830.000  32.741863     0.0105    227.211    34.9184     2.5131 0.0000e+00
   3840.000  32.743498     0.0107    227.185    34.9181     2.5112 0.0000e+00
   3850.000  32.744618     0.0069    227.176    34.9178     2.5086 0.0000e+00
   3860.000  32.746962     0.0097    227.232    34.9176     2.5075 0.0000e+00
   3870.000  32.749974     0.0078    227.274    34.9175     2.5069 0.0000e+00
   3880.000  32.752627     0.0089    227.262    34.9173     2.5061 0.0000e+00
   3890.000  32.753763     0.0090    227.234    34.9170     2.5036 0.0000e+00
   3900.000  32.755401     0.0086    227.220    34.9167     2.5016 0.0000e+00
   3910.000  32.757870     0.0094    227.251    34.9165     2.5006 0.0000e+00
   3920.000  32.760730     0.0117    227.186    34.9164     2.4999 0.0000e+00
   3930.000  32.763707     0.0130    227.228    34.9162     2.4994 0.0000e+00
   3940.000  32.766762     0.0122    227.172    34.9161     2.4990 0.0000e+00
   3950.000  32.769827     0.0113    227.216    34.9159     2.4986 0.0000e+00
   3960.000  32.773451     0.0100    227.247    34.9158     2.4987 0.0000e+00
   3970.000  32.776542     0.0124    227.234    34.9158     2.4983 0.0000e+00
   3980.000  32.779120     0.0132    227.251    34.9156     2.4973 0.0000e+00
   3990.000  32.781415     0.0083    227.264    34.9153     2.4962 0.0000e+00
   4000.000  32.784575     0.0066    227.225    34.9152     2.4958 0.0000e+00
   4010.000  32.787997     0.0095    227.239    34.9151     2.4958 0.0000e+00
   4020.000  32.791332     0.0112    227.230    34.9151     2.4957 0.0000e+00
   4030.000  32.794584     0.0104    227.217    34.9149     2.4955 0.0000e+00
   4040.000  32.797465     0.0087    227.284    34.9147     2.4949 0.0000e+00
   4050.000  32.799776     0.0098    227.251    34.9145     2.4937 0.0000e+00
   4060.000  32.802423     0.0089    227.283    34.9144     2.4929 0.0000e+00
   4070.000  32.804967     0.0114    227.285    34.9141     2.4920 0.0000e+00
   4080.000  32.807294     0.0105    227.216    34.9140     2.4908 0.0000e+00
   4090.000  32.809978     0.0140    227.235    34.9138     2.4900 0.0000e+00
   4100.000  32.813701     0.0079    227.196    34.9137     2.4904 0.0000e+00
