data/UWS/CTD_bulk_raw/SO279/Old_files/SO279_1-1_CTD-01_processedDepth AVERAGED.cnv
* Sea-Bird SBE 9 Data File:
* FileName = D:\CTDData\SO279\SO279_1-1_CTD-01.hex
* Software Version Seasave V 7.26.1.8
* Temperature SN = 5938
* Conductivity SN = 4108
* Number of Bytes Per Scan = 41
* Number of Voltage Words = 4
* Number of Scans Averaged by the Deck Unit = 1
* NMEA Latitude = 47 15.00 N
* NMEA Longitude = 010 06.27 W
* NMEA UTC (Time) = Dec 08 2020  08:01:09
* NMEA baud rate = 4800
# nquan = 7
# nvalues = 434                         
# units = specified
# name 0 = depSM: Depth [salt water, m]
# name 1 = c0mS/cm: Conductivity [mS/cm]
# name 2 = flECO-AFL: Fluorescence, WET Labs ECO-AFL/FL [mg/m^3]
# name 3 = sbeox0Mm/L: Oxygen, SBE 43 [umol/l]
# name 4 = sal00: Salinity, Practical [PSU]
# name 5 = t090C: Temperature [ITS-90, deg C]
# name 6 = flag: flag
# span 0 =     10.000,   4340.000       
# span 1 =  32.662175,  42.394906       
# span 2 =    -0.1351,     0.3739       
# span 3 =    191.802,    255.660       
# span 4 =    34.9079,    35.6953       
# span 5 =     2.4765,    13.6971       
# span 6 = 0.0000e+00, 0.0000e+00       
# interval = meters: 10                 
# start_time = Dec 08 2020 08:01:36 [NMEA time, first data scan]
# bad_flag = -9.990e-29
*END*
     10.000  42.345505     0.3711    236.980    35.6698    13.6840 0.0000e+00
     20.000  42.351356     0.3475    237.291    35.6703    13.6847 0.0000e+00
     30.000  42.357776     0.3472    236.423    35.6704    13.6865 0.0000e+00
     40.000  42.363157     0.3568    236.442    35.6708    13.6868 0.0000e+00
     50.000  42.369945     0.3679    236.479    35.6711    13.6888 0.0000e+00
     60.000  42.377321     0.3597    236.376    35.6715    13.6912 0.0000e+00
     70.000  42.385203     0.3450    236.174    35.6717    13.6943 0.0000e+00
     80.000  42.392621     0.3739    236.090    35.6718    13.6971 0.0000e+00
     90.000  42.394906     0.3624    236.192    35.6716    13.6950 0.0000e+00
    100.000  42.391915     0.3484    236.897    35.6709    13.6881 0.0000e+00
    110.000  42.124260     0.2569    234.324    35.6624    13.4218 0.0000e+00
    120.000  41.252838    -0.0982    225.355    35.6338    12.5631 0.0000e+00
    130.000  41.176551    -0.1211    225.933    35.6294    12.4850 0.0000e+00
    140.000  41.119977    -0.1306    225.733    35.6257    12.4266 0.0000e+00
    150.000  41.040402    -0.1329    226.062    35.6194    12.3473 0.0000e+00
    160.000  40.937599    -0.1319    226.425    35.6096    12.2479 0.0000e+00
    170.000  40.889291    -0.1351    226.813    35.6041    12.1996 0.0000e+00
    180.000  40.821180    -0.1306    227.110    35.5967    12.1330 0.0000e+00
    190.000  40.739301    -0.1276    227.710    35.5883    12.0534 0.0000e+00
    200.000  40.672915    -0.1243    227.863    35.5812    11.9881 0.0000e+00
    210.000  40.598471    -0.1215    227.544    35.5742    11.9144 0.0000e+00
    220.000  40.562871    -0.1267    227.360    35.5703    11.8773 0.0000e+00
    230.000  40.491034    -0.1260    227.002    35.5635    11.8060 0.0000e+00
    240.000  40.454324    -0.1197    226.451    35.5596    11.7677 0.0000e+00
    250.000  40.420244    -0.1168    226.137    35.5557    11.7321 0.0000e+00
    260.000  40.391437    -0.1101    225.914    35.5523    11.7014 0.0000e+00
    270.000  40.351683    -0.1145    225.750    35.5481    11.6602 0.0000e+00
    280.000  40.319230    -0.1096    225.485    35.5444    11.6261 0.0000e+00
    290.000  40.283739    -0.1033    225.011    35.5406    11.5888 0.0000e+00
    300.000  40.246125    -0.1058    224.259    35.5370    11.5492 0.0000e+00
    310.000  40.229019    -0.0988    223.937    35.5349    11.5291 0.0000e+00
    320.000  40.208565    -0.0919    224.391    35.5323    11.5061 0.0000e+00
    330.000  40.180269    -0.0938    223.622    35.5292    11.4754 0.0000e+00
    340.000  40.140664    -0.0919    225.496    35.5241    11.4353 0.0000e+00
    350.000  40.124913    -0.0814    223.001    35.5245    11.4140 0.0000e+00
    360.000  40.124660    -0.0833    219.675    35.5263    11.4072 0.0000e+00
    370.000  40.103606    -0.0786    217.677    35.5256    11.3816 0.0000e+00
    380.000  40.075379    -0.0744    216.582    35.5236    11.3499 0.0000e+00
    390.000  40.039621    -0.0770    216.202    35.5206    11.3114 0.0000e+00
    400.000  39.995618    -0.0744    216.352    35.5169    11.2653 0.0000e+00
    410.000  39.966933    -0.0689    215.987    35.5153    11.2326 0.0000e+00
    420.000  39.927721    -0.0660    217.035    35.5117    11.1911 0.0000e+00
    430.000  39.888730    -0.0644    218.190    35.5089    11.1492 0.0000e+00
    440.000  39.852171    -0.0547    219.011    35.5063    11.1094 0.0000e+00
    450.000  39.823929    -0.0539    219.326    35.5037    11.0782 0.0000e+00
    460.000  39.840892    -0.0560    217.985    35.5100    11.0846 0.0000e+00
    470.000  39.840172    -0.0630    216.847    35.5144    11.0747 0.0000e+00
    480.000  39.820967    -0.0659    216.125    35.5152    11.0492 0.0000e+00
    490.000  39.787068    -0.0789    216.344    35.5113    11.0136 0.0000e+00
    500.000  39.720931    -0.0802    217.794    35.5016    10.9506 0.0000e+00
    510.000  39.696795    -0.0761    216.791    35.5026    10.9199 0.0000e+00
    520.000  39.694697    -0.0801    215.426    35.5071    10.9084 0.0000e+00
    530.000  39.676167    -0.0750    214.810    35.5098    10.8818 0.0000e+00
    540.000  39.630561    -0.0817    214.228    35.5063    10.8335 0.0000e+00
    550.000  39.566826    -0.0834    214.100    35.5030    10.7662 0.0000e+00
    560.000  39.539223    -0.0775    212.505    35.5062    10.7296 0.0000e+00
    570.000  39.579482    -0.0793    210.935    35.5223    10.7501 0.0000e+00
    580.000  39.591591    -0.0799    209.854    35.5292    10.7509 0.0000e+00
    590.000  39.597174    -0.0794    209.317    35.5342    10.7469 0.0000e+00
    600.000  39.604777    -0.0818    208.655    35.5419    10.7422 0.0000e+00
    610.000  39.591946    -0.0847    207.586    35.5481    10.7178 0.0000e+00
    620.000  39.522262    -0.0820    206.821    35.5426    10.6466 0.0000e+00
    630.000  39.521710    -0.0796    206.372    35.5490    10.6349 0.0000e+00
    640.000  39.648321    -0.0735    204.538    35.5853    10.7240 0.0000e+00
    650.000  39.783165    -0.0716    201.979    35.6267    10.8162 0.0000e+00
    660.000  39.783673    -0.0677    200.928    35.6308    10.8079 0.0000e+00
    670.000  39.745474    -0.0680    200.650    35.6277    10.7671 0.0000e+00
    680.000  39.678718    -0.0641    200.273    35.6183    10.7031 0.0000e+00
    690.000  39.574977    -0.0591    200.131    35.6105    10.5990 0.0000e+00
    700.000  39.626768    -0.0582    199.328    35.6271    10.6310 0.0000e+00
    710.000  39.648058    -0.0512    197.987    35.6367    10.6386 0.0000e+00
    720.000  39.641259    -0.0534    197.902    35.6425    10.6210 0.0000e+00
    730.000  39.668527    -0.0417    196.240    35.6621    10.6245 0.0000e+00
    740.000  39.661555    -0.0392    195.221    35.6663    10.6083 0.0000e+00
    750.000  39.652519    -0.0374    194.158    35.6725    10.5880 0.0000e+00
    760.000  39.652046    -0.0355    192.879    35.6809    10.5743 0.0000e+00
    770.000  39.670387    -0.0315    191.978    35.6953    10.5739 0.0000e+00
    780.000  39.522222    -0.0310    192.174    35.6850    10.4264 0.0000e+00
    790.000  39.399182    -0.0344    191.802    35.6753    10.3042 0.0000e+00
    800.000  39.317418    -0.0310    192.017    35.6710    10.2192 0.0000e+00
    810.000  39.210382    -0.0322    192.557    35.6576    10.1171 0.0000e+00
    820.000  39.183220    -0.0394    192.529    35.6560    10.0860 0.0000e+00
    830.000  39.145663    -0.0388    192.752    35.6546    10.0437 0.0000e+00
    840.000  38.880353    -0.0377    194.511    35.6152     9.8030 0.0000e+00
    850.000  38.676156    -0.0405    195.827    35.5863     9.6145 0.0000e+00
    860.000  38.604722    -0.0342    196.121    35.5840     9.5376 0.0000e+00
    870.000  38.617354    -0.0333    196.058    35.5979     9.5321 0.0000e+00
    880.000  38.622442    -0.0338    196.230    35.6080     9.5225 0.0000e+00
    890.000  38.588630    -0.0394    196.118    35.6124     9.4781 0.0000e+00
    900.000  38.534881    -0.0336    196.174    35.6104     9.4193 0.0000e+00
    910.000  38.435268    -0.0379    196.704    35.6016     9.3193 0.0000e+00
    920.000  38.329150    -0.0361    197.034    35.5884     9.2167 0.0000e+00
    930.000  38.230242    -0.0332    197.701    35.5798     9.1170 0.0000e+00
    940.000  38.199594    -0.0280    197.914    35.5787     9.0813 0.0000e+00
    950.000  38.197991    -0.0275    197.855    35.5833     9.0704 0.0000e+00
    960.000  38.230445    -0.0277    196.563    35.5944     9.0887 0.0000e+00
    970.000  38.237031    -0.0298    195.045    35.6093     9.0759 0.0000e+00
    980.000  38.170430    -0.0315    194.039    35.6081     9.0026 0.0000e+00
    990.000  38.098785    -0.0284    194.030    35.6056     8.9252 0.0000e+00
   1000.000  38.075349    -0.0326    193.819    35.6101     8.8915 0.0000e+00
   1010.000  38.035489    -0.0314    193.554    35.6137     8.8414 0.0000e+00
   1020.000  37.988879    -0.0276    193.485    35.6133     8.7881 0.0000e+00
   1030.000  37.909720    -0.0319    193.803    35.6076     8.7059 0.0000e+00
   1040.000  37.809347    -0.0300    195.082    35.5967     8.6064 0.0000e+00
   1050.000  37.713848    -0.0198    195.512    35.5842     8.5135 0.0000e+00
   1060.000  37.587487    -0.0220    197.586    35.5678     8.3919 0.0000e+00
   1070.000  37.565718    -0.0218    196.448    35.5632     8.3688 0.0000e+00
   1080.000  37.526612    -0.0245    196.101    35.5576     8.3285 0.0000e+00
   1090.000  37.452133    -0.0221    196.866    35.5484     8.2543 0.0000e+00
   1100.000  37.386053    -0.0175    197.419    35.5401     8.1879 0.0000e+00
   1110.000  37.313826    -0.0131    197.964    35.5306     8.1162 0.0000e+00
   1120.000  37.200874    -0.0162    199.188    35.5153     8.0069 0.0000e+00
   1130.000  37.063290    -0.0150    200.843    35.4964     7.8748 0.0000e+00
   1140.000  36.914363    -0.0131    202.839    35.4794     7.7286 0.0000e+00
   1150.000  36.892676    -0.0096    202.924    35.4780     7.7023 0.0000e+00
   1160.000  36.853331    -0.0100    202.728    35.4763     7.6574 0.0000e+00
   1170.000  36.901801    -0.0102    201.583    35.4906     7.6903 0.0000e+00
   1180.000  36.823759    -0.0082    202.556    35.4824     7.6106 0.0000e+00
   1190.000  36.838239    -0.0086    202.573    35.4903     7.6135 0.0000e+00
   1200.000  36.837071    -0.0104    202.240    35.4930     7.6051 0.0000e+00
   1210.000  36.713059    -0.0101    203.664    35.4771     7.4837 0.0000e+00
   1220.000  36.627207    -0.0081    205.222    35.4634     7.4010 0.0000e+00
   1230.000  36.489373    -0.0060    206.416    35.4426     7.2694 0.0000e+00
   1240.000  36.370119    -0.0077    207.960    35.4239     7.1554 0.0000e+00
   1250.000  36.212370    -0.0075    209.956    35.3994     7.0056 0.0000e+00
   1260.000  36.098310    -0.0091    211.417    35.3820     6.8954 0.0000e+00
   1270.000  36.004310    -0.0082    212.356    35.3665     6.8048 0.0000e+00
   1280.000  35.851932    -0.0067    214.409    35.3423     6.6595 0.0000e+00
   1290.000  35.846517    -0.0071    214.596    35.3404     6.6509 0.0000e+00
   1300.000  35.787568    -0.0066    214.916    35.3326     6.5903 0.0000e+00
   1310.000  35.569490    -0.0042    217.895    35.2986     6.3830 0.0000e+00
   1320.000  35.472767    -0.0051    218.806    35.2826     6.2891 0.0000e+00
   1330.000  35.406412    -0.0040    220.011    35.2722     6.2226 0.0000e+00
   1340.000  35.334379    -0.0051    221.008    35.2610     6.1506 0.0000e+00
   1350.000  35.255082    -0.0042    222.070    35.2485     6.0720 0.0000e+00
   1360.000  35.144542    -0.0049    223.627    35.2315     5.9635 0.0000e+00
   1370.000  34.968488    -0.0033    225.903    35.2034     5.7942 0.0000e+00
   1380.000  34.898503    -0.0053    227.277    35.1906     5.7255 0.0000e+00
   1390.000  34.674980    -0.0030    229.957    35.1579     5.5078 0.0000e+00
   1400.000  34.515765    -0.0026    232.869    35.1329     5.3527 0.0000e+00
   1410.000  34.479669    -0.0042    233.806    35.1259     5.3152 0.0000e+00
   1420.000  34.423921    -0.0017    234.424    35.1167     5.2581 0.0000e+00
   1430.000  34.345451    -0.0033    235.690    35.1046     5.1787 0.0000e+00
   1440.000  34.259811    -0.0014    237.363    35.0924     5.0915 0.0000e+00
   1450.000  34.221477    -0.0018    237.804    35.0861     5.0506 0.0000e+00
   1460.000  34.125501    -0.0034    239.263    35.0719     4.9538 0.0000e+00
   1470.000  34.011412    -0.0012    241.622    35.0549     4.8393 0.0000e+00
   1480.000  33.966138    -0.0022    242.641    35.0474     4.7918 0.0000e+00
   1490.000  33.930947    -0.0025    243.250    35.0429     4.7524 0.0000e+00
   1500.000  33.884483    -0.0016    244.258    35.0366     4.7024 0.0000e+00
   1510.000  33.863239    -0.0021    244.699    35.0332     4.6775 0.0000e+00
   1520.000  33.828497    -0.0035    245.313    35.0285     4.6388 0.0000e+00
   1530.000  33.796359    -0.0016    245.854    35.0239     4.6028 0.0000e+00
   1540.000  33.789743    -0.0031    246.319    35.0236     4.5911 0.0000e+00
   1550.000  33.812413    -0.0021    245.689    35.0298     4.6056 0.0000e+00
   1560.000  33.777768    -0.0008    246.028    35.0263     4.5659 0.0000e+00
   1570.000  33.748746    -0.0008    246.590    35.0226     4.5325 0.0000e+00
   1580.000  33.735208    -0.0016    246.891    35.0209     4.5145 0.0000e+00
   1590.000  33.717275    -0.0006    247.143    35.0193     4.4914 0.0000e+00
   1600.000  33.696896    -0.0004    247.373    35.0178     4.4655 0.0000e+00
   1610.000  33.680334    -0.0022    247.610    35.0155     4.4446 0.0000e+00
   1620.000  33.650131    -0.0010    248.281    35.0112     4.4106 0.0000e+00
   1630.000  33.636474    -0.0016    248.606    35.0095     4.3923 0.0000e+00
   1640.000  33.623414    -0.0016    248.789    35.0075     4.3751 0.0000e+00
   1650.000  33.606061    -0.0025    248.870    35.0051     4.3534 0.0000e+00
   1660.000  33.580292    -0.0000    249.405    35.0016     4.3234 0.0000e+00
   1670.000  33.549366    -0.0017    249.951    34.9972     4.2885 0.0000e+00
   1680.000  33.514059    -0.0011    250.548    34.9926     4.2489 0.0000e+00
   1690.000  33.480101    -0.0016    251.133    34.9885     4.2103 0.0000e+00
   1700.000  33.451147    -0.0022    251.618    34.9846     4.1771 0.0000e+00
   1710.000  33.437895    -0.0017    251.791    34.9824     4.1598 0.0000e+00
   1720.000  33.419811    -0.0026    252.288    34.9798     4.1375 0.0000e+00
   1730.000  33.406913    -0.0022    252.511    34.9777     4.1205 0.0000e+00
   1740.000  33.386687    -0.0039    252.968    34.9748     4.0959 0.0000e+00
   1750.000  33.361320    -0.0023    253.427    34.9718     4.0658 0.0000e+00
   1760.000  33.353956    -0.0037    253.273    34.9716     4.0532 0.0000e+00
   1770.000  33.337254    -0.0044    253.451    34.9691     4.0323 0.0000e+00
   1780.000  33.325533    -0.0001    253.716    34.9676     4.0160 0.0000e+00
   1790.000  33.307897    -0.0050    253.957    34.9654     3.9938 0.0000e+00
   1800.000  33.288813    -0.0024    254.253    34.9631     3.9700 0.0000e+00
   1810.000  33.277337    -0.0019    254.316    34.9619     3.9536 0.0000e+00
   1820.000  33.269205    -0.0020    254.446    34.9614     3.9403 0.0000e+00
   1830.000  33.254126    -0.0035    254.422    34.9598     3.9204 0.0000e+00
   1840.000  33.220484    -0.0018    255.311    34.9545     3.8832 0.0000e+00
   1850.000  33.197627    -0.0015    255.580    34.9521     3.8552 0.0000e+00
   1860.000  33.192935    -0.0033    255.660    34.9518     3.8456 0.0000e+00
   1870.000  33.198519    -0.0010    255.246    34.9543     3.8449 0.0000e+00
   1880.000  33.212534    -0.0002    254.169    34.9587     3.8518 0.0000e+00
   1890.000  33.233280    -0.0042    253.391    34.9627     3.8666 0.0000e+00
   1900.000  33.248784    -0.0015    252.490    34.9679     3.8744 0.0000e+00
   1910.000  33.247731    -0.0026    252.109    34.9683     3.8682 0.0000e+00
   1920.000  33.242776     0.0000    251.945    34.9688     3.8575 0.0000e+00
   1930.000  33.235993     0.0006    251.749    34.9690     3.8452 0.0000e+00
   1940.000  33.234633    -0.0004    251.616    34.9692     3.8389 0.0000e+00
   1950.000  33.228651     0.0012    251.528    34.9688     3.8279 0.0000e+00
   1960.000  33.225934     0.0004    251.580    34.9686     3.8205 0.0000e+00
   1970.000  33.218383    -0.0017    251.638    34.9686     3.8074 0.0000e+00
   1980.000  33.204381    -0.0009    251.424    34.9681     3.7876 0.0000e+00
   1990.000  33.196628     0.0008    251.494    34.9674     3.7751 0.0000e+00
   2000.000  33.190436     0.0003    251.292    34.9673     3.7637 0.0000e+00
   2010.000  33.179676     0.0004    251.443    34.9666     3.7476 0.0000e+00
   2020.000  33.161530     0.0029    251.465    34.9650     3.7243 0.0000e+00
   2030.000  33.143087    -0.0008    251.901    34.9624     3.7015 0.0000e+00
   2040.000  33.126255     0.0006    252.053    34.9607     3.6796 0.0000e+00
   2050.000  33.117995     0.0007    252.124    34.9602     3.6663 0.0000e+00
