data/UWS/CTD_bulk_raw/SO279/Old_files/SO279_1-1_CTD-01Depth AVERAGED.cnv
* Sea-Bird SBE 9 Data File:
* FileName = D:\CTDData\SO279\SO279_1-1_CTD-01.hex
* Software Version Seasave V 7.26.1.8
* Temperature SN = 5938
* Conductivity SN = 4108
* Number of Bytes Per Scan = 41
* Number of Voltage Words = 4
* Number of Scans Averaged by the Deck Unit = 1
* NMEA Latitude = 47 15.00 N
* NMEA Longitude = 010 06.27 W
* NMEA UTC (Time) = Dec 08 2020  08:01:09
* NMEA baud rate = 4800
# nquan = 4
# nvalues = 1735                        
# units = specified
# name 0 = depSM: Depth [salt water, m]
# name 1 = c0mS/cm: Conductivity [mS/cm]
# name 2 = potemp090C: Potential Temperature [ITS-90, deg C]
# name 3 = flag: flag
# span 0 =     10.000,   4345.000       
# span 1 =  32.662092,  42.395343       
# span 2 =     2.0858,    13.6861       
# span 3 = 0.0000e+00, 0.0000e+00       
# interval = meters: 5                  
# start_time = Dec 08 2020 08:01:36 [NMEA time, first data scan]
# bad_flag = -9.990e-29
*END*
     10.000  42.345811    13.6841 0.0000e+00
     15.000  42.348203    13.6816 0.0000e+00
     20.000  42.351440    13.6818 0.0000e+00
     25.000  42.356052    13.6833 0.0000e+00
     30.000  42.357746    13.6822 0.0000e+00
     35.000  42.360127    13.6816 0.0000e+00
     40.000  42.363632    13.6816 0.0000e+00
     45.000  42.365308    13.6800 0.0000e+00
     50.000  42.369922    13.6817 0.0000e+00
     55.000  42.373622    13.6820 0.0000e+00
     60.000  42.377449    13.6827 0.0000e+00
     65.000  42.381105    13.6833 0.0000e+00
     70.000  42.385027    13.6841 0.0000e+00
     75.000  42.389515    13.6854 0.0000e+00
     80.000  42.393097    13.6861 0.0000e+00
     85.000  42.393928    13.6840 0.0000e+00
     90.000  42.395343    13.6824 0.0000e+00
     95.000  42.394270    13.6788 0.0000e+00
    100.000  42.392507    13.6743 0.0000e+00
    105.000  42.381289    13.6603 0.0000e+00
    110.000  42.134715    13.4168 0.0000e+00
    115.000  41.543226    12.8325 0.0000e+00
    120.000  41.315345    12.6093 0.0000e+00
    125.000  41.226547    12.5222 0.0000e+00
    130.000  41.169278    12.4600 0.0000e+00
    135.000  41.156206    12.4441 0.0000e+00
    140.000  41.118736    12.4064 0.0000e+00
    145.000  41.083992    12.3712 0.0000e+00
    150.000  41.042185    12.3287 0.0000e+00
    155.000  40.978732    12.2668 0.0000e+00
    160.000  40.937387    12.2262 0.0000e+00
    165.000  40.912279    12.2006 0.0000e+00
    170.000  40.888945    12.1765 0.0000e+00
    175.000  40.860866    12.1482 0.0000e+00
    180.000  40.820004    12.1079 0.0000e+00
    185.000  40.783296    12.0715 0.0000e+00
    190.000  40.739701    12.0284 0.0000e+00
    195.000  40.700078    11.9895 0.0000e+00
    200.000  40.675472    11.9640 0.0000e+00
    205.000  40.632760    11.9213 0.0000e+00
    210.000  40.598747    11.8870 0.0000e+00
    215.000  40.586520    11.8731 0.0000e+00
    220.000  40.561894    11.8474 0.0000e+00
    225.000  40.517647    11.8031 0.0000e+00
    230.000  40.492519    11.7773 0.0000e+00
    235.000  40.478403    11.7616 0.0000e+00
    240.000  40.448392    11.7304 0.0000e+00
    245.000  40.435329    11.7161 0.0000e+00
    250.000  40.421169    11.7003 0.0000e+00
    255.000  40.402294    11.6799 0.0000e+00
    260.000  40.386775    11.6629 0.0000e+00
    265.000  40.367922    11.6428 0.0000e+00
    270.000  40.354583    11.6278 0.0000e+00
    275.000  40.332086    11.6041 0.0000e+00
    280.000  40.313360    11.5840 0.0000e+00
    285.000  40.308906    11.5773 0.0000e+00
    290.000  40.291572    11.5585 0.0000e+00
    295.000  40.252026    11.5186 0.0000e+00
    300.000  40.243173    11.5075 0.0000e+00
    305.000  40.239924    11.5018 0.0000e+00
    310.000  40.231316    11.4910 0.0000e+00
    315.000  40.216972    11.4753 0.0000e+00
    320.000  40.210005    11.4660 0.0000e+00
    325.000  40.193304    11.4476 0.0000e+00
    330.000  40.181000    11.4333 0.0000e+00
    335.000  40.161253    11.4127 0.0000e+00
    340.000  40.141507    11.3923 0.0000e+00
    345.000  40.127126    11.3755 0.0000e+00
    350.000  40.124270    11.3682 0.0000e+00
    355.000  40.130923    11.3701 0.0000e+00
    360.000  40.125950    11.3622 0.0000e+00
    365.000  40.117190    11.3497 0.0000e+00
    370.000  40.102925    11.3331 0.0000e+00
    375.000  40.089753    11.3177 0.0000e+00
    380.000  40.074866    11.3004 0.0000e+00
    385.000  40.059334    11.2829 0.0000e+00
    390.000  40.043742    11.2652 0.0000e+00
    395.000  40.012870    11.2332 0.0000e+00
    400.000  39.996014    11.2142 0.0000e+00
    405.000  39.980455    11.1964 0.0000e+00
    410.000  39.965374    11.1786 0.0000e+00
    415.000  39.956289    11.1670 0.0000e+00
    420.000  39.925361    11.1355 0.0000e+00
    425.000  39.905060    11.1127 0.0000e+00
    430.000  39.889574    11.0949 0.0000e+00
    435.000  39.863773    11.0680 0.0000e+00
    440.000  39.852258    11.0536 0.0000e+00
    445.000  39.837049    11.0357 0.0000e+00
    450.000  39.822885    11.0205 0.0000e+00
    455.000  39.827002    11.0193 0.0000e+00
    460.000  39.845853    11.0300 0.0000e+00
    465.000  39.841893    11.0218 0.0000e+00
    470.000  39.842401    11.0167 0.0000e+00
    475.000  39.828494    10.9994 0.0000e+00
    480.000  39.820901    10.9881 0.0000e+00
    485.000  39.821268    10.9839 0.0000e+00
    490.000  39.787152    10.9513 0.0000e+00
    495.000  39.746527    10.9135 0.0000e+00
    500.000  39.718924    10.8861 0.0000e+00
    505.000  39.699233    10.8638 0.0000e+00
    510.000  39.691955    10.8503 0.0000e+00
    515.000  39.700840    10.8509 0.0000e+00
    520.000  39.695281    10.8442 0.0000e+00
    525.000  39.691170    10.8350 0.0000e+00
    530.000  39.672151    10.8098 0.0000e+00
    535.000  39.652783    10.7886 0.0000e+00
    540.000  39.622759    10.7581 0.0000e+00
    545.000  39.592662    10.7260 0.0000e+00
    550.000  39.571664    10.7021 0.0000e+00
    555.000  39.534877    10.6616 0.0000e+00
    560.000  39.537284    10.6587 0.0000e+00
    565.000  39.565359    10.6736 0.0000e+00
    570.000  39.579956    10.6787 0.0000e+00
    575.000  39.584748    10.6774 0.0000e+00
    580.000  39.591989    10.6785 0.0000e+00
    585.000  39.595759    10.6764 0.0000e+00
    590.000  39.596667    10.6723 0.0000e+00
    595.000  39.597347    10.6683 0.0000e+00
    600.000  39.607521    10.6687 0.0000e+00
    605.000  39.609874    10.6631 0.0000e+00
    610.000  39.602764    10.6509 0.0000e+00
    615.000  39.548390    10.5966 0.0000e+00
    620.000  39.523019    10.5696 0.0000e+00
    625.000  39.506294    10.5507 0.0000e+00
    630.000  39.517842    10.5541 0.0000e+00
    635.000  39.553228    10.5718 0.0000e+00
    640.000  39.653198    10.6473 0.0000e+00
    645.000  39.754089    10.7225 0.0000e+00
    650.000  39.781671    10.7317 0.0000e+00
    655.000  39.785548    10.7300 0.0000e+00
    660.000  39.785004    10.7257 0.0000e+00
    665.000  39.772701    10.7101 0.0000e+00
    670.000  39.748917    10.6853 0.0000e+00
    675.000  39.719087    10.6555 0.0000e+00
    680.000  39.688041    10.6259 0.0000e+00
    685.000  39.591091    10.5344 0.0000e+00
    690.000  39.570911    10.5088 0.0000e+00
    695.000  39.588994    10.5195 0.0000e+00
    700.000  39.640159    10.5533 0.0000e+00
    705.000  39.647370    10.5526 0.0000e+00
    710.000  39.650797    10.5520 0.0000e+00
    715.000  39.639997    10.5379 0.0000e+00
    720.000  39.638519    10.5276 0.0000e+00
    725.000  39.650981    10.5283 0.0000e+00
    730.000  39.670548    10.5341 0.0000e+00
    735.000  39.674216    10.5311 0.0000e+00
    740.000  39.661604    10.5154 0.0000e+00
    745.000  39.647273    10.4969 0.0000e+00
    750.000  39.651825    10.4921 0.0000e+00
    755.000  39.653584    10.4881 0.0000e+00
    760.000  39.649981    10.4762 0.0000e+00
    765.000  39.657808    10.4766 0.0000e+00
    770.000  39.671736    10.4789 0.0000e+00
    775.000  39.644075    10.4447 0.0000e+00
    780.000  39.481091    10.2916 0.0000e+00
    785.000  39.412770    10.2248 0.0000e+00
    790.000  39.400281    10.2075 0.0000e+00
    795.000  39.364231    10.1683 0.0000e+00
    800.000  39.319208    10.1221 0.0000e+00
    805.000  39.261375    10.0665 0.0000e+00
    810.000  39.209063    10.0170 0.0000e+00
    815.000  39.187034     9.9937 0.0000e+00
    820.000  39.184174     9.9863 0.0000e+00
    825.000  39.183795     9.9811 0.0000e+00
    830.000  39.149337     9.9452 0.0000e+00
    835.000  39.047152     9.8521 0.0000e+00
    840.000  38.850736     9.6755 0.0000e+00
    845.000  38.768583     9.5995 0.0000e+00
    850.000  38.666026     9.5036 0.0000e+00
    855.000  38.605524     9.4449 0.0000e+00
    860.000  38.603303     9.4345 0.0000e+00
    865.000  38.610827     9.4313 0.0000e+00
    870.000  38.618433     9.4302 0.0000e+00
    875.000  38.618601     9.4222 0.0000e+00
    880.000  38.624599     9.4210 0.0000e+00
    885.000  38.614834     9.4022 0.0000e+00
    890.000  38.585812     9.3702 0.0000e+00
    895.000  38.558081     9.3396 0.0000e+00
    900.000  38.535814     9.3137 0.0000e+00
    905.000  38.497731     9.2739 0.0000e+00
    910.000  38.426202     9.2038 0.0000e+00
    915.000  38.379369     9.1572 0.0000e+00
    920.000  38.336495     9.1162 0.0000e+00
    925.000  38.269459     9.0506 0.0000e+00
    930.000  38.217999     8.9974 0.0000e+00
    935.000  38.209807     8.9855 0.0000e+00
    940.000  38.202397     8.9747 0.0000e+00
    945.000  38.186313     8.9563 0.0000e+00
    950.000  38.196204     8.9586 0.0000e+00
    955.000  38.211773     8.9663 0.0000e+00
    960.000  38.232767     8.9795 0.0000e+00
    965.000  38.241759     8.9787 0.0000e+00
    970.000  38.237058     8.9629 0.0000e+00
    975.000  38.231320     8.9523 0.0000e+00
    980.000  38.166649     8.8856 0.0000e+00
    985.000  38.117264     8.8335 0.0000e+00
    990.000  38.103919     8.8167 0.0000e+00
    995.000  38.086464     8.7928 0.0000e+00
   1000.000  38.078041     8.7796 0.0000e+00
   1005.000  38.059942     8.7553 0.0000e+00
   1010.000  38.042659     8.7329 0.0000e+00
   1015.000  38.005458     8.6904 0.0000e+00
   1020.000  37.994540     8.6769 0.0000e+00
   1025.000  37.944008     8.6241 0.0000e+00
   1030.000  37.906116     8.5851 0.0000e+00
   1035.000  37.874793     8.5527 0.0000e+00
   1040.000  37.803887     8.4833 0.0000e+00
   1045.000  37.761424     8.4417 0.0000e+00
   1050.000  37.723091     8.4042 0.0000e+00
   1055.000  37.630164     8.3147 0.0000e+00
   1060.000  37.593850     8.2797 0.0000e+00
   1065.000  37.579683     8.2646 0.0000e+00
   1070.000  37.561736     8.2458 0.0000e+00
   1075.000  37.549957     8.2325 0.0000e+00
   1080.000  37.526424     8.2081 0.0000e+00
   1085.000  37.502047     8.1828 0.0000e+00
   1090.000  37.448923     8.1304 0.0000e+00
   1095.000  37.407566     8.0890 0.0000e+00
   1100.000  37.386588     8.0669 0.0000e+00
   1105.000  37.357320     8.0369 0.0000e+00
   1110.000  37.320766     8.0006 0.0000e+00
   1115.000  37.250472     7.9329 0.0000e+00
   1120.000  37.206927     7.8901 0.0000e+00
   1125.000  37.132128     7.8189 0.0000e+00
   1130.000  37.074675     7.7632 0.0000e+00
   1135.000  36.961877     7.6550 0.0000e+00
   1140.000  36.913154     7.6051 0.0000e+00
   1145.000  36.888829     7.5784 0.0000e+00
   1150.000  36.901913     7.5873 0.0000e+00
   1155.000  36.856611     7.5430 0.0000e+00
   1160.000  36.854988     7.5349 0.0000e+00
   1165.000  36.904758     7.5740 0.0000e+00
   1170.000  36.904124     7.5661 0.0000e+00
   1175.000  36.862803     7.5237 0.0000e+00
   1180.000  36.828252     7.4891 0.0000e+00
   1185.000  36.793252     7.4530 0.0000e+00
   1190.000  36.852292     7.4981 0.0000e+00
   1195.000  36.865841     7.5058 0.0000e+00
   1200.000  36.852870     7.4915 0.0000e+00
   1205.000  36.786616     7.4268 0.0000e+00
   1210.000  36.718858     7.3608 0.0000e+00
   1215.000  36.639887     7.2855 0.0000e+00
   1220.000  36.627824     7.2730 0.0000e+00
   1225.000  36.591965     7.2378 0.0000e+00
   1230.000  36.493309     7.1447 0.0000e+00
   1235.000  36.431419     7.0857 0.0000e+00
   1240.000  36.376625     7.0327 0.0000e+00
   1245.000  36.276376     6.9384 0.0000e+00
   1250.000  36.213603     6.8785 0.0000e+00
   1255.000  36.149388     6.8168 0.0000e+00
   1260.000  36.097206     6.7660 0.0000e+00
   1265.000  36.066055     6.7352 0.0000e+00
   1270.000  36.005304     6.6771 0.0000e+00
   1275.000  35.894001     6.5720 0.0000e+00
   1280.000  35.847613     6.5274 0.0000e+00
   1285.000  35.839580     6.5182 0.0000e+00
   1290.000  35.844233     6.5197 0.0000e+00
   1295.000  35.851037     6.5228 0.0000e+00
   1300.000  35.814881     6.4862 0.0000e+00
   1305.000  35.648347     6.3286 0.0000e+00
   1310.000  35.553934     6.2396 0.0000e+00
   1315.000  35.517107     6.2032 0.0000e+00
   1320.000  35.475089     6.1629 0.0000e+00
   1325.000  35.452911     6.1395 0.0000e+00
   1330.000  35.402610     6.0897 0.0000e+00
   1335.000  35.358959     6.0463 0.0000e+00
   1340.000  35.340362     6.0268 0.0000e+00
   1345.000  35.293255     5.9802 0.0000e+00
   1350.000  35.261778     5.9485 0.0000e+00
   1355.000  35.203890     5.8916 0.0000e+00
   1360.000  35.142253     5.8315 0.0000e+00
   1365.000  35.074325     5.7660 0.0000e+00
   1370.000  34.955004     5.6524 0.0000e+00
   1375.000  34.921239     5.6195 0.0000e+00
   1380.000  34.894145     5.5920 0.0000e+00
   1385.000  34.845435     5.5439 0.0000e+00
   1390.000  34.687234     5.3917 0.0000e+00
   1395.000  34.574234     5.2824 0.0000e+00
   1400.000  34.515843     5.2253 0.0000e+00
   1405.000  34.491732     5.2007 0.0000e+00
   1410.000  34.483203     5.1905 0.0000e+00
   1415.000  34.452260     5.1589 0.0000e+00
   1420.000  34.426133     5.1319 0.0000e+00
   1425.000  34.393289     5.0983 0.0000e+00
   1430.000  34.337293     5.0424 0.0000e+00
   1435.000  34.293012     4.9974 0.0000e+00
   1440.000  34.262007     4.9652 0.0000e+00
   1445.000  34.238925     4.9405 0.0000e+00
   1450.000  34.223008     4.9231 0.0000e+00
   1455.000  34.201563     4.9002 0.0000e+00
   1460.000  34.123064     4.8225 0.0000e+00
   1465.000  34.032162     4.7327 0.0000e+00
   1470.000  34.010883     4.7103 0.0000e+00
   1475.000  33.980412     4.6787 0.0000e+00
   1480.000  33.966999     4.6636 0.0000e+00
   1485.000  33.955196     4.6499 0.0000e+00
   1490.000  33.928982     4.6206 0.0000e+00
   1495.000  33.910142     4.5998 0.0000e+00
   1500.000  33.883434     4.5713 0.0000e+00
   1505.000  33.865858     4.5517 0.0000e+00
   1510.000  33.860067     4.5435 0.0000e+00
   1515.000  33.852404     4.5336 0.0000e+00
   1520.000  33.828422     4.5075 0.0000e+00
   1525.000  33.813751     4.4907 0.0000e+00
   1530.000  33.794623     4.4693 0.0000e+00
   1535.000  33.784839     4.4571 0.0000e+00
   1540.000  33.788168     4.4575 0.0000e+00
   1545.000  33.798275     4.4625 0.0000e+00
   1550.000  33.815331     4.4747 0.0000e+00
   1555.000  33.803019     4.4592 0.0000e+00
   1560.000  33.774893     4.4288 0.0000e+00
   1565.000  33.757689     4.4090 0.0000e+00
   1570.000  33.750308     4.3993 0.0000e+00
   1575.000  33.744656     4.3912 0.0000e+00
   1580.000  33.735477     4.3791 0.0000e+00
   1585.000  33.720934     4.3615 0.0000e+00
   1590.000  33.717320     4.3551 0.0000e+00
   1595.000  33.711293     4.3461 0.0000e+00
   1600.000  33.695005     4.3267 0.0000e+00
   1605.000  33.695268     4.3244 0.0000e+00
   1610.000  33.682671     4.3093 0.0000e+00
   1615.000  33.658919     4.2834 0.0000e+00
   1620.000  33.653310     4.2755 0.0000e+00
   1625.000  33.642937     4.2625 0.0000e+00
   1630.000  33.634473     4.2510 0.0000e+00
   1635.000  33.631497     4.2458 0.0000e+00
   1640.000  33.623471     4.2354 0.0000e+00
   1645.000  33.614993     4.2244 0.0000e+00
   1650.000  33.608816     4.2157 0.0000e+00
   1655.000  33.596155     4.2007 0.0000e+00
   1660.000  33.582096     4.1842 0.0000e+00
   1665.000  33.558192     4.1579 0.0000e+00
   1670.000  33.553151     4.1509 0.0000e+00
   1675.000  33.536458     4.1319 0.0000e+00
   1680.000  33.517850     4.1108 0.0000e+00
   1685.000  33.487868     4.0778 0.0000e+00
   1690.000  33.483234     4.0712 0.0000e+00
   1695.000  33.462984     4.0482 0.0000e+00
   1700.000  33.451042     4.0339 0.0000e+00
   1705.000  33.443160     4.0238 0.0000e+00
   1710.000  33.438957     4.0171 0.0000e+00
   1715.000  33.426601     4.0022 0.0000e+00
   1720.000  33.416988     3.9902 0.0000e+00
   1725.000  33.417554     3.9885 0.0000e+00
   1730.000  33.407855     3.9762 0.0000e+00
   1735.000  33.394937     3.9608 0.0000e+00
   1740.000  33.386875     3.9503 0.0000e+00
   1745.000  33.376042     3.9367 0.0000e+00
   1750.000  33.357268     3.9157 0.0000e+00
   1755.000  33.359679     3.9144 0.0000e+00
   1760.000  33.354779     3.9068 0.0000e+00
   1765.000  33.341784     3.8916 0.0000e+00
   1770.000  33.336939     3.8840 0.0000e+00
   1775.000  33.332547     3.8770 0.0000e+00
   1780.000  33.321614     3.8634 0.0000e+00
