data/UWS/CTD_bulk_raw/SO279/Old_files/SO279_1-1_CTD-01Depth AVERAGED.cnv
* Sea-Bird SBE 9 Data File:
* FileName = D:\CTDData\SO279\SO279_1-1_CTD-01.hex
* Software Version Seasave V 7.26.1.8
* Temperature SN = 5938
* Conductivity SN = 4108
* Number of Bytes Per Scan = 41
* Number of Voltage Words = 4
* Number of Scans Averaged by the Deck Unit = 1
* NMEA Latitude = 47 15.00 N
* NMEA Longitude = 010 06.27 W
* NMEA UTC (Time) = Dec 08 2020  08:01:09
* NMEA baud rate = 4800
# nquan = 4
# nvalues = 1735                        
# units = specified
# name 0 = depSM: Depth [salt water, m]
# name 1 = c0mS/cm: Conductivity [mS/cm]
# name 2 = potemp090C: Potential Temperature [ITS-90, deg C]
# name 3 = flag: flag
# span 0 =     10.000,   4345.000       
# span 1 =  32.662092,  42.395343       
# span 2 =     2.0858,    13.6861       
# span 3 = 0.0000e+00, 0.0000e+00       
# interval = meters: 5                  
# start_time = Dec 08 2020 08:01:36 [NMEA time, first data scan]
# bad_flag = -9.990e-29
*END*
[from data line 1067]
   3345.000  32.688442     2.3544 0.0000e+00
   3340.000  32.687572     2.3559 0.0000e+00
   3335.000  32.688536     2.3593 0.0000e+00
   3330.000  32.687713     2.3609 0.0000e+00
   3325.000  32.688917     2.3647 0.0000e+00
   3320.000  32.688905     2.3671 0.0000e+00
   3315.000  32.687575     2.3681 0.0000e+00
   3310.000  32.687325     2.3704 0.0000e+00
   3305.000  32.687877     2.3734 0.0000e+00
   3300.000  32.687593     2.3756 0.0000e+00
   3295.000  32.689248     2.3797 0.0000e+00
   3290.000  32.689189     2.3822 0.0000e+00
   3285.000  32.690231     2.3856 0.0000e+00
   3280.000  32.689230     2.3870 0.0000e+00
   3275.000  32.688262     2.3885 0.0000e+00
   3270.000  32.686614     2.3892 0.0000e+00
   3265.000  32.687962     2.3931 0.0000e+00
   3260.000  32.688389     2.3960 0.0000e+00
   3255.000  32.688360     2.3985 0.0000e+00
   3250.000  32.686916     2.3994 0.0000e+00
   3245.000  32.686747     2.4017 0.0000e+00
   3240.000  32.685709     2.4030 0.0000e+00
   3235.000  32.684635     2.4044 0.0000e+00
   3230.000  32.683828     2.4060 0.0000e+00
   3225.000  32.682903     2.4075 0.0000e+00
   3220.000  32.681788     2.4087 0.0000e+00
   3215.000  32.681149     2.4106 0.0000e+00
   3210.000  32.679336     2.4113 0.0000e+00
   3205.000  32.678178     2.4125 0.0000e+00
   3200.000  32.677870     2.4147 0.0000e+00
   3195.000  32.677542     2.4168 0.0000e+00
   3190.000  32.678607     2.4204 0.0000e+00
   3185.000  32.678478     2.4227 0.0000e+00
   3180.000  32.677065     2.4238 0.0000e+00
   3175.000  32.676389     2.4255 0.0000e+00
   3170.000  32.677808     2.4294 0.0000e+00
   3165.000  32.677786     2.4320 0.0000e+00
   3160.000  32.677015     2.4336 0.0000e+00
   3155.000  32.675630     2.4346 0.0000e+00
   3150.000  32.675958     2.4374 0.0000e+00
   3145.000  32.676202     2.4402 0.0000e+00
   3140.000  32.675866     2.4423 0.0000e+00
   3135.000  32.674937     2.4438 0.0000e+00
   3130.000  32.674209     2.4456 0.0000e+00
   3125.000  32.673785     2.4476 0.0000e+00
   3120.000  32.674202     2.4505 0.0000e+00
   3115.000  32.676254     2.4551 0.0000e+00
   3110.000  32.676484     2.4578 0.0000e+00
   3105.000  32.676101     2.4599 0.0000e+00
   3100.000  32.676066     2.4623 0.0000e+00
   3095.000  32.675575     2.4642 0.0000e+00
   3090.000  32.675027     2.4662 0.0000e+00
   3085.000  32.674835     2.4685 0.0000e+00
   3080.000  32.676156     2.4723 0.0000e+00
   3075.000  32.675782     2.4745 0.0000e+00
   3070.000  32.676986     2.4782 0.0000e+00
   3065.000  32.677657     2.4815 0.0000e+00
   3060.000  32.677485     2.4837 0.0000e+00
   3055.000  32.676814     2.4855 0.0000e+00
   3050.000  32.676091     2.4873 0.0000e+00
   3045.000  32.676938     2.4907 0.0000e+00
   3040.000  32.677830     2.4941 0.0000e+00
   3035.000  32.678957     2.4977 0.0000e+00
   3030.000  32.679634     2.5009 0.0000e+00
   3025.000  32.679479     2.5033 0.0000e+00
   3020.000  32.679017     2.5052 0.0000e+00
   3015.000  32.680018     2.5089 0.0000e+00
   3010.000  32.681376     2.5128 0.0000e+00
   3005.000  32.682815     2.5168 0.0000e+00
   3000.000  32.683912     2.5205 0.0000e+00
   2995.000  32.682843     2.5219 0.0000e+00
   2990.000  32.682567     2.5241 0.0000e+00
   2985.000  32.685412     2.5296 0.0000e+00
   2980.000  32.685701     2.5324 0.0000e+00
   2975.000  32.688318     2.5377 0.0000e+00
   2970.000  32.689239     2.5412 0.0000e+00
   2965.000  32.687766     2.5421 0.0000e+00
   2960.000  32.686346     2.5431 0.0000e+00
   2955.000  32.684571     2.5438 0.0000e+00
   2950.000  32.684156     2.5459 0.0000e+00
   2945.000  32.683429     2.5476 0.0000e+00
   2940.000  32.685062     2.5518 0.0000e+00
   2935.000  32.686731     2.5561 0.0000e+00
   2930.000  32.689715     2.5618 0.0000e+00
   2925.000  32.691574     2.5663 0.0000e+00
   2920.000  32.691955     2.5692 0.0000e+00
   2915.000  32.692689     2.5725 0.0000e+00
   2910.000  32.692621     2.5749 0.0000e+00
   2905.000  32.694764     2.5797 0.0000e+00
   2900.000  32.695360     2.5828 0.0000e+00
   2895.000  32.696616     2.5866 0.0000e+00
   2890.000  32.697823     2.5904 0.0000e+00
   2885.000  32.697868     2.5929 0.0000e+00
   2880.000  32.697708     2.5953 0.0000e+00
   2875.000  32.699626     2.5998 0.0000e+00
   2870.000  32.700495     2.6032 0.0000e+00
   2865.000  32.699329     2.6045 0.0000e+00
   2860.000  32.704443     2.6125 0.0000e+00
   2855.000  32.703900     2.6144 0.0000e+00
   2850.000  32.706784     2.6200 0.0000e+00
   2845.000  32.708045     2.6238 0.0000e+00
   2840.000  32.709488     2.6278 0.0000e+00
   2835.000  32.711983     2.6330 0.0000e+00
   2830.000  32.714583     2.6384 0.0000e+00
   2825.000  32.715137     2.6414 0.0000e+00
   2820.000  32.718902     2.6479 0.0000e+00
   2815.000  32.719991     2.6516 0.0000e+00
   2810.000  32.718907     2.6530 0.0000e+00
   2805.000  32.723221     2.6602 0.0000e+00
   2800.000  32.721290     2.6605 0.0000e+00
   2795.000  32.722657     2.6645 0.0000e+00
   2790.000  32.722544     2.6669 0.0000e+00
   2785.000  32.724271     2.6714 0.0000e+00
   2780.000  32.721446     2.6708 0.0000e+00
   2775.000  32.723224     2.6753 0.0000e+00
   2770.000  32.722565     2.6771 0.0000e+00
   2765.000  32.725870     2.6832 0.0000e+00
   2760.000  32.727674     2.6876 0.0000e+00
   2755.000  32.728206     2.6907 0.0000e+00
   2750.000  32.727868     2.6929 0.0000e+00
   2745.000  32.732164     2.7000 0.0000e+00
   2740.000  32.736601     2.7073 0.0000e+00
   2735.000  32.742368     2.7160 0.0000e+00
   2730.000  32.743959     2.7202 0.0000e+00
   2725.000  32.743033     2.7218 0.0000e+00
   2720.000  32.747556     2.7292 0.0000e+00
   2715.000  32.747510     2.7316 0.0000e+00
   2710.000  32.755467     2.7427 0.0000e+00
   2705.000  32.760273     2.7502 0.0000e+00
   2700.000  32.768751     2.7617 0.0000e+00
   2695.000  32.768082     2.7635 0.0000e+00
   2690.000  32.767770     2.7656 0.0000e+00
   2685.000  32.767666     2.7681 0.0000e+00
   2680.000  32.769400     2.7724 0.0000e+00
   2675.000  32.769509     2.7751 0.0000e+00
   2670.000  32.768541     2.7766 0.0000e+00
   2665.000  32.768629     2.7792 0.0000e+00
   2660.000  32.771573     2.7850 0.0000e+00
   2655.000  32.771933     2.7879 0.0000e+00
   2650.000  32.776650     2.7956 0.0000e+00
   2645.000  32.777297     2.7988 0.0000e+00
   2640.000  32.779937     2.8043 0.0000e+00
   2635.000  32.781729     2.8088 0.0000e+00
   2630.000  32.780100     2.8095 0.0000e+00
   2625.000  32.784502     2.8169 0.0000e+00
   2620.000  32.784747     2.8197 0.0000e+00
   2615.000  32.788386     2.8262 0.0000e+00
   2610.000  32.798960     2.8401 0.0000e+00
   2605.000  32.802825     2.8468 0.0000e+00
   2600.000  32.807362     2.8541 0.0000e+00
   2595.000  32.806329     2.8555 0.0000e+00
   2590.000  32.805875     2.8576 0.0000e+00
   2585.000  32.803787     2.8579 0.0000e+00
   2580.000  32.805930     2.8628 0.0000e+00
   2575.000  32.808837     2.8684 0.0000e+00
   2570.000  32.809679     2.8718 0.0000e+00
   2565.000  32.813381     2.8783 0.0000e+00
   2560.000  32.816467     2.8842 0.0000e+00
   2555.000  32.815059     2.8852 0.0000e+00
   2550.000  32.817356     2.8903 0.0000e+00
   2545.000  32.818900     2.8945 0.0000e+00
   2540.000  32.825732     2.9045 0.0000e+00
   2535.000  32.826374     2.9079 0.0000e+00
   2530.000  32.828329     2.9125 0.0000e+00
   2525.000  32.833438     2.9204 0.0000e+00
   2520.000  32.837156     2.9270 0.0000e+00
   2515.000  32.836276     2.9286 0.0000e+00
   2510.000  32.840519     2.9361 0.0000e+00
   2505.000  32.840513     2.9387 0.0000e+00
   2500.000  32.844652     2.9458 0.0000e+00
   2495.000  32.850691     2.9544 0.0000e+00
   2490.000  32.857771     2.9647 0.0000e+00
   2485.000  32.858980     2.9686 0.0000e+00
   2480.000  32.860771     2.9732 0.0000e+00
   2475.000  32.862248     2.9775 0.0000e+00
   2470.000  32.862047     2.9799 0.0000e+00
   2465.000  32.864730     2.9854 0.0000e+00
   2460.000  32.876308     3.0002 0.0000e+00
   2455.000  32.877877     3.0043 0.0000e+00
   2450.000  32.884014     3.0135 0.0000e+00
   2445.000  32.886697     3.0190 0.0000e+00
   2440.000  32.889786     3.0249 0.0000e+00
   2435.000  32.891560     3.0293 0.0000e+00
   2430.000  32.890337     3.0304 0.0000e+00
   2425.000  32.892373     3.0352 0.0000e+00
   2420.000  32.894866     3.0406 0.0000e+00
   2415.000  32.898473     3.0473 0.0000e+00
   2410.000  32.897761     3.0493 0.0000e+00
   2405.000  32.900990     3.0556 0.0000e+00
   2400.000  32.900819     3.0584 0.0000e+00
   2395.000  32.899714     3.0606 0.0000e+00
   2390.000  32.896026     3.0599 0.0000e+00
   2385.000  32.891471     3.0586 0.0000e+00
   2380.000  32.887404     3.0579 0.0000e+00
   2375.000  32.883223     3.0570 0.0000e+00
   2370.000  32.878647     3.0566 0.0000e+00
   2365.000  32.882047     3.0635 0.0000e+00
   2360.000  32.886246     3.0707 0.0000e+00
   2355.000  32.887747     3.0749 0.0000e+00
   2350.000  32.886229     3.0762 0.0000e+00
   2345.000  32.891280     3.0854 0.0000e+00
   2340.000  32.890655     3.0872 0.0000e+00
   2335.000  32.896951     3.0966 0.0000e+00
   2330.000  32.896547     3.0989 0.0000e+00
   2325.000  32.912348     3.1179 0.0000e+00
   2320.000  32.916908     3.1246 0.0000e+00
   2315.000  32.952265     3.1620 0.0000e+00
   2310.000  32.961834     3.1739 0.0000e+00
   2305.000  32.967260     3.1820 0.0000e+00
   2300.000  32.979713     3.1971 0.0000e+00
   2295.000  32.989371     3.2093 0.0000e+00
   2290.000  32.993139     3.2158 0.0000e+00
   2285.000  32.994241     3.2193 0.0000e+00
   2280.000  33.005140     3.2327 0.0000e+00
   2275.000  33.019800     3.2506 0.0000e+00
   2270.000  33.026729     3.2606 0.0000e+00
   2265.000  33.028330     3.2651 0.0000e+00
   2260.000  33.032579     3.2725 0.0000e+00
   2255.000  33.035276     3.2780 0.0000e+00
   2250.000  33.040478     3.2865 0.0000e+00
   2245.000  33.043598     3.2935 0.0000e+00
   2240.000  33.042996     3.2962 0.0000e+00
   2235.000  33.042519     3.2986 0.0000e+00
   2230.000  33.037849     3.2974 0.0000e+00
   2225.000  33.033328     3.2963 0.0000e+00
   2220.000  33.029154     3.2956 0.0000e+00
   2215.000  33.030998     3.3012 0.0000e+00
   2210.000  33.043894     3.3169 0.0000e+00
   2205.000  33.047776     3.3238 0.0000e+00
   2200.000  33.058056     3.3370 0.0000e+00
   2195.000  33.062331     3.3439 0.0000e+00
   2190.000  33.061045     3.3453 0.0000e+00
   2185.000  33.057545     3.3446 0.0000e+00
   2180.000  33.051504     3.3419 0.0000e+00
   2175.000  33.048343     3.3421 0.0000e+00
   2170.000  33.054758     3.3517 0.0000e+00
   2165.000  33.054259     3.3552 0.0000e+00
   2160.000  33.051446     3.3553 0.0000e+00
   2155.000  33.050184     3.3576 0.0000e+00
   2150.000  33.053129     3.3637 0.0000e+00
   2145.000  33.052076     3.3653 0.0000e+00
   2140.000  33.061697     3.3785 0.0000e+00
   2135.000  33.063545     3.3831 0.0000e+00
   2130.000  33.075072     3.3978 0.0000e+00
   2125.000  33.086417     3.4114 0.0000e+00
   2120.000  33.107923     3.4357 0.0000e+00
   2115.000  33.097446     3.4293 0.0000e+00
   2110.000  33.091635     3.4267 0.0000e+00
   2105.000  33.091393     3.4300 0.0000e+00
   2100.000  33.097036     3.4397 0.0000e+00
   2095.000  33.098731     3.4444 0.0000e+00
   2090.000  33.105377     3.4544 0.0000e+00
   2085.000  33.104970     3.4565 0.0000e+00
   2080.000  33.109016     3.4638 0.0000e+00
   2075.000  33.109874     3.4674 0.0000e+00
   2070.000  33.110644     3.4714 0.0000e+00
   2065.000  33.107984     3.4717 0.0000e+00
   2060.000  33.103852     3.4713 0.0000e+00
   2055.000  33.093860     3.4654 0.0000e+00
   2050.000  33.089161     3.4647 0.0000e+00
   2045.000  33.087379     3.4658 0.0000e+00
   2040.000  33.093871     3.4768 0.0000e+00
   2035.000  33.096747     3.4825 0.0000e+00
   2030.000  33.108278     3.4970 0.0000e+00
   2025.000  33.109086     3.5002 0.0000e+00
   2020.000  33.112440     3.5062 0.0000e+00
   2015.000  33.125032     3.5221 0.0000e+00
   2010.000  33.125261     3.5256 0.0000e+00
   2005.000  33.123930     3.5273 0.0000e+00
   2000.000  33.135575     3.5420 0.0000e+00
   1995.000  33.139270     3.5481 0.0000e+00
   1990.000  33.147710     3.5593 0.0000e+00
   1985.000  33.191707     3.6072 0.0000e+00
   1980.000  33.196408     3.6139 0.0000e+00
   1975.000  33.204689     3.6253 0.0000e+00
   1970.000  33.201357     3.6244 0.0000e+00
   1965.000  33.207488     3.6347 0.0000e+00
   1960.000  33.209860     3.6399 0.0000e+00
   1955.000  33.214010     3.6471 0.0000e+00
   1950.000  33.216766     3.6528 0.0000e+00
   1945.000  33.215908     3.6546 0.0000e+00
   1940.000  33.213845     3.6551 0.0000e+00
   1935.000  33.212182     3.6560 0.0000e+00
   1930.000  33.210739     3.6572 0.0000e+00
   1925.000  33.209754     3.6588 0.0000e+00
   1920.000  33.216455     3.6691 0.0000e+00
   1915.000  33.217225     3.6725 0.0000e+00
   1910.000  33.221936     3.6805 0.0000e+00
   1905.000  33.226440     3.6882 0.0000e+00
   1900.000  33.226898     3.6914 0.0000e+00
   1895.000  33.228870     3.6968 0.0000e+00
   1890.000  33.226604     3.6972 0.0000e+00
   1885.000  33.228292     3.7033 0.0000e+00
   1880.000  33.228897     3.7067 0.0000e+00
   1875.000  33.227025     3.7089 0.0000e+00
   1870.000  33.224953     3.7098 0.0000e+00
   1865.000  33.229020     3.7171 0.0000e+00
   1860.000  33.227732     3.7190 0.0000e+00
   1855.000  33.212220     3.7082 0.0000e+00
   1850.000  33.204901     3.7050 0.0000e+00
   1845.000  33.197346     3.7026 0.0000e+00
   1840.000  33.195508     3.7044 0.0000e+00
   1835.000  33.189314     3.7018 0.0000e+00
   1830.000  33.188673     3.7040 0.0000e+00
   1825.000  33.193297     3.7122 0.0000e+00
   1820.000  33.205811     3.7276 0.0000e+00
   1815.000  33.222017     3.7459 0.0000e+00
   1810.000  33.235752     3.7621 0.0000e+00
   1805.000  33.230794     3.7598 0.0000e+00
   1800.000  33.229761     3.7620 0.0000e+00
   1795.000  33.229858     3.7647 0.0000e+00
   1790.000  33.231822     3.7694 0.0000e+00
   1785.000  33.247373     3.7875 0.0000e+00
   1780.000  33.263973     3.8066 0.0000e+00
   1775.000  33.269911     3.8150 0.0000e+00
   1770.000  33.284165     3.8320 0.0000e+00
   1765.000  33.302086     3.8526 0.0000e+00
   1760.000  33.315570     3.8685 0.0000e+00
   1755.000  33.330743     3.8864 0.0000e+00
   1750.000  33.340792     3.8992 0.0000e+00
   1745.000  33.344757     3.9056 0.0000e+00
   1740.000  33.347392     3.9110 0.0000e+00
   1735.000  33.355494     3.9216 0.0000e+00
   1730.000  33.374156     3.9428 0.0000e+00
   1725.000  33.378176     3.9495 0.0000e+00
   1720.000  33.393206     3.9677 0.0000e+00
   1715.000  33.402603     3.9796 0.0000e+00
   1710.000  33.419687     3.9995 0.0000e+00
   1705.000  33.434179     4.0163 0.0000e+00
   1700.000  33.450330     4.0349 0.0000e+00
   1695.000  33.457749     4.0447 0.0000e+00
   1690.000  33.475661     4.0652 0.0000e+00
   1685.000  33.480533     4.0722 0.0000e+00
   1680.000  33.506696     4.1014 0.0000e+00
   1675.000  33.518457     4.1153 0.0000e+00
   1670.000  33.533422     4.1328 0.0000e+00
   1665.000  33.545814     4.1477 0.0000e+00
   1660.000  33.545856     4.1500 0.0000e+00
   1655.000  33.546281     4.1530 0.0000e+00
   1650.000  33.542581     4.1517 0.0000e+00
   1645.000  33.550063     4.1616 0.0000e+00
   1640.000  33.560700     4.1745 0.0000e+00
   1635.000  33.578218     4.1943 0.0000e+00
   1630.000  33.581181     4.1995 0.0000e+00
   1625.000  33.608817     4.2296 0.0000e+00
   1620.000  33.614873     4.2379 0.0000e+00
   1615.000  33.623085     4.2488 0.0000e+00
   1610.000  33.628305     4.2567 0.0000e+00
   1605.000  33.633399     4.2645 0.0000e+00
   1600.000  33.658845     4.2926 0.0000e+00
   1595.000  33.667028     4.3033 0.0000e+00
   1590.000  33.678130     4.3165 0.0000e+00
   1585.000  33.708300     4.3497 0.0000e+00
   1580.000  33.706094     4.3501 0.0000e+00
   1575.000  33.707604     4.3543 0.0000e+00
