data/UWS/CTD_bulk_raw/SO279/Old_files/SO279_1-1_CTD-01Depth AVERAGED.cnv
* Sea-Bird SBE 9 Data File:
* FileName = D:\CTDData\SO279\SO279_1-1_CTD-01.hex
* Software Version Seasave V 7.26.1.8
* Temperature SN = 5938
* Conductivity SN = 4108
* Number of Bytes Per Scan = 41
* Number of Voltage Words = 4
* Number of Scans Averaged by the Deck Unit = 1
* NMEA Latitude = 47 15.00 N
* NMEA Longitude = 010 06.27 W
* NMEA UTC (Time) = Dec 08 2020  08:01:09
* NMEA baud rate = 4800
# nquan = 4
# nvalues = 1735                        
# units = specified
# name 0 = depSM: Depth [salt water, m]
# name 1 = c0mS/cm: Conductivity [mS/cm]
# name 2 = potemp090C: Potential Temperature [ITS-90, deg C]
# name 3 = flag: flag
# span 0 =     10.000,   4345.000       
# span 1 =  32.662092,  42.395343       
# span 2 =     2.0858,    13.6861       
# span 3 = 0.0000e+00, 0.0000e+00       
# interval = meters: 5                  
# start_time = Dec 08 2020 08:01:36 [NMEA time, first data scan]
# bad_flag = -9.990e-29
*END*
[from data line 1423]
   1565.000  33.719666     4.3720 0.0000e+00
   1560.000  33.723814     4.3787 0.0000e+00
   1555.000  33.730265     4.3878 0.0000e+00
   1550.000  33.735403     4.3956 0.0000e+00
   1545.000  33.742015     4.4049 0.0000e+00
   1540.000  33.765713     4.4311 0.0000e+00
   1535.000  33.771597     4.4392 0.0000e+00
   1530.000  33.785295     4.4551 0.0000e+00
   1525.000  33.794670     4.4669 0.0000e+00
   1520.000  33.797024     4.4722 0.0000e+00
   1515.000  33.791465     4.4703 0.0000e+00
   1510.000  33.796876     4.4796 0.0000e+00
   1505.000  33.802035     4.4880 0.0000e+00
   1500.000  33.795531     4.4857 0.0000e+00
   1495.000  33.786667     4.4805 0.0000e+00
   1490.000  33.785868     4.4822 0.0000e+00
   1485.000  33.798135     4.4968 0.0000e+00
   1480.000  33.826600     4.5271 0.0000e+00
   1475.000  33.862857     4.5659 0.0000e+00
   1470.000  33.865285     4.5703 0.0000e+00
   1465.000  33.909380     4.6158 0.0000e+00
   1460.000  33.919592     4.6277 0.0000e+00
   1455.000  34.017712     4.7278 0.0000e+00
   1450.000  34.027695     4.7390 0.0000e+00
   1445.000  34.058971     4.7723 0.0000e+00
   1440.000  34.058161     4.7733 0.0000e+00
   1435.000  34.112224     4.8287 0.0000e+00
   1430.000  34.119815     4.8379 0.0000e+00
   1425.000  34.157199     4.8766 0.0000e+00
   1420.000  34.195338     4.9151 0.0000e+00
   1415.000  34.300683     5.0189 0.0000e+00
   1410.000  34.337666     5.0559 0.0000e+00
   1405.000  34.367651     5.0870 0.0000e+00
   1400.000  34.399470     5.1193 0.0000e+00
   1395.000  34.423117     5.1442 0.0000e+00
   1390.000  34.470156     5.1912 0.0000e+00
   1385.000  34.504475     5.2263 0.0000e+00
   1380.000  34.540655     5.2620 0.0000e+00
   1375.000  34.702577     5.4188 0.0000e+00
   1370.000  34.807682     5.5194 0.0000e+00
   1365.000  34.871519     5.5820 0.0000e+00
   1360.000  34.937661     5.6470 0.0000e+00
   1355.000  34.950189     5.6593 0.0000e+00
   1350.000  35.089508     5.7931 0.0000e+00
   1345.000  35.200944     5.8992 0.0000e+00
   1340.000  35.267690     5.9634 0.0000e+00
   1335.000  35.336257     6.0296 0.0000e+00
   1330.000  35.424762     6.1139 0.0000e+00
   1325.000  35.510572     6.1963 0.0000e+00
   1320.000  35.569043     6.2541 0.0000e+00
   1315.000  35.584165     6.2689 0.0000e+00
   1310.000  35.703681     6.3836 0.0000e+00
   1305.000  35.723240     6.4021 0.0000e+00
   1300.000  35.824837     6.5004 0.0000e+00
   1295.000  35.829796     6.5055 0.0000e+00
   1290.000  35.886408     6.5611 0.0000e+00
   1285.000  35.890235     6.5660 0.0000e+00
   1280.000  36.000850     6.6721 0.0000e+00
   1275.000  36.036454     6.7068 0.0000e+00
   1270.000  36.075246     6.7454 0.0000e+00
   1265.000  36.120912     6.7899 0.0000e+00
   1260.000  36.188770     6.8549 0.0000e+00
   1255.000  36.234367     6.8987 0.0000e+00
   1250.000  36.396847     7.0524 0.0000e+00
   1245.000  36.407150     7.0622 0.0000e+00
   1240.000  36.546222     7.1931 0.0000e+00
   1235.000  36.591125     7.2355 0.0000e+00
   1230.000  36.699500     7.3374 0.0000e+00
   1225.000  36.747700     7.3834 0.0000e+00
   1220.000  36.780762     7.4160 0.0000e+00
   1215.000  36.808516     7.4439 0.0000e+00
   1210.000  36.837654     7.4730 0.0000e+00
   1205.000  36.913764     7.5473 0.0000e+00
   1200.000  36.921101     7.5568 0.0000e+00
   1195.000  36.931859     7.5706 0.0000e+00
   1190.000  36.934016     7.5766 0.0000e+00
   1185.000  36.906608     7.5561 0.0000e+00
   1180.000  36.892059     7.5490 0.0000e+00
   1175.000  36.895780     7.5598 0.0000e+00
   1170.000  36.838329     7.5162 0.0000e+00
   1165.000  36.790961     7.4790 0.0000e+00
   1160.000  36.794154     7.4853 0.0000e+00
   1155.000  36.818100     7.5106 0.0000e+00
   1150.000  36.866243     7.5579 0.0000e+00
   1145.000  36.910016     7.6015 0.0000e+00
   1140.000  36.924985     7.6181 0.0000e+00
   1135.000  36.946248     7.6428 0.0000e+00
   1130.000  37.011522     7.7074 0.0000e+00
   1125.000  37.079605     7.7728 0.0000e+00
   1120.000  37.147154     7.8384 0.0000e+00
   1115.000  37.176744     7.8680 0.0000e+00
   1110.000  37.217338     7.9080 0.0000e+00
   1105.000  37.252011     7.9424 0.0000e+00
   1100.000  37.297669     7.9873 0.0000e+00
   1095.000  37.350010     8.0389 0.0000e+00
   1090.000  37.396781     8.0846 0.0000e+00
   1085.000  37.456256     8.1434 0.0000e+00
   1080.000  37.495422     8.1821 0.0000e+00
   1075.000  37.519931     8.2070 0.0000e+00
   1070.000  37.567180     8.2530 0.0000e+00
   1065.000  37.592692     8.2787 0.0000e+00
   1060.000  37.682540     8.3650 0.0000e+00
   1055.000  37.682476     8.3664 0.0000e+00
   1050.000  37.773412     8.4554 0.0000e+00
   1045.000  37.792036     8.4751 0.0000e+00
   1040.000  37.813742     8.4989 0.0000e+00
   1035.000  37.828471     8.5144 0.0000e+00
   1030.000  37.899417     8.5837 0.0000e+00
   1025.000  37.920043     8.6054 0.0000e+00
   1020.000  37.944976     8.6318 0.0000e+00
   1015.000  37.961906     8.6505 0.0000e+00
   1010.000  37.998235     8.6892 0.0000e+00
   1005.000  38.016847     8.7106 0.0000e+00
   1000.000  38.043245     8.7425 0.0000e+00
    995.000  38.058523     8.7619 0.0000e+00
    990.000  38.073990     8.7828 0.0000e+00
    985.000  38.078134     8.7907 0.0000e+00
    980.000  38.092901     8.8104 0.0000e+00
    975.000  38.155266     8.8776 0.0000e+00
    970.000  38.186040     8.9124 0.0000e+00
    965.000  38.203751     8.9352 0.0000e+00
    960.000  38.219891     8.9606 0.0000e+00
    955.000  38.236530     8.9859 0.0000e+00
    950.000  38.222317     8.9824 0.0000e+00
    945.000  38.216200     8.9823 0.0000e+00
    940.000  38.228714     8.9995 0.0000e+00
    935.000  38.234610     9.0096 0.0000e+00
    930.000  38.224096     9.0074 0.0000e+00
    925.000  38.247243     9.0344 0.0000e+00
    920.000  38.317283     9.1014 0.0000e+00
    915.000  38.365192     9.1468 0.0000e+00
    910.000  38.406275     9.1866 0.0000e+00
    905.000  38.471481     9.2507 0.0000e+00
    900.000  38.489210     9.2699 0.0000e+00
    895.000  38.499299     9.2832 0.0000e+00
    890.000  38.500775     9.2895 0.0000e+00
    885.000  38.509335     9.3019 0.0000e+00
    880.000  38.510016     9.3053 0.0000e+00
    875.000  38.526249     9.3277 0.0000e+00
    870.000  38.537274     9.3422 0.0000e+00
    865.000  38.567256     9.3754 0.0000e+00
    860.000  38.565215     9.3764 0.0000e+00
    855.000  38.591928     9.4175 0.0000e+00
    850.000  38.581648     9.4186 0.0000e+00
    845.000  38.573224     9.4191 0.0000e+00
    840.000  38.569263     9.4201 0.0000e+00
    835.000  38.568258     9.4243 0.0000e+00
    830.000  38.571748     9.4332 0.0000e+00
    825.000  38.632533     9.4939 0.0000e+00
    820.000  38.731669     9.5862 0.0000e+00
    815.000  38.829559     9.6757 0.0000e+00
    810.000  38.920185     9.7653 0.0000e+00
    805.000  39.109011     9.9383 0.0000e+00
    800.000  39.171659    10.0030 0.0000e+00
    795.000  39.183608    10.0154 0.0000e+00
    790.000  39.202618    10.0358 0.0000e+00
    785.000  39.246692    10.0799 0.0000e+00
    780.000  39.297804    10.1286 0.0000e+00
    775.000  39.371829    10.1982 0.0000e+00
    770.000  39.456391    10.2747 0.0000e+00
    765.000  39.580255    10.3856 0.0000e+00
    760.000  39.606581    10.4115 0.0000e+00
    755.000  39.622912    10.4382 0.0000e+00
    750.000  39.609156    10.4355 0.0000e+00
    745.000  39.648942    10.4802 0.0000e+00
    740.000  39.648313    10.4854 0.0000e+00
    735.000  39.647482    10.4923 0.0000e+00
    730.000  39.649959    10.4986 0.0000e+00
    725.000  39.667036    10.5216 0.0000e+00
    720.000  39.673314    10.5335 0.0000e+00
    715.000  39.663862    10.5339 0.0000e+00
    710.000  39.651979    10.5307 0.0000e+00
    705.000  39.649424    10.5353 0.0000e+00
    700.000  39.644485    10.5398 0.0000e+00
    695.000  39.643664    10.5440 0.0000e+00
    690.000  39.644280    10.5501 0.0000e+00
    685.000  39.639918    10.5501 0.0000e+00
    680.000  39.631457    10.5489 0.0000e+00
    675.000  39.628927    10.5507 0.0000e+00
    670.000  39.634101    10.5618 0.0000e+00
    665.000  39.619905    10.5573 0.0000e+00
    660.000  39.597286    10.5482 0.0000e+00
    655.000  39.599144    10.5548 0.0000e+00
    650.000  39.617836    10.5799 0.0000e+00
    645.000  39.638581    10.6033 0.0000e+00
    640.000  39.676249    10.6416 0.0000e+00
    635.000  39.676312    10.6450 0.0000e+00
    630.000  39.703391    10.6811 0.0000e+00
    625.000  39.695765    10.6809 0.0000e+00
    620.000  39.644743    10.6483 0.0000e+00
    615.000  39.626047    10.6370 0.0000e+00
    610.000  39.574934    10.6016 0.0000e+00
    605.000  39.555983    10.5920 0.0000e+00
    600.000  39.522413    10.5725 0.0000e+00
    595.000  39.537723    10.5935 0.0000e+00
    590.000  39.536135    10.5973 0.0000e+00
    585.000  39.543765    10.6116 0.0000e+00
    580.000  39.571433    10.6423 0.0000e+00
    575.000  39.582077    10.6647 0.0000e+00
    570.000  39.576615    10.6694 0.0000e+00
    565.000  39.575414    10.6753 0.0000e+00
    560.000  39.542310    10.6538 0.0000e+00
    555.000  39.507799    10.6299 0.0000e+00
    550.000  39.502424    10.6324 0.0000e+00
    545.000  39.504151    10.6380 0.0000e+00
    540.000  39.525160    10.6624 0.0000e+00
    535.000  39.529372    10.6692 0.0000e+00
    530.000  39.546018    10.6885 0.0000e+00
    525.000  39.566982    10.7106 0.0000e+00
    520.000  39.610178    10.7540 0.0000e+00
    515.000  39.634736    10.7801 0.0000e+00
    510.000  39.655741    10.8026 0.0000e+00
    505.000  39.693805    10.8394 0.0000e+00
    500.000  39.739686    10.8873 0.0000e+00
    495.000  39.761055    10.9122 0.0000e+00
    490.000  39.756284    10.9154 0.0000e+00
    485.000  39.726447    10.8966 0.0000e+00
    480.000  39.708045    10.8871 0.0000e+00
    475.000  39.731257    10.9108 0.0000e+00
    470.000  39.728127    10.9116 0.0000e+00
    465.000  39.740012    10.9257 0.0000e+00
    460.000  39.762379    10.9491 0.0000e+00
    455.000  39.757577    10.9498 0.0000e+00
    450.000  39.757220    10.9563 0.0000e+00
    445.000  39.768896    10.9697 0.0000e+00
    440.000  39.799102    11.0008 0.0000e+00
    435.000  39.821224    11.0244 0.0000e+00
    430.000  39.834360    11.0401 0.0000e+00
    425.000  39.854123    11.0614 0.0000e+00
    420.000  39.862073    11.0718 0.0000e+00
    415.000  39.867931    11.0807 0.0000e+00
    410.000  39.869425    11.0859 0.0000e+00
    405.000  39.870153    11.0901 0.0000e+00
    400.000  39.890099    11.1125 0.0000e+00
    395.000  39.903881    11.1283 0.0000e+00
    390.000  39.936218    11.1625 0.0000e+00
    385.000  39.945661    11.1743 0.0000e+00
    380.000  39.991770    11.2225 0.0000e+00
    375.000  40.001136    11.2339 0.0000e+00
    370.000  40.025766    11.2610 0.0000e+00
    365.000  40.032861    11.2708 0.0000e+00
    360.000  40.066252    11.3069 0.0000e+00
    355.000  40.069185    11.3125 0.0000e+00
    350.000  40.087130    11.3343 0.0000e+00
    345.000  40.088361    11.3382 0.0000e+00
    340.000  40.119980    11.3709 0.0000e+00
    335.000  40.130460    11.3829 0.0000e+00
    330.000  40.168119    11.4210 0.0000e+00
    325.000  40.180638    11.4359 0.0000e+00
    320.000  40.192007    11.4494 0.0000e+00
    315.000  40.213498    11.4725 0.0000e+00
    310.000  40.235618    11.4966 0.0000e+00
    305.000  40.240764    11.5040 0.0000e+00
    300.000  40.250852    11.5159 0.0000e+00
    295.000  40.264903    11.5319 0.0000e+00
    290.000  40.286858    11.5555 0.0000e+00
    285.000  40.300113    11.5708 0.0000e+00
    280.000  40.309516    11.5826 0.0000e+00
    275.000  40.323496    11.5985 0.0000e+00
    270.000  40.332734    11.6096 0.0000e+00
    265.000  40.352239    11.6303 0.0000e+00
    260.000  40.368880    11.6489 0.0000e+00
    255.000  40.397846    11.6786 0.0000e+00
    250.000  40.421681    11.7035 0.0000e+00
    245.000  40.457133    11.7393 0.0000e+00
    240.000  40.462453    11.7462 0.0000e+00
    235.000  40.484368    11.7695 0.0000e+00
    230.000  40.492391    11.7794 0.0000e+00
    225.000  40.509952    11.7985 0.0000e+00
    220.000  40.543173    11.8321 0.0000e+00
    215.000  40.562406    11.8523 0.0000e+00
    210.000  40.584322    11.8754 0.0000e+00
    205.000  40.609633    11.9016 0.0000e+00
    200.000  40.634690    11.9277 0.0000e+00
    195.000  40.671422    11.9644 0.0000e+00
    190.000  40.689218    11.9836 0.0000e+00
    185.000  40.721585    12.0163 0.0000e+00
    180.000  40.750355    12.0459 0.0000e+00
    175.000  40.769730    12.0662 0.0000e+00
    170.000  40.801143    12.0980 0.0000e+00
    165.000  40.832491    12.1296 0.0000e+00
    160.000  40.863984    12.1614 0.0000e+00
    155.000  40.884726    12.1830 0.0000e+00
    150.000  40.940221    12.2369 0.0000e+00
    145.000  40.977244    12.2740 0.0000e+00
    140.000  41.001716    12.2998 0.0000e+00
    135.000  41.067306    12.3649 0.0000e+00
    130.000  41.148228    12.4428 0.0000e+00
    125.000  41.202960    12.4981 0.0000e+00
    120.000  41.265697    12.5635 0.0000e+00
    115.000  41.344140    12.6446 0.0000e+00
    110.000  41.528904    12.8312 0.0000e+00
    105.000  42.118973    13.4151 0.0000e+00
    100.000  42.298017    13.5891 0.0000e+00
     95.000  42.334858    13.6254 0.0000e+00
     90.000  42.366881    13.6581 0.0000e+00
     85.000  42.363317    13.6566 0.0000e+00
     80.000  42.365708    13.6614 0.0000e+00
     75.000  42.364780    13.6632 0.0000e+00
     70.000  42.361807    13.6631 0.0000e+00
     65.000  42.357687    13.6620 0.0000e+00
     60.000  42.354832    13.6621 0.0000e+00
     55.000  42.351482    13.6617 0.0000e+00
     50.000  42.348249    13.6615 0.0000e+00
     45.000  42.344558    13.6609 0.0000e+00
     40.000  42.340914    13.6603 0.0000e+00
     35.000  42.337113    13.6595 0.0000e+00
     30.000  42.333490    13.6589 0.0000e+00
     25.000  42.331288    13.6597 0.0000e+00
     20.000  42.327785    13.6592 0.0000e+00
     15.000  42.324265    13.6588 0.0000e+00
     10.000  42.313492    13.6513 0.0000e+00
