data/UWS/CTD_bulk_raw/SO279/Old_files/SO279_36-1_CTD-01Depth AVERAGED.cnv
* Sea-Bird SBE 9 Data File:
* FileName = D:\CTDData\SO279\SO279_36-1_CTD-01.hex
* Software Version Seasave V 7.26.1.8
* Temperature SN = 5938
* Conductivity SN = 4108
* Number of Bytes Per Scan = 41
* Number of Voltage Words = 4
* Number of Scans Averaged by the Deck Unit = 1
* NMEA Latitude = 30 53.53 N
* NMEA Longitude = 029 18.84 W
* NMEA UTC (Time) = Dec 16 2020  05:18:34
* NMEA baud rate = 4800
# nquan = 7
# nvalues = 426                         
# units = specified
# name 0 = depSM: Depth [salt water, m]
# name 1 = c0mS/cm: Conductivity [mS/cm]
# name 2 = flECO-AFL: Fluorescence, WET Labs ECO-AFL/FL [mg/m^3]
# name 3 = sbeox0Mm/L: Oxygen, SBE 43 [umol/l]
# name 4 = sal00: Salinity, Practical [PSU]
# name 5 = t090C: Temperature [ITS-90, deg C]
# name 6 = flag: flag
# span 0 =     10.000,   4260.000       
# span 1 =  32.693214,  50.839355       
# span 2 =    -0.0537,     0.2117       
# span 3 =    175.518,    235.463       
# span 4 =    33.1944,    36.8592       
# span 5 =     2.4637,    20.6095       
# span 6 = 0.0000e+00, 0.0000e+00       
# interval = meters: 10                 
# start_time = Dec 16 2020 05:18:35 [NMEA time, first data scan]
# bad_flag = -9.990e-29
*END*
     10.000  46.168764     0.0948    188.696    33.1944    20.5685 0.0000e+00
     20.000  50.686556     0.0885    202.555    36.7465    20.6037 0.0000e+00
     30.000  50.839355     0.0948    202.553    36.8592    20.6095 0.0000e+00
     40.000  50.820947     0.0924    203.134    36.8538    20.5942 0.0000e+00
     50.000  50.804943     0.0889    202.976    36.8489    20.5805 0.0000e+00
     60.000  50.662825     0.1386    202.921    36.8176    20.4787 0.0000e+00
     70.000  50.554297     0.1327    203.055    36.7953    20.3981 0.0000e+00
     80.000  50.377742     0.1440    202.092    36.7662    20.2610 0.0000e+00
     90.000  49.156566     0.1871    197.542    36.6173    19.2706 0.0000e+00
    100.000  48.324513     0.2117    193.434    36.5308    18.5712 0.0000e+00
    110.000  48.012341     0.1155    191.942    36.5009    18.3011 0.0000e+00
    120.000  47.909359     0.0761    191.061    36.5014    18.1973 0.0000e+00
    130.000  47.624011     0.0328    189.083    36.4654    17.9590 0.0000e+00
    140.000  47.471697     0.0040    186.852    36.4526    17.8223 0.0000e+00
    150.000  47.392957    -0.0158    186.382    36.4430    17.7528 0.0000e+00
    160.000  47.168857    -0.0326    185.646    36.4158    17.5625 0.0000e+00
    170.000  46.947638    -0.0418    185.396    36.3873    17.3761 0.0000e+00
    180.000  46.788564    -0.0473    184.952    36.3686    17.2383 0.0000e+00
    190.000  46.629859    -0.0474    185.297    36.3490    17.1019 0.0000e+00
    200.000  46.510699    -0.0498    183.331    36.3378    16.9942 0.0000e+00
    210.000  46.371813    -0.0514    182.914    36.3209    16.8735 0.0000e+00
    220.000  46.172395    -0.0528    182.675    36.2951    16.7035 0.0000e+00
    230.000  45.946513    -0.0537    183.203    36.2653    16.5117 0.0000e+00
    240.000  45.788654    -0.0526    183.627    36.2429    16.3778 0.0000e+00
    250.000  45.518160    -0.0507    186.312    36.2047    16.1505 0.0000e+00
    260.000  45.371672    -0.0481    187.112    36.1818    16.0276 0.0000e+00
    270.000  45.251390    -0.0480    186.272    36.1645    15.9241 0.0000e+00
    280.000  45.105897    -0.0429    185.269    36.1456    15.7972 0.0000e+00
    290.000  45.021970    -0.0397    183.915    36.1355    15.7212 0.0000e+00
    300.000  44.792923    -0.0440    184.294    36.1041    15.5254 0.0000e+00
    310.000  44.702440    -0.0428    184.096    36.0899    15.4472 0.0000e+00
    320.000  44.516521    -0.0466    183.271    36.0657    15.2853 0.0000e+00
    330.000  44.361224    -0.0432    182.796    36.0434    15.1513 0.0000e+00
    340.000  44.101282    -0.0409    184.567    36.0073    14.9283 0.0000e+00
    350.000  43.825086    -0.0357    185.034    35.9695    14.6901 0.0000e+00
    360.000  43.593903    -0.0315    184.236    35.9397    14.4874 0.0000e+00
    370.000  43.510363    -0.0310    182.966    35.9292    14.4109 0.0000e+00
    380.000  43.327498    -0.0319    183.077    35.9036    14.2512 0.0000e+00
    390.000  43.144472    -0.0287    182.686    35.8825    14.0862 0.0000e+00
    400.000  42.995462    -0.0289    181.893    35.8646    13.9515 0.0000e+00
    410.000  42.809299    -0.0312    182.773    35.8410    13.7853 0.0000e+00
    420.000  42.716466    -0.0315    183.100    35.8289    13.7004 0.0000e+00
    430.000  42.593282    -0.0382    183.047    35.8121    13.5898 0.0000e+00
    440.000  42.455758    -0.0332    182.316    35.7955    13.4644 0.0000e+00
    450.000  42.208806    -0.0291    183.512    35.7613    13.2470 0.0000e+00
    460.000  42.106990    -0.0258    183.424    35.7490    13.1524 0.0000e+00
    470.000  41.928741    -0.0280    185.197    35.7261    12.9917 0.0000e+00
    480.000  41.807778    -0.0234    186.710    35.7138    12.8775 0.0000e+00
    490.000  41.707804    -0.0245    187.064    35.7032    12.7826 0.0000e+00
    500.000  41.594204    -0.0192    187.979    35.6881    12.6786 0.0000e+00
    510.000  41.484565    -0.0156    187.199    35.6761    12.5751 0.0000e+00
    520.000  41.321281    -0.0174    186.480    35.6583    12.4230 0.0000e+00
    530.000  41.232482    -0.0193    186.621    35.6494    12.3372 0.0000e+00
    540.000  41.206686    -0.0187    185.333    35.6550    12.3003 0.0000e+00
    550.000  41.155468    -0.0191    184.947    35.6506    12.2481 0.0000e+00
    560.000  41.061459    -0.0214    185.665    35.6410    12.1576 0.0000e+00
    570.000  41.046700    -0.0126    183.993    35.6485    12.1300 0.0000e+00
    580.000  40.929751    -0.0147    183.894    35.6386    12.0162 0.0000e+00
    590.000  40.794451    -0.0178    183.489    35.6288    11.8833 0.0000e+00
    600.000  40.585353    -0.0164    185.006    35.6044    11.6897 0.0000e+00
    610.000  40.492103    -0.0153    185.747    35.5947    11.5994 0.0000e+00
    620.000  40.461579    -0.0167    185.046    35.6005    11.5574 0.0000e+00
    630.000  40.358678    -0.0136    184.673    35.5914    11.4564 0.0000e+00
    640.000  40.200029    -0.0145    185.412    35.5702    11.3104 0.0000e+00
    650.000  40.100955    -0.0119    185.914    35.5597    11.2145 0.0000e+00
    660.000  39.922245    -0.0089    185.834    35.5447    11.0408 0.0000e+00
    670.000  39.791672    -0.0097    186.822    35.5331    10.9132 0.0000e+00
    680.000  39.713055    -0.0063    186.500    35.5301    10.8303 0.0000e+00
    690.000  39.655399    -0.0073    185.482    35.5282    10.7678 0.0000e+00
    700.000  39.566266    -0.0048    184.786    35.5258    10.6732 0.0000e+00
    710.000  39.460598    -0.0057    182.429    35.5212    10.5638 0.0000e+00
    720.000  39.425586    -0.0026    180.416    35.5248    10.5191 0.0000e+00
    730.000  39.385955    -0.0029    181.687    35.5300    10.4679 0.0000e+00
    740.000  39.236876    -0.0049    177.906    35.5187    10.3198 0.0000e+00
    750.000  39.132325    -0.0021    178.606    35.5096    10.2157 0.0000e+00
    760.000  39.058774    -0.0032    178.500    35.5080    10.1360 0.0000e+00
    770.000  38.946144    -0.0020    177.564    35.5093    10.0125 0.0000e+00
    780.000  38.807849    -0.0019    178.744    35.5094     9.8633 0.0000e+00
    790.000  38.741675    -0.0008    178.228    35.5090     9.7900 0.0000e+00
    800.000  38.642037    -0.0012    177.910    35.5077     9.6825 0.0000e+00
    810.000  38.526294    -0.0003    177.963    35.4996     9.5648 0.0000e+00
    820.000  38.420959    -0.0012    178.087    35.4973     9.4521 0.0000e+00
    830.000  38.352133    -0.0005    178.485    35.4990     9.3735 0.0000e+00
    840.000  38.242424    -0.0004    178.989    35.4970     9.2557 0.0000e+00
    850.000  38.189844    -0.0003    179.165    35.5002     9.1925 0.0000e+00
    860.000  38.154975    -0.0015    179.033    35.5002     9.1513 0.0000e+00
    870.000  38.171307    -0.0005    179.208    35.5121     9.1518 0.0000e+00
    880.000  38.162222    -0.0009    180.117    35.5201     9.1295 0.0000e+00
    890.000  38.074869    -0.0008    180.352    35.5142     9.0389 0.0000e+00
    900.000  38.028402     0.0004    180.463    35.5136     8.9860 0.0000e+00
    910.000  37.991784    -0.0008    180.449    35.5133     8.9431 0.0000e+00
    920.000  37.934735    -0.0006    180.445    35.5116     8.8802 0.0000e+00
    930.000  37.859592     0.0023    180.557    35.5092     8.7987 0.0000e+00
    940.000  37.790005     0.0012    180.306    35.5069     8.7230 0.0000e+00
    950.000  37.720870     0.0021    179.359    35.5031     8.6492 0.0000e+00
    960.000  37.703628    -0.0009    178.915    35.5105     8.6188 0.0000e+00
    970.000  37.708730     0.0011    177.915    35.5179     8.6122 0.0000e+00
    980.000  37.698442     0.0004    176.891    35.5230     8.5916 0.0000e+00
    990.000  37.644353     0.0014    177.232    35.5230     8.5299 0.0000e+00
   1000.000  37.628252     0.0037    176.603    35.5265     8.5047 0.0000e+00
   1010.000  37.620791     0.0017    175.518    35.5309     8.4878 0.0000e+00
   1020.000  37.560456     0.0011    175.974    35.5271     8.4232 0.0000e+00
   1030.000  37.473504     0.0034    176.314    35.5180     8.3356 0.0000e+00
   1040.000  37.411599     0.0028    176.595    35.5110     8.2724 0.0000e+00
   1050.000  37.379586     0.0014    177.074    35.5169     8.2280 0.0000e+00
   1060.000  37.353325     0.0040    176.999    35.5160     8.1964 0.0000e+00
   1070.000  37.262899     0.0041    178.795    35.5078     8.1041 0.0000e+00
   1080.000  37.226207     0.0043    179.168    35.5086     8.0597 0.0000e+00
   1090.000  37.226642     0.0043    178.757    35.5106     8.0536 0.0000e+00
   1100.000  37.138219     0.0021    179.892    35.5033     7.9623 0.0000e+00
   1110.000  37.024094     0.0017    183.089    35.4880     7.8515 0.0000e+00
   1120.000  36.959682     0.0027    184.635    35.4837     7.7827 0.0000e+00
   1130.000  36.886786     0.0027    185.770    35.4789     7.7051 0.0000e+00
   1140.000  36.859540     0.0038    185.618    35.4797     7.6707 0.0000e+00
   1150.000  36.842468     0.0066    185.515    35.4853     7.6422 0.0000e+00
   1160.000  36.727477     0.0054    186.655    35.4734     7.5267 0.0000e+00
   1170.000  36.665453     0.0027    188.477    35.4666     7.4625 0.0000e+00
   1180.000  36.634064     0.0036    189.256    35.4683     7.4227 0.0000e+00
   1190.000  36.551485     0.0045    190.492    35.4607     7.3373 0.0000e+00
   1200.000  36.470807     0.0045    191.837    35.4538     7.2532 0.0000e+00
   1210.000  36.431700     0.0055    192.785    35.4496     7.2108 0.0000e+00
   1220.000  36.337685     0.0048    193.892    35.4376     7.1172 0.0000e+00
   1230.000  36.287655     0.0016    194.613    35.4325     7.0639 0.0000e+00
   1240.000  36.239769     0.0042    195.449    35.4268     7.0135 0.0000e+00
   1250.000  36.230406     0.0032    195.491    35.4264     6.9992 0.0000e+00
   1260.000  36.196666     0.0040    195.973    35.4219     6.9627 0.0000e+00
   1270.000  36.157390     0.0041    196.364    35.4189     6.9189 0.0000e+00
   1280.000  36.073794     0.0057    197.366    35.4097     6.8334 0.0000e+00
   1290.000  36.012642     0.0058    198.255    35.4021     6.7704 0.0000e+00
   1300.000  35.901697     0.0029    199.548    35.3882     6.6598 0.0000e+00
   1310.000  35.813140     0.0050    201.012    35.3767     6.5709 0.0000e+00
   1320.000  35.733974     0.0026    202.016    35.3668     6.4905 0.0000e+00
   1330.000  35.652126     0.0053    203.243    35.3563     6.4076 0.0000e+00
   1340.000  35.594133     0.0039    203.924    35.3497     6.3467 0.0000e+00
   1350.000  35.537557     0.0051    204.566    35.3422     6.2881 0.0000e+00
   1360.000  35.442921     0.0012    206.080    35.3294     6.1934 0.0000e+00
   1370.000  35.401686     0.0070    206.577    35.3248     6.1484 0.0000e+00
   1380.000  35.355498     0.0057    207.136    35.3189     6.0995 0.0000e+00
   1390.000  35.318375     0.0045    207.667    35.3135     6.0597 0.0000e+00
   1400.000  35.262627     0.0029    208.533    35.3058     6.0020 0.0000e+00
   1410.000  35.210701     0.0051    209.228    35.2989     5.9476 0.0000e+00
   1420.000  35.151339     0.0035    209.731    35.2916     5.8855 0.0000e+00
   1430.000  35.092634     0.0051    210.696    35.2837     5.8246 0.0000e+00
   1440.000  35.048668     0.0021    211.334    35.2777     5.7779 0.0000e+00
   1450.000  35.013766     0.0028    211.827    35.2727     5.7400 0.0000e+00
   1460.000  34.961805     0.0046    212.536    35.2660     5.6852 0.0000e+00
   1470.000  34.920448     0.0018    213.196    35.2602     5.6410 0.0000e+00
   1480.000  34.881902     0.0029    213.761    35.2556     5.5987 0.0000e+00
   1490.000  34.835556     0.0031    213.931    35.2507     5.5482 0.0000e+00
   1500.000  34.804330     0.0051    214.525    35.2465     5.5135 0.0000e+00
   1510.000  34.798991     0.0059    213.918    35.2470     5.5025 0.0000e+00
   1520.000  34.775808     0.0045    213.994    35.2444     5.4751 0.0000e+00
   1530.000  34.747484     0.0041    214.019    35.2412     5.4425 0.0000e+00
   1540.000  34.716402     0.0046    214.451    35.2368     5.4081 0.0000e+00
   1550.000  34.612822     0.0053    216.534    35.2210     5.3052 0.0000e+00
   1560.000  34.564669     0.0045    217.824    35.2136     5.2549 0.0000e+00
   1570.000  34.507598     0.0052    218.467    35.2056     5.1953 0.0000e+00
   1580.000  34.473450     0.0026    219.408    35.2000     5.1587 0.0000e+00
   1590.000  34.467499     0.0043    219.453    35.1987     5.1487 0.0000e+00
   1600.000  34.425810     0.0038    219.908    35.1938     5.1030 0.0000e+00
   1610.000  34.378507     0.0060    220.395    35.1883     5.0517 0.0000e+00
   1620.000  34.351107     0.0028    220.908    35.1843     5.0207 0.0000e+00
   1630.000  34.332190     0.0021    221.051    35.1818     4.9977 0.0000e+00
   1640.000  34.307668     0.0038    221.300    35.1786     4.9691 0.0000e+00
   1650.000  34.270651     0.0028    221.833    35.1735     4.9286 0.0000e+00
   1660.000  34.238173     0.0031    222.270    35.1689     4.8927 0.0000e+00
   1670.000  34.216152     0.0057    222.547    35.1655     4.8670 0.0000e+00
   1680.000  34.188637     0.0044    223.017    35.1611     4.8363 0.0000e+00
   1690.000  34.150533     0.0049    223.694    35.1552     4.7953 0.0000e+00
   1700.000  34.101033     0.0050    224.514    35.1477     4.7432 0.0000e+00
   1710.000  34.057116     0.0052    225.090    35.1415     4.6961 0.0000e+00
   1720.000  33.991132     0.0029    226.079    35.1323     4.6273 0.0000e+00
   1730.000  33.952888     0.0048    226.756    35.1269     4.5856 0.0000e+00
   1740.000  33.931581     0.0024    226.979    35.1234     4.5607 0.0000e+00
   1750.000  33.888845     0.0063    227.707    35.1174     4.5145 0.0000e+00
   1760.000  33.860619     0.0055    228.104    35.1136     4.4823 0.0000e+00
   1770.000  33.858432     0.0059    228.031    35.1132     4.4756 0.0000e+00
   1780.000  33.850289     0.0070    227.966    35.1128     4.4623 0.0000e+00
   1790.000  33.850194     0.0078    227.572    35.1130     4.4574 0.0000e+00
   1800.000  33.838527     0.0051    227.519    35.1121     4.4407 0.0000e+00
   1810.000  33.800963     0.0030    227.856    35.1073     4.3991 0.0000e+00
   1820.000  33.763534     0.0053    228.477    35.1016     4.3584 0.0000e+00
   1830.000  33.734270     0.0048    229.079    35.0974     4.3253 0.0000e+00
   1840.000  33.727526     0.0048    229.025    35.0966     4.3140 0.0000e+00
   1850.000  33.709879     0.0070    229.185    35.0941     4.2922 0.0000e+00
   1860.000  33.699491     0.0067    229.466    35.0921     4.2780 0.0000e+00
   1870.000  33.672091     0.0074    229.696    35.0879     4.2470 0.0000e+00
   1880.000  33.635474     0.0066    230.442    35.0824     4.2069 0.0000e+00
   1890.000  33.605922     0.0093    230.817    35.0782     4.1735 0.0000e+00
   1900.000  33.576730     0.0059    231.237    35.0741     4.1403 0.0000e+00
   1910.000  33.552406     0.0065    231.774    35.0703     4.1122 0.0000e+00
   1920.000  33.538131     0.0063    231.662    35.0681     4.0939 0.0000e+00
   1930.000  33.511687     0.0021    232.420    35.0638     4.0639 0.0000e+00
   1940.000  33.518875     0.0043    231.881    35.0652     4.0660 0.0000e+00
   1950.000  33.497550     0.0048    232.252    35.0622     4.0405 0.0000e+00
   1960.000  33.480655     0.0052    232.141    35.0600     4.0192 0.0000e+00
   1970.000  33.451720     0.0051    232.509    35.0561     3.9861 0.0000e+00
   1980.000  33.436073     0.0078    232.792    35.0534     3.9666 0.0000e+00
   1990.000  33.403833     0.0044    233.436    35.0484     3.9308 0.0000e+00
   2000.000  33.345787     0.0060    234.235    35.0407     3.8688 0.0000e+00
   2010.000  33.329811     0.0053    234.433    35.0385     3.8484 0.0000e+00
   2020.000  33.318271     0.0046    234.288    35.0372     3.8322 0.0000e+00
   2030.000  33.304897     0.0038    234.285    35.0360     3.8139 0.0000e+00
   2040.000  33.290119     0.0053    234.188    35.0344     3.7943 0.0000e+00
   2050.000  33.280414     0.0068    234.226    35.0328     3.7804 0.0000e+00
