data/UWS/CTD_bulk_raw/SO279/Old_files/SO279_1-1_CTD-01_processedDepth AVERAGED.cnv
* Sea-Bird SBE 9 Data File:
* FileName = D:\CTDData\SO279\SO279_1-1_CTD-01.hex
* Software Version Seasave V 7.26.1.8
* Temperature SN = 5938
* Conductivity SN = 4108
* Number of Bytes Per Scan = 41
* Number of Voltage Words = 4
* Number of Scans Averaged by the Deck Unit = 1
* NMEA Latitude = 47 15.00 N
* NMEA Longitude = 010 06.27 W
* NMEA UTC (Time) = Dec 08 2020  08:01:09
* NMEA baud rate = 4800
# nquan = 7
# nvalues = 434                         
# units = specified
# name 0 = depSM: Depth [salt water, m]
# name 1 = c0mS/cm: Conductivity [mS/cm]
# name 2 = flECO-AFL: Fluorescence, WET Labs ECO-AFL/FL [mg/m^3]
# name 3 = sbeox0Mm/L: Oxygen, SBE 43 [umol/l]
# name 4 = sal00: Salinity, Practical [PSU]
# name 5 = t090C: Temperature [ITS-90, deg C]
# name 6 = flag: flag
# span 0 =     10.000,   4340.000       
# span 1 =  32.662175,  42.394906       
# span 2 =    -0.1351,     0.3739       
# span 3 =    191.802,    255.660       
# span 4 =    34.9079,    35.6953       
# span 5 =     2.4765,    13.6971       
# span 6 = 0.0000e+00, 0.0000e+00       
# interval = meters: 10                 
# start_time = Dec 08 2020 08:01:36 [NMEA time, first data scan]
# bad_flag = -9.990e-29
*END*
[from data line 206]
   2070.000  33.103083     0.0042    252.019    34.9601     3.6405 0.0000e+00
   2080.000  33.106218     0.0031    251.798    34.9613     3.6383 0.0000e+00
   2090.000  33.111394    -0.0003    251.462    34.9630     3.6380 0.0000e+00
   2100.000  33.114829     0.0024    250.700    34.9654     3.6349 0.0000e+00
   2110.000  33.112819     0.0017    250.288    34.9672     3.6264 0.0000e+00
   2120.000  33.110800     0.0007    249.931    34.9675     3.6193 0.0000e+00
   2130.000  33.103778     0.0016    249.521    34.9686     3.6058 0.0000e+00
   2140.000  33.113623     0.0034    248.971    34.9714     3.6096 0.0000e+00
   2150.000  33.088013     0.0015    249.147    34.9691     3.5785 0.0000e+00
   2160.000  33.080646     0.0028    249.322    34.9683     3.5664 0.0000e+00
   2170.000  33.069360     0.0003    249.434    34.9678     3.5498 0.0000e+00
   2180.000  33.067571     0.0033    249.112    34.9678     3.5432 0.0000e+00
   2190.000  33.071356     0.0033    248.460    34.9700     3.5408 0.0000e+00
   2200.000  33.070744     0.0038    247.931    34.9707     3.5349 0.0000e+00
   2210.000  33.060514     0.0039    248.002    34.9702     3.5194 0.0000e+00
   2220.000  33.062516     0.0048    247.468    34.9717     3.5156 0.0000e+00
   2230.000  33.059481     0.0048    247.178    34.9715     3.5079 0.0000e+00
   2240.000  33.052203     0.0035    247.322    34.9710     3.4957 0.0000e+00
   2250.000  33.050759     0.0028    246.895    34.9717     3.4889 0.0000e+00
   2260.000  33.042707     0.0066    246.663    34.9710     3.4760 0.0000e+00
   2270.000  33.026103     0.0040    246.855    34.9698     3.4539 0.0000e+00
   2280.000  33.019333     0.0049    246.306    34.9702     3.4414 0.0000e+00
   2290.000  33.023478     0.0064    245.797    34.9725     3.4394 0.0000e+00
   2300.000  33.017145     0.0028    245.366    34.9731     3.4272 0.0000e+00
   2310.000  33.010063     0.0047    244.957    34.9728     3.4150 0.0000e+00
   2320.000  33.002123     0.0078    244.346    34.9729     3.4015 0.0000e+00
   2330.000  32.999845     0.0060    244.248    34.9723     3.3950 0.0000e+00
   2340.000  32.993510     0.0027    244.176    34.9717     3.3839 0.0000e+00
   2350.000  32.972979     0.0015    244.485    34.9694     3.3585 0.0000e+00
   2360.000  32.935087     0.0037    245.730    34.9645     3.3160 0.0000e+00
   2370.000  32.908123     0.0009    246.702    34.9618     3.2837 0.0000e+00
   2380.000  32.899785     0.0007    246.257    34.9615     3.2701 0.0000e+00
   2390.000  32.891358     0.0006    246.001    34.9613     3.2563 0.0000e+00
   2400.000  32.878626     0.0018    245.694    34.9605     3.2382 0.0000e+00
   2410.000  32.883491     0.0028    244.788    34.9636     3.2363 0.0000e+00
   2420.000  32.904964     0.0022    241.296    34.9686     3.2513 0.0000e+00
   2430.000  32.901025     0.0020    240.431    34.9692     3.2418 0.0000e+00
   2440.000  32.888294    -0.0014    240.059    34.9684     3.2237 0.0000e+00
   2450.000  32.879128     0.0027    240.047    34.9674     3.2098 0.0000e+00
   2460.000  32.870769     0.0009    239.936    34.9668     3.1966 0.0000e+00
   2470.000  32.859771     0.0004    239.797    34.9659     3.1805 0.0000e+00
   2480.000  32.856481    -0.0003    239.509    34.9657     3.1726 0.0000e+00
   2490.000  32.848098     0.0004    239.492    34.9650     3.1593 0.0000e+00
   2500.000  32.841375     0.0047    239.210    34.9646     3.1477 0.0000e+00
   2510.000  32.832870     0.0044    238.650    34.9643     3.1338 0.0000e+00
   2520.000  32.826935     0.0049    238.537    34.9636     3.1233 0.0000e+00
   2530.000  32.819202     0.0029    238.322    34.9632     3.1105 0.0000e+00
   2540.000  32.810376     0.0016    237.943    34.9627     3.0966 0.0000e+00
   2550.000  32.799999     0.0018    237.756    34.9618     3.0813 0.0000e+00
   2560.000  32.795752     0.0011    237.629    34.9613     3.0726 0.0000e+00
   2570.000  32.789723     0.0017    237.641    34.9607     3.0619 0.0000e+00
   2580.000  32.778886     0.0034    237.535    34.9599     3.0459 0.0000e+00
   2590.000  32.767996     0.0038    237.074    34.9591     3.0299 0.0000e+00
   2600.000  32.768611     0.0069    237.075    34.9588     3.0265 0.0000e+00
   2610.000  32.763431     0.0021    236.866    34.9584     3.0165 0.0000e+00
   2620.000  32.759280     0.0004    236.368    34.9580     3.0078 0.0000e+00
   2630.000  32.759207     0.0002    236.303    34.9578     3.0035 0.0000e+00
   2640.000  32.754571     0.0018    235.900    34.9573     2.9943 0.0000e+00
   2650.000  32.750891     0.0033    235.723    34.9568     2.9862 0.0000e+00
   2660.000  32.749355     0.0014    235.562    34.9564     2.9804 0.0000e+00
   2670.000  32.744170     0.0064    235.466    34.9559     2.9706 0.0000e+00
   2680.000  32.737007     0.0021    235.503    34.9551     2.9588 0.0000e+00
   2690.000  32.731867     0.0020    235.864    34.9545     2.9492 0.0000e+00
   2700.000  32.730752     0.0059    235.855    34.9542     2.9439 0.0000e+00
   2710.000  32.721294     0.0014    235.698    34.9534     2.9295 0.0000e+00
   2720.000  32.718362     0.0020    235.852    34.9529     2.9222 0.0000e+00
   2730.000  32.716881     0.0045    235.710    34.9526     2.9164 0.0000e+00
   2740.000  32.713009     0.0007    235.421    34.9521     2.9081 0.0000e+00
   2750.000  32.709047     0.0033    235.361    34.9516     2.8997 0.0000e+00
   2760.000  32.705432     0.0063    235.167    34.9512     2.8917 0.0000e+00
   2770.000  32.704401     0.0033    235.050    34.9508     2.8865 0.0000e+00
   2780.000  32.701351     0.0009    234.929    34.9504     2.8790 0.0000e+00
   2790.000  32.696816     0.0066    234.695    34.9498     2.8700 0.0000e+00
   2800.000  32.688861     0.0070    234.509    34.9492     2.8573 0.0000e+00
   2810.000  32.681163     0.0024    234.229    34.9484     2.8449 0.0000e+00
   2820.000  32.677630     0.0053    233.920    34.9478     2.8371 0.0000e+00
   2830.000  32.675114     0.0036    233.694    34.9473     2.8303 0.0000e+00
   2840.000  32.674651     0.0059    233.596    34.9469     2.8258 0.0000e+00
   2850.000  32.671411     0.0065    233.336    34.9464     2.8182 0.0000e+00
   2860.000  32.669887     0.0048    233.211    34.9460     2.8125 0.0000e+00
   2870.000  32.670249     0.0032    233.152    34.9456     2.8089 0.0000e+00
   2880.000  32.670555     0.0036    232.970    34.9454     2.8051 0.0000e+00
   2890.000  32.671198     0.0030    233.008    34.9451     2.8017 0.0000e+00
   2900.000  32.669041     0.0041    232.962    34.9447     2.7953 0.0000e+00
   2910.000  32.668215     0.0022    232.777    34.9444     2.7904 0.0000e+00
   2920.000  32.669912     0.0038    232.824    34.9441     2.7882 0.0000e+00
   2930.000  32.667662     0.0040    232.743    34.9438     2.7816 0.0000e+00
   2940.000  32.666006     0.0039    232.729    34.9433     2.7758 0.0000e+00
   2950.000  32.665523     0.0059    232.640    34.9430     2.7713 0.0000e+00
   2960.000  32.662175     0.0058    232.561    34.9425     2.7636 0.0000e+00
   2970.000  32.663368     0.0012    232.412    34.9422     2.7609 0.0000e+00
   2980.000  32.664218     0.0060    232.503    34.9420     2.7577 0.0000e+00
   2990.000  32.664289     0.0022    232.398    34.9416     2.7538 0.0000e+00
   3000.000  32.663602     0.0044    232.334    34.9412     2.7491 0.0000e+00
   3010.000  32.666361     0.0050    232.392    34.9411     2.7480 0.0000e+00
   3020.000  32.665894     0.0052    232.308    34.9408     2.7434 0.0000e+00
   3030.000  32.667235     0.0026    232.158    34.9406     2.7408 0.0000e+00
   3040.000  32.666194     0.0020    232.199    34.9402     2.7357 0.0000e+00
   3050.000  32.666624     0.0055    232.099    34.9399     2.7322 0.0000e+00
   3060.000  32.669133    -0.0000    232.140    34.9398     2.7308 0.0000e+00
   3070.000  32.670190     0.0039    231.946    34.9396     2.7279 0.0000e+00
   3080.000  32.670902     0.0017    232.059    34.9393     2.7247 0.0000e+00
   3090.000  32.671064     0.0040    231.957    34.9389     2.7210 0.0000e+00
   3100.000  32.673092     0.0012    231.960    34.9386     2.7192 0.0000e+00
   3110.000  32.671162     0.0061    231.824    34.9382     2.7131 0.0000e+00
   3120.000  32.670009     0.0070    231.695    34.9378     2.7079 0.0000e+00
   3130.000  32.671259     0.0037    231.710    34.9373     2.7055 0.0000e+00
   3140.000  32.674712     0.0074    231.800    34.9374     2.7050 0.0000e+00
   3150.000  32.675368     0.0024    231.680    34.9372     2.7017 0.0000e+00
   3160.000  32.676036     0.0061    231.671    34.9369     2.6984 0.0000e+00
   3170.000  32.676496     0.0036    231.690    34.9367     2.6949 0.0000e+00
   3180.000  32.675850     0.0037    231.618    34.9362     2.6903 0.0000e+00
   3190.000  32.676190     0.0044    231.473    34.9358     2.6868 0.0000e+00
   3200.000  32.677853     0.0083    231.426    34.9356     2.6847 0.0000e+00
   3210.000  32.680374     0.0039    231.424    34.9354     2.6834 0.0000e+00
   3220.000  32.680965     0.0025    231.353    34.9351     2.6801 0.0000e+00
   3230.000  32.681667     0.0082    231.329    34.9348     2.6769 0.0000e+00
   3240.000  32.684975     0.0048    231.260    34.9347     2.6765 0.0000e+00
   3250.000  32.685721     0.0036    231.262    34.9345     2.6733 0.0000e+00
   3260.000  32.687151     0.0049    231.222    34.9342     2.6710 0.0000e+00
   3270.000  32.687471     0.0064    231.135    34.9338     2.6675 0.0000e+00
   3280.000  32.688770     0.0062    231.116    34.9337     2.6648 0.0000e+00
   3290.000  32.689041     0.0066    231.044    34.9333     2.6613 0.0000e+00
   3300.000  32.689952     0.0076    230.986    34.9331     2.6583 0.0000e+00
   3310.000  32.688177     0.0053    230.969    34.9326     2.6525 0.0000e+00
   3320.000  32.689441     0.0071    230.915    34.9323     2.6499 0.0000e+00
   3330.000  32.691548     0.0128    230.825    34.9322     2.6482 0.0000e+00
   3340.000  32.690987     0.0090    230.837    34.9318     2.6437 0.0000e+00
   3350.000  32.693588     0.0104    230.768    34.9316     2.6426 0.0000e+00
   3360.000  32.693159     0.0116    230.822    34.9312     2.6383 0.0000e+00
   3370.000  32.693421     0.0141    230.757    34.9308     2.6347 0.0000e+00
   3380.000  32.692953     0.0128    230.646    34.9304     2.6304 0.0000e+00
   3390.000  32.695183     0.0151    230.616    34.9302     2.6289 0.0000e+00
   3400.000  32.696151     0.0157    230.563    34.9299     2.6261 0.0000e+00
   3410.000  32.696922     0.0193    230.528    34.9296     2.6230 0.0000e+00
   3420.000  32.698502     0.0164    230.456    34.9293     2.6209 0.0000e+00
   3430.000  32.697263     0.0154    230.455    34.9289     2.6157 0.0000e+00
   3440.000  32.695898     0.0125    230.269    34.9284     2.6104 0.0000e+00
   3450.000  32.697397     0.0090    230.168    34.9281     2.6082 0.0000e+00
   3460.000  32.697394     0.0111    230.115    34.9277     2.6044 0.0000e+00
   3470.000  32.698816     0.0116    230.058    34.9273     2.6022 0.0000e+00
   3480.000  32.700166     0.0089    230.016    34.9271     2.5997 0.0000e+00
   3490.000  32.699198     0.0085    229.964    34.9267     2.5948 0.0000e+00
   3500.000  32.698928     0.0078    229.941    34.9263     2.5907 0.0000e+00
   3510.000  32.699306     0.0095    229.842    34.9258     2.5874 0.0000e+00
   3520.000  32.698288     0.0085    229.798    34.9253     2.5826 0.0000e+00
   3530.000  32.699037     0.0103    229.736    34.9250     2.5795 0.0000e+00
   3540.000  32.698870     0.0114    229.719    34.9247     2.5755 0.0000e+00
   3550.000  32.697764     0.0103    229.637    34.9242     2.5705 0.0000e+00
   3560.000  32.699908     0.0086    229.668    34.9240     2.5690 0.0000e+00
   3570.000  32.702000     0.0083    229.684    34.9239     2.5674 0.0000e+00
   3580.000  32.703924     0.0064    229.665    34.9236     2.5656 0.0000e+00
   3590.000  32.704674     0.0052    229.550    34.9232     2.5627 0.0000e+00
   3600.000  32.707580     0.0065    229.530    34.9231     2.5620 0.0000e+00
   3610.000  32.710225     0.0063    229.531    34.9229     2.5610 0.0000e+00
   3620.000  32.711650     0.0078    229.555    34.9228     2.5586 0.0000e+00
   3630.000  32.711674     0.0077    229.451    34.9224     2.5549 0.0000e+00
   3640.000  32.712953     0.0049    229.420    34.9220     2.5526 0.0000e+00
   3650.000  32.715069     0.0051    229.426    34.9218     2.5510 0.0000e+00
   3660.000  32.716455     0.0050    229.403    34.9216     2.5487 0.0000e+00
   3670.000  32.717412     0.0054    229.386    34.9212     2.5460 0.0000e+00
   3680.000  32.719545     0.0050    229.298    34.9210     2.5445 0.0000e+00
   3690.000  32.722485     0.0071    229.362    34.9209     2.5438 0.0000e+00
   3700.000  32.724555     0.0073    229.344    34.9207     2.5422 0.0000e+00
   3710.000  32.725430     0.0058    229.210    34.9203     2.5395 0.0000e+00
   3720.000  32.727803     0.0057    229.161    34.9201     2.5383 0.0000e+00
   3730.000  32.727792     0.0056    229.189    34.9198     2.5345 0.0000e+00
   3740.000  32.730248     0.0074    229.149    34.9195     2.5334 0.0000e+00
   3750.000  32.732181     0.0088    229.086    34.9193     2.5317 0.0000e+00
   3760.000  32.735403     0.0053    229.154    34.9191     2.5314 0.0000e+00
   3770.000  32.737832     0.0104    229.042    34.9190     2.5302 0.0000e+00
   3780.000  32.739134     0.0095    229.072    34.9186     2.5279 0.0000e+00
   3790.000  32.742717     0.0079    228.999    34.9186     2.5280 0.0000e+00
   3800.000  32.746333     0.0025    229.041    34.9185     2.5281 0.0000e+00
   3810.000  32.747787     0.0043    229.032    34.9182     2.5259 0.0000e+00
   3820.000  32.750454     0.0048    228.977    34.9181     2.5250 0.0000e+00
   3830.000  32.753811     0.0048    229.105    34.9180     2.5248 0.0000e+00
   3840.000  32.755809     0.0043    229.044    34.9177     2.5232 0.0000e+00
   3850.000  32.756990     0.0031    229.044    34.9174     2.5208 0.0000e+00
   3860.000  32.758868     0.0082    229.022    34.9172     2.5191 0.0000e+00
   3870.000  32.759259     0.0036    229.021    34.9168     2.5158 0.0000e+00
   3880.000  32.760889     0.0047    228.916    34.9165     2.5139 0.0000e+00
   3890.000  32.763389     0.0072    228.900    34.9163     2.5128 0.0000e+00
   3900.000  32.765424     0.0054    228.872    34.9160     2.5114 0.0000e+00
   3910.000  32.768327     0.0052    228.897    34.9159     2.5108 0.0000e+00
   3920.000  32.770595     0.0073    228.967    34.9156     2.5095 0.0000e+00
   3930.000  32.772251     0.0088    228.835    34.9154     2.5076 0.0000e+00
   3940.000  32.775158     0.0056    228.866    34.9152     2.5070 0.0000e+00
   3950.000  32.777729     0.0075    228.856    34.9150     2.5061 0.0000e+00
   3960.000  32.780343     0.0090    228.860    34.9148     2.5052 0.0000e+00
   3970.000  32.783006     0.0067    228.801    34.9147     2.5044 0.0000e+00
   3980.000  32.785368     0.0057    228.783    34.9144     2.5032 0.0000e+00
   3990.000  32.787836     0.0053    228.824    34.9142     2.5022 0.0000e+00
   4000.000  32.789295     0.0071    228.794    34.9139     2.5001 0.0000e+00
   4010.000  32.790962     0.0092    228.754    34.9137     2.4983 0.0000e+00
   4020.000  32.793848     0.0065    228.764    34.9135     2.4977 0.0000e+00
   4030.000  32.796991     0.0099    228.750    34.9133     2.4974 0.0000e+00
   4040.000  32.799552     0.0089    228.653    34.9131     2.4965 0.0000e+00
   4050.000  32.802166     0.0091    228.711    34.9129     2.4956 0.0000e+00
   4060.000  32.805123     0.0087    228.669    34.9128     2.4951 0.0000e+00
   4070.000  32.807985     0.0072    228.610    34.9126     2.4945 0.0000e+00
   4080.000  32.809347     0.0096    228.634    34.9123     2.4923 0.0000e+00
   4090.000  32.810374     0.0084    228.558    34.9119     2.4899 0.0000e+00
   4100.000  32.812622     0.0077    228.554    34.9117     2.4887 0.0000e+00
