data/UWS/CTD_bulk_raw/SO279/Old_files/SO279_1-1_CTD-01Depth AVERAGED.cnv
* Sea-Bird SBE 9 Data File:
* FileName = D:\CTDData\SO279\SO279_1-1_CTD-01.hex
* Software Version Seasave V 7.26.1.8
* Temperature SN = 5938
* Conductivity SN = 4108
* Number of Bytes Per Scan = 41
* Number of Voltage Words = 4
* Number of Scans Averaged by the Deck Unit = 1
* NMEA Latitude = 47 15.00 N
* NMEA Longitude = 010 06.27 W
* NMEA UTC (Time) = Dec 08 2020  08:01:09
* NMEA baud rate = 4800
# nquan = 4
# nvalues = 1735                        
# units = specified
# name 0 = depSM: Depth [salt water, m]
# name 1 = c0mS/cm: Conductivity [mS/cm]
# name 2 = potemp090C: Potential Temperature [ITS-90, deg C]
# name 3 = flag: flag
# span 0 =     10.000,   4345.000       
# span 1 =  32.662092,  42.395343       
# span 2 =     2.0858,    13.6861       
# span 3 = 0.0000e+00, 0.0000e+00       
# interval = meters: 5                  
# start_time = Dec 08 2020 08:01:36 [NMEA time, first data scan]
# bad_flag = -9.990e-29
*END*
[from data line 712]
   3570.000  32.702011     2.2589 0.0000e+00
   3575.000  32.703612     2.2581 0.0000e+00
   3580.000  32.703780     2.2559 0.0000e+00
   3585.000  32.703790     2.2535 0.0000e+00
   3590.000  32.704376     2.2517 0.0000e+00
   3595.000  32.706165     2.2511 0.0000e+00
   3600.000  32.707818     2.2505 0.0000e+00
   3605.000  32.708801     2.2491 0.0000e+00
   3610.000  32.710359     2.2482 0.0000e+00
   3615.000  32.711069     2.2465 0.0000e+00
   3620.000  32.711844     2.2449 0.0000e+00
   3625.000  32.712011     2.2426 0.0000e+00
   3630.000  32.711382     2.2396 0.0000e+00
   3635.000  32.711694     2.2375 0.0000e+00
   3640.000  32.713056     2.2366 0.0000e+00
   3645.000  32.714910     2.2361 0.0000e+00
   3650.000  32.714721     2.2334 0.0000e+00
   3655.000  32.715471     2.2318 0.0000e+00
   3660.000  32.716572     2.2305 0.0000e+00
   3665.000  32.716788     2.2283 0.0000e+00
   3670.000  32.717281     2.2265 0.0000e+00
   3675.000  32.718438     2.2253 0.0000e+00
   3680.000  32.719485     2.2240 0.0000e+00
   3685.000  32.721012     2.2231 0.0000e+00
   3690.000  32.722507     2.2222 0.0000e+00
   3695.000  32.723762     2.2210 0.0000e+00
   3700.000  32.724641     2.2196 0.0000e+00
   3705.000  32.725333     2.2179 0.0000e+00
   3710.000  32.725434     2.2157 0.0000e+00
   3715.000  32.726464     2.2144 0.0000e+00
   3720.000  32.727632     2.2131 0.0000e+00
   3725.000  32.728555     2.2117 0.0000e+00
   3730.000  32.727887     2.2086 0.0000e+00
   3735.000  32.728626     2.2069 0.0000e+00
   3740.000  32.730299     2.2063 0.0000e+00
   3745.000  32.731575     2.2053 0.0000e+00
   3750.000  32.732145     2.2035 0.0000e+00
   3755.000  32.733826     2.2028 0.0000e+00
   3760.000  32.735264     2.2019 0.0000e+00
   3765.000  32.737074     2.2014 0.0000e+00
   3770.000  32.738243     2.2002 0.0000e+00
   3775.000  32.737895     2.1974 0.0000e+00
   3780.000  32.739325     2.1965 0.0000e+00
   3785.000  32.740599     2.1954 0.0000e+00
   3790.000  32.743053     2.1956 0.0000e+00
   3795.000  32.744744     2.1949 0.0000e+00
   3800.000  32.746247     2.1941 0.0000e+00
   3805.000  32.747124     2.1925 0.0000e+00
   3810.000  32.747817     2.1909 0.0000e+00
   3815.000  32.749237     2.1900 0.0000e+00
   3820.000  32.750464     2.1888 0.0000e+00
   3825.000  32.751888     2.1879 0.0000e+00
   3830.000  32.753915     2.1876 0.0000e+00
   3835.000  32.755433     2.1868 0.0000e+00
   3840.000  32.755960     2.1849 0.0000e+00
   3845.000  32.755706     2.1823 0.0000e+00
   3850.000  32.757139     2.1814 0.0000e+00
   3855.000  32.758649     2.1805 0.0000e+00
   3860.000  32.758635     2.1782 0.0000e+00
   3865.000  32.759060     2.1762 0.0000e+00
   3870.000  32.758991     2.1738 0.0000e+00
   3875.000  32.759875     2.1723 0.0000e+00
   3880.000  32.760661     2.1708 0.0000e+00
   3885.000  32.762392     2.1702 0.0000e+00
   3890.000  32.763528     2.1690 0.0000e+00
   3895.000  32.764122     2.1672 0.0000e+00
   3900.000  32.765260     2.1660 0.0000e+00
   3905.000  32.766917     2.1654 0.0000e+00
   3910.000  32.768373     2.1645 0.0000e+00
   3915.000  32.769591     2.1634 0.0000e+00
   3920.000  32.770504     2.1620 0.0000e+00
   3925.000  32.771751     2.1609 0.0000e+00
   3930.000  32.772062     2.1588 0.0000e+00
   3935.000  32.773613     2.1581 0.0000e+00
   3940.000  32.775131     2.1572 0.0000e+00
   3945.000  32.776580     2.1564 0.0000e+00
   3950.000  32.777781     2.1552 0.0000e+00
   3955.000  32.778413     2.1534 0.0000e+00
   3960.000  32.780302     2.1531 0.0000e+00
   3965.000  32.782024     2.1525 0.0000e+00
   3970.000  32.783055     2.1511 0.0000e+00
   3975.000  32.784094     2.1499 0.0000e+00
   3980.000  32.785401     2.1489 0.0000e+00
   3985.000  32.786627     2.1477 0.0000e+00
   3990.000  32.787954     2.1468 0.0000e+00
   3995.000  32.788489     2.1449 0.0000e+00
   4000.000  32.789342     2.1435 0.0000e+00
   4005.000  32.790159     2.1420 0.0000e+00
   4010.000  32.790745     2.1402 0.0000e+00
   4015.000  32.792437     2.1396 0.0000e+00
   4020.000  32.793484     2.1383 0.0000e+00
   4025.000  32.795562     2.1380 0.0000e+00
   4030.000  32.797138     2.1374 0.0000e+00
   4035.000  32.798067     2.1360 0.0000e+00
   4040.000  32.799697     2.1353 0.0000e+00
   4045.000  32.800802     2.1341 0.0000e+00
   4050.000  32.802073     2.1330 0.0000e+00
   4055.000  32.803838     2.1325 0.0000e+00
   4060.000  32.805140     2.1314 0.0000e+00
   4065.000  32.806375     2.1303 0.0000e+00
   4070.000  32.808034     2.1297 0.0000e+00
   4075.000  32.809235     2.1286 0.0000e+00
   4080.000  32.809555     2.1266 0.0000e+00
   4085.000  32.809697     2.1244 0.0000e+00
   4090.000  32.809927     2.1222 0.0000e+00
   4095.000  32.811440     2.1215 0.0000e+00
   4100.000  32.812499     2.1202 0.0000e+00
   4105.000  32.813950     2.1194 0.0000e+00
   4110.000  32.815465     2.1186 0.0000e+00
   4115.000  32.817248     2.1181 0.0000e+00
   4120.000  32.818191     2.1167 0.0000e+00
   4125.000  32.818869     2.1151 0.0000e+00
   4130.000  32.820158     2.1141 0.0000e+00
   4135.000  32.821109     2.1127 0.0000e+00
   4140.000  32.822710     2.1120 0.0000e+00
   4145.000  32.824371     2.1113 0.0000e+00
   4150.000  32.826164     2.1108 0.0000e+00
   4155.000  32.827937     2.1103 0.0000e+00
   4160.000  32.829284     2.1093 0.0000e+00
   4165.000  32.829945     2.1076 0.0000e+00
   4170.000  32.831344     2.1068 0.0000e+00
   4175.000  32.832895     2.1060 0.0000e+00
   4180.000  32.833472     2.1043 0.0000e+00
   4185.000  32.834782     2.1033 0.0000e+00
   4190.000  32.835547     2.1018 0.0000e+00
   4195.000  32.837278     2.1012 0.0000e+00
   4200.000  32.838475     2.1002 0.0000e+00
   4205.000  32.839648     2.0990 0.0000e+00
   4210.000  32.841419     2.0985 0.0000e+00
   4215.000  32.842798     2.0976 0.0000e+00
   4220.000  32.844086     2.0965 0.0000e+00
   4225.000  32.846689     2.0969 0.0000e+00
   4230.000  32.847587     2.0955 0.0000e+00
   4235.000  32.848523     2.0941 0.0000e+00
   4240.000  32.849480     2.0928 0.0000e+00
   4245.000  32.850910     2.0920 0.0000e+00
   4250.000  32.851713     2.0905 0.0000e+00
   4255.000  32.853178     2.0897 0.0000e+00
   4260.000  32.854651     2.0888 0.0000e+00
   4265.000  32.856716     2.0887 0.0000e+00
   4270.000  32.858573     2.0882 0.0000e+00
   4275.000  32.860783     2.0881 0.0000e+00
   4280.000  32.862832     2.0879 0.0000e+00
   4285.000  32.864733     2.0876 0.0000e+00
   4290.000  32.866871     2.0874 0.0000e+00
   4295.000  32.868925     2.0872 0.0000e+00
   4300.000  32.871173     2.0871 0.0000e+00
   4305.000  32.873567     2.0873 0.0000e+00
   4310.000  32.875774     2.0872 0.0000e+00
   4315.000  32.877562     2.0866 0.0000e+00
   4320.000  32.879450     2.0863 0.0000e+00
   4325.000  32.881502     2.0860 0.0000e+00
   4330.000  32.883723     2.0860 0.0000e+00
   4335.000  32.886119     2.0861 0.0000e+00
   4340.000  32.888101     2.0858 0.0000e+00
   4345.000  32.890515     2.0858 0.0000e+00
   4340.000  32.888663     2.0865 0.0000e+00
   4335.000  32.886227     2.0863 0.0000e+00
   4330.000  32.883854     2.0862 0.0000e+00
   4325.000  32.881699     2.0862 0.0000e+00
   4320.000  32.879492     2.0864 0.0000e+00
   4315.000  32.877305     2.0865 0.0000e+00
   4310.000  32.875217     2.0867 0.0000e+00
   4305.000  32.873378     2.0872 0.0000e+00
   4300.000  32.871261     2.0873 0.0000e+00
   4295.000  32.869031     2.0874 0.0000e+00
   4290.000  32.866840     2.0874 0.0000e+00
   4285.000  32.864881     2.0879 0.0000e+00
   4280.000  32.863101     2.0883 0.0000e+00
   4275.000  32.860884     2.0884 0.0000e+00
   4270.000  32.858623     2.0884 0.0000e+00
   4265.000  32.856694     2.0887 0.0000e+00
   4260.000  32.854857     2.0892 0.0000e+00
   4255.000  32.853503     2.0901 0.0000e+00
   4250.000  32.851924     2.0908 0.0000e+00
   4245.000  32.850822     2.0920 0.0000e+00
   4240.000  32.848944     2.0924 0.0000e+00
   4235.000  32.847653     2.0934 0.0000e+00
   4230.000  32.846355     2.0943 0.0000e+00
   4225.000  32.845025     2.0953 0.0000e+00
   4220.000  32.843601     2.0962 0.0000e+00
   4215.000  32.841714     2.0966 0.0000e+00
   4210.000  32.840257     2.0974 0.0000e+00
   4205.000  32.839114     2.0986 0.0000e+00
   4200.000  32.837327     2.0991 0.0000e+00
   4195.000  32.836179     2.1002 0.0000e+00
   4190.000  32.834903     2.1013 0.0000e+00
   4185.000  32.834253     2.1029 0.0000e+00
   4180.000  32.832265     2.1032 0.0000e+00
   4175.000  32.831820     2.1051 0.0000e+00
   4170.000  32.830318     2.1059 0.0000e+00
   4165.000  32.828479     2.1064 0.0000e+00
   4160.000  32.827313     2.1075 0.0000e+00
   4155.000  32.826441     2.1089 0.0000e+00
   4150.000  32.825017     2.1098 0.0000e+00
   4145.000  32.823673     2.1108 0.0000e+00
   4140.000  32.822039     2.1114 0.0000e+00
   4135.000  32.820628     2.1123 0.0000e+00
   4130.000  32.819714     2.1137 0.0000e+00
   4125.000  32.817816     2.1141 0.0000e+00
   4120.000  32.816681     2.1153 0.0000e+00
   4115.000  32.815587     2.1165 0.0000e+00
   4110.000  32.814498     2.1177 0.0000e+00
   4105.000  32.813267     2.1188 0.0000e+00
   4100.000  32.811737     2.1196 0.0000e+00
   4095.000  32.810157     2.1203 0.0000e+00
   4090.000  32.808608     2.1211 0.0000e+00
   4085.000  32.808222     2.1230 0.0000e+00
   4080.000  32.807397     2.1245 0.0000e+00
   4075.000  32.806231     2.1257 0.0000e+00
   4070.000  32.805669     2.1275 0.0000e+00
   4065.000  32.805406     2.1295 0.0000e+00
   4060.000  32.804165     2.1306 0.0000e+00
   4055.000  32.803063     2.1318 0.0000e+00
   4050.000  32.801480     2.1326 0.0000e+00
   4045.000  32.799741     2.1331 0.0000e+00
   4040.000  32.798402     2.1341 0.0000e+00
   4035.000  32.796931     2.1349 0.0000e+00
   4030.000  32.795560     2.1359 0.0000e+00
   4025.000  32.793873     2.1365 0.0000e+00
   4020.000  32.793170     2.1381 0.0000e+00
   4015.000  32.791317     2.1386 0.0000e+00
   4010.000  32.790215     2.1398 0.0000e+00
   4005.000  32.788958     2.1409 0.0000e+00
   4000.000  32.787858     2.1421 0.0000e+00
   3995.000  32.787494     2.1441 0.0000e+00
   3990.000  32.785710     2.1447 0.0000e+00
   3985.000  32.785747     2.1470 0.0000e+00
   3980.000  32.784139     2.1478 0.0000e+00
   3975.000  32.782790     2.1488 0.0000e+00
   3970.000  32.780886     2.1492 0.0000e+00
   3965.000  32.780190     2.1508 0.0000e+00
   3960.000  32.778773     2.1517 0.0000e+00
   3955.000  32.777109     2.1524 0.0000e+00
   3950.000  32.775927     2.1535 0.0000e+00
   3945.000  32.774498     2.1544 0.0000e+00
   3940.000  32.774526     2.1567 0.0000e+00
   3935.000  32.772398     2.1570 0.0000e+00
   3930.000  32.770413     2.1573 0.0000e+00
   3925.000  32.769278     2.1585 0.0000e+00
   3920.000  32.767771     2.1594 0.0000e+00
   3915.000  32.767191     2.1611 0.0000e+00
   3910.000  32.765997     2.1623 0.0000e+00
   3905.000  32.764708     2.1633 0.0000e+00
   3900.000  32.764057     2.1649 0.0000e+00
   3895.000  32.762764     2.1660 0.0000e+00
   3890.000  32.760805     2.1664 0.0000e+00
   3885.000  32.758687     2.1666 0.0000e+00
   3880.000  32.758040     2.1683 0.0000e+00
   3875.000  32.757204     2.1698 0.0000e+00
   3870.000  32.755909     2.1708 0.0000e+00
   3865.000  32.754719     2.1720 0.0000e+00
   3860.000  32.754411     2.1740 0.0000e+00
   3855.000  32.754685     2.1767 0.0000e+00
   3850.000  32.754143     2.1785 0.0000e+00
   3845.000  32.753704     2.1805 0.0000e+00
   3840.000  32.752468     2.1816 0.0000e+00
   3835.000  32.751347     2.1828 0.0000e+00
   3830.000  32.750080     2.1838 0.0000e+00
   3825.000  32.749152     2.1853 0.0000e+00
   3820.000  32.747715     2.1862 0.0000e+00
   3815.000  32.747732     2.1886 0.0000e+00
   3810.000  32.746419     2.1897 0.0000e+00
   3805.000  32.744961     2.1905 0.0000e+00
   3800.000  32.743736     2.1916 0.0000e+00
   3795.000  32.742348     2.1927 0.0000e+00
   3790.000  32.740407     2.1930 0.0000e+00
   3785.000  32.738688     2.1936 0.0000e+00
   3780.000  32.737641     2.1951 0.0000e+00
   3775.000  32.736089     2.1957 0.0000e+00
   3770.000  32.734544     2.1966 0.0000e+00
   3765.000  32.732987     2.1973 0.0000e+00
   3760.000  32.732994     2.1998 0.0000e+00
   3755.000  32.732075     2.2012 0.0000e+00
   3750.000  32.730277     2.2017 0.0000e+00
   3745.000  32.729213     2.2031 0.0000e+00
   3740.000  32.727576     2.2037 0.0000e+00
   3735.000  32.726053     2.2045 0.0000e+00
   3730.000  32.724934     2.2057 0.0000e+00
   3725.000  32.724190     2.2073 0.0000e+00
   3720.000  32.723805     2.2094 0.0000e+00
   3715.000  32.724461     2.2124 0.0000e+00
   3710.000  32.724495     2.2149 0.0000e+00
   3705.000  32.722524     2.2153 0.0000e+00
   3700.000  32.721784     2.2171 0.0000e+00
   3695.000  32.719826     2.2173 0.0000e+00
   3690.000  32.717964     2.2178 0.0000e+00
   3685.000  32.717336     2.2196 0.0000e+00
   3680.000  32.716133     2.2208 0.0000e+00
   3675.000  32.714740     2.2217 0.0000e+00
   3670.000  32.713860     2.2232 0.0000e+00
   3665.000  32.713231     2.2249 0.0000e+00
   3660.000  32.712220     2.2263 0.0000e+00
   3655.000  32.710591     2.2270 0.0000e+00
   3650.000  32.710608     2.2294 0.0000e+00
   3645.000  32.709657     2.2308 0.0000e+00
   3640.000  32.708856     2.2325 0.0000e+00
   3635.000  32.708793     2.2348 0.0000e+00
   3630.000  32.708180     2.2366 0.0000e+00
   3625.000  32.707506     2.2383 0.0000e+00
   3620.000  32.707374     2.2406 0.0000e+00
   3615.000  32.705829     2.2413 0.0000e+00
   3610.000  32.705692     2.2436 0.0000e+00
   3605.000  32.703865     2.2441 0.0000e+00
   3600.000  32.702962     2.2456 0.0000e+00
   3595.000  32.702545     2.2476 0.0000e+00
   3590.000  32.702073     2.2495 0.0000e+00
   3585.000  32.700070     2.2499 0.0000e+00
   3580.000  32.699171     2.2514 0.0000e+00
   3575.000  32.698366     2.2530 0.0000e+00
   3570.000  32.696695     2.2537 0.0000e+00
   3565.000  32.696660     2.2561 0.0000e+00
   3560.000  32.695828     2.2576 0.0000e+00
   3555.000  32.694933     2.2591 0.0000e+00
   3550.000  32.693317     2.2598 0.0000e+00
   3545.000  32.692515     2.2614 0.0000e+00
   3540.000  32.692205     2.2636 0.0000e+00
   3535.000  32.690504     2.2642 0.0000e+00
   3530.000  32.692739     2.2690 0.0000e+00
   3525.000  32.692105     2.2708 0.0000e+00
   3520.000  32.692422     2.2736 0.0000e+00
   3515.000  32.692148     2.2757 0.0000e+00
   3510.000  32.691101     2.2772 0.0000e+00
   3505.000  32.689723     2.2780 0.0000e+00
   3500.000  32.688885     2.2795 0.0000e+00
   3495.000  32.689460     2.2826 0.0000e+00
   3490.000  32.690273     2.2860 0.0000e+00
   3485.000  32.690517     2.2885 0.0000e+00
   3480.000  32.690400     2.2907 0.0000e+00
   3475.000  32.691049     2.2938 0.0000e+00
   3470.000  32.691378     2.2966 0.0000e+00
   3465.000  32.690982     2.2986 0.0000e+00
   3460.000  32.690808     2.3008 0.0000e+00
   3455.000  32.692610     2.3052 0.0000e+00
   3450.000  32.692364     2.3073 0.0000e+00
   3445.000  32.691397     2.3087 0.0000e+00
   3440.000  32.690637     2.3104 0.0000e+00
   3435.000  32.690531     2.3127 0.0000e+00
   3430.000  32.691874     2.3166 0.0000e+00
   3425.000  32.691926     2.3190 0.0000e+00
   3420.000  32.690889     2.3204 0.0000e+00
   3415.000  32.691173     2.3231 0.0000e+00
   3410.000  32.690104     2.3244 0.0000e+00
   3405.000  32.689664     2.3263 0.0000e+00
   3400.000  32.689500     2.3286 0.0000e+00
   3395.000  32.691111     2.3328 0.0000e+00
   3390.000  32.692122     2.3361 0.0000e+00
   3385.000  32.692770     2.3393 0.0000e+00
   3380.000  32.692178     2.3411 0.0000e+00
   3375.000  32.691031     2.3423 0.0000e+00
   3370.000  32.690156     2.3438 0.0000e+00
   3365.000  32.689481     2.3457 0.0000e+00
   3360.000  32.688684     2.3472 0.0000e+00
   3355.000  32.689479     2.3506 0.0000e+00
